,sequence,MatchId,Speaker,category,Target.vowelCluster.end,Target.vowelCluster.start,URL,duration,duration_ms,log_duration_ms,notes,error
534,ea,g_14;em_12_1134;n_31768-n_31769;p_19;#=ew_69_151932;prefix=03227-;[0]=ew_0_9797,K002M,PresentElder,256.761,254.971,https://labbcat.canterbury.ac.nz/maonze/transcript?ag_id=14#ew_0_9797,1.79,1790,7.489970899,forced aligner error,y
5420,oa,g_1635;em_12_132817;n_135058-n_135059;p_288;#=ew_69_195430;prefix=44069-;[0]=ew_0_940332,L2H03M,L2,26.479,24.789,https://labbcat.canterbury.ac.nz/maonze/transcript?ag_id=1635#ew_0_940332,1.69,1690,7.432483808,forced aligner error,y
1659,ea,g_466;em_12_170026;n_3622264-n_4016654;p_120;#=ew_69_165624;prefix=16043-;[0]=ew_0_1091608,K008M,PresentElder,296.2130001,294.613,https://labbcat.canterbury.ac.nz/maonze/transcript?ag_id=466#ew_0_1091608,1.6000001,1600.0001,7.377758971,forced aligner error,y
2694,ea,g_97;em_12_162881;n_6281904-n_6282094;p_41;#=ew_69_163359;prefix=12729-;[0]=ew_0_1272455,K007M,PresentElder,225.179,223.839,https://labbcat.canterbury.ac.nz/maonze/transcript?ag_id=97#ew_0_1272455,1.34,1340,7.200424893,forced aligner error,y
2805,ea,g_985;em_12_93864;n_7042945-n_106949;p_182;#=ew_69_226334;prefix=72698-;[0]=ew_0_609926,R005M,PresentElder,183.888,182.598,https://labbcat.canterbury.ac.nz/maonze/transcript?ag_id=985#ew_0_609926,1.29,1290,7.162397497,forced aligner error,y
5451,oa,g_1653;em_12_134117;n_136140-n_27253;p_300;#=ew_69_194669;prefix=43061-;[0]=ew_0_948948,L2H02M,L2,61.055,59.855,https://labbcat.canterbury.ac.nz/maonze/transcript?ag_id=1653#ew_0_948948,1.2,1200,7.090076836,forced aligner error,y
1658,ea,g_465;em_12_47947;n_8010-n_6953189;p_120;#=ew_69_165685;prefix=15778-;[0]=ew_0_299917,K008M,PresentElder,143.697,142.617,https://labbcat.canterbury.ac.nz/maonze/transcript?ag_id=465#ew_0_299917,1.08,1080,6.98471632,forced aligner error,y
4942,oa,g_101;em_12_7054;n_36898-n_36899;p_41;#=ew_69_162989;prefix=13618-;[0]=ew_0_69547,K007M,PresentElder,155.791,154.741,https://labbcat.canterbury.ac.nz/maonze/transcript?ag_id=101#ew_0_69547,1.05,1050,6.956545443,forced aligner error,y
5953,oa,g_368;em_12_35701;n_4465189-n_59530;p_92;#=ew_69_212616;prefix=60433-;[0]=ew_0_1116908,MU04M,Historical,73.096,72.076,https://labbcat.canterbury.ac.nz/maonze/transcript?ag_id=368#ew_0_1116908,1.02,1020,6.927557906,forced aligner error,y
858,ea,g_1671;em_12_135017;n_136809-n_6399586;p_302;#=ew_69_198760;prefix=47011-;[0]=ew_0_1277148,L2H04M,L2,55.583,54.633,https://labbcat.canterbury.ac.nz/maonze/transcript?ag_id=1671#ew_0_1277148,0.95,950,6.856461985,,
10519,ua,g_968;em_12_92832;n_106215-n_106216;p_183;#=ew_69_223298;prefix=70298-;[0]=ew_0_601629,R003M,PresentElder,294.698,293.778,https://labbcat.canterbury.ac.nz/maonze/transcript?ag_id=968#ew_0_601629,0.92,920,6.82437367,,
3981,ia,g_372;em_12_36460;n_60276-n_4459081;p_92;#=ew_69_213807;prefix=61280-;[0]=ew_0_241305,MU04M,Historical,378.139,377.229,https://labbcat.canterbury.ac.nz/maonze/transcript?ag_id=372#ew_0_241305,0.91,910,6.8134446,forced aligner error,y
3438,ia,g_1625;em_12_132322;n_134673-n_134674;p_299;#=ew_69_192490;prefix=41435-;[0]=ew_0_937072,L2H01M,L2,133.656,132.756,https://labbcat.canterbury.ac.nz/maonze/transcript?ag_id=1625#ew_0_937072,0.9,900,6.802394763,,
1636,ea,g_459;em_12_47376;n_69575-n_69576;p_112;#=ew_69_161780;prefix=12128-;[0]=ew_0_296808,K006M,PresentElder,179.811,178.941,https://labbcat.canterbury.ac.nz/maonze/transcript?ag_id=459#ew_0_296808,0.87,870,6.768493212,,
6283,oa,g_635;em_12_66485;n_85889-n_85890;p_145;#=ew_69_200767;prefix=49075-;[0]=ew_0_404610,L2Y01M,L2,296.471,295.611,https://labbcat.canterbury.ac.nz/maonze/transcript?ag_id=635#ew_0_404610,0.86,860,6.756932389,forced aligner error,y
8784,ua,g_343;em_12_33558;n_57759-n_57760;p_85;#=ew_69_185416;prefix=34590-;[0]=ew_0_225087,L1Y02M,L1,131.107,130.267,https://labbcat.canterbury.ac.nz/maonze/transcript?ag_id=343#ew_0_225087,0.84,840,6.733401892,,
3937,ia,g_342;em_12_33509;n_7087341-n_57718;p_85;#=ew_69_184882;prefix=34062-;[0]=ew_0_224433,L1Y02M,L1,11.677,10.837,https://labbcat.canterbury.ac.nz/maonze/transcript?ag_id=342#ew_0_224433,0.84,840,6.733401892,forced aligner error,y
8850,ua,g_368;em_12_35700;n_59519-n_4458835;p_92;#=ew_69_212583;prefix=60403-;[0]=ew_0_1122799,MU04M,Historical,35.419,34.579,https://labbcat.canterbury.ac.nz/maonze/transcript?ag_id=368#ew_0_1122799,0.84,840,6.733401892,forced aligner error,y
5410,oa,g_1626;em_12_132401;n_134729-n_134730;p_299;#=ew_69_192849;prefix=41562-;[0]=ew_0_937609,L2H01M,L2,171.727,170.907,https://labbcat.canterbury.ac.nz/maonze/transcript?ag_id=1626#ew_0_937609,0.82,820,6.70930434,forced aligner error,y
9595,ua,g_640;em_12_149583;n_3953681-n_3953796;p_145;#=ew_69_201751;prefix=49815-;[0]=ew_0_1108679,L2Y01M,L2,164.15,163.34,https://labbcat.canterbury.ac.nz/maonze/transcript?ag_id=640#ew_0_1108679,0.81,810,6.697034248,forced aligner error,y
8849,ua,g_368;em_12_35693;n_59521-n_59522;p_92;#=ew_69_212592;prefix=60412-;[0]=ew_0_1122819,MU04M,Historical,44.711,43.921,https://labbcat.canterbury.ac.nz/maonze/transcript?ag_id=368#ew_0_1122819,0.79,790,6.672032945,forced aligner error,y
1722,ea,g_483;em_12_49661;n_71484-n_71485;p_121;#=ew_69_168376;prefix=18832-;[0]=ew_0_311063,K009M,PresentElder,278.776,277.996,https://labbcat.canterbury.ac.nz/maonze/transcript?ag_id=483#ew_0_311063,0.78,780,6.65929392,forced aligner error,y
4897,ia,g_988;em_12_93983;n_107049-n_107050;p_182;#=ew_69_225734;prefix=73200-;[0]=ew_0_611451,R005M,PresentElder,117.711,116.941,https://labbcat.canterbury.ac.nz/maonze/transcript?ag_id=988#ew_0_611451,0.77,770,6.646390515,,
621,ea,g_1537;em_12_126826;n_25563-n_25564;p_200;#=ew_69_216109;prefix=63654-;[0]=ew_0_895005,MU08M,Historical,146.035,145.275,https://labbcat.canterbury.ac.nz/maonze/transcript?ag_id=1537#ew_0_895005,0.76,760,6.633318433,,
2588,ea,g_947;em_12_91651;n_105328-n_105329;p_181;#=ew_69_220788;prefix=67304-;[0]=ew_0_589552,R002M,PresentElder,175.933,175.203,https://labbcat.canterbury.ac.nz/maonze/transcript?ag_id=947#ew_0_589552,0.73,730,6.593044534,,
1215,ea,g_1947;em_12_166058;n_6850295-n_6850313;p_121;#=ew_69_168570;prefix=18358-;[0]=ew_0_1298922,K009M,PresentElder,60.33,59.61,https://labbcat.canterbury.ac.nz/maonze/transcript?ag_id=1947#ew_0_1298922,0.72,720,6.579251212,,
7826,ua,g_1637;em_12_132971;n_135203-n_135204;p_288;#=ew_69_195837;prefix=44354-;[0]=ew_0_940947,L2H03M,L2,97.384,96.664,https://labbcat.canterbury.ac.nz/maonze/transcript?ag_id=1637#ew_0_940947,0.72,720,6.579251212,,
1045,ea,g_1883;em_12_155050;n_5259277-n_5259291;p_334;#=ew_69_237096;prefix=83370-;[0]=ew_0_1170380,R011M,PresentElder,242.136,241.416,https://labbcat.canterbury.ac.nz/maonze/transcript?ag_id=1883#ew_0_1170380,0.72,720,6.579251212,forced aligner error,y
541,ea,g_1512;em_12_125544;n_25170-n_25171;p_276;#=ew_69_242320;prefix=88385-;[0]=ew_0_881281,WU03M,Historical,125.433,124.723,https://labbcat.canterbury.ac.nz/maonze/transcript?ag_id=1512#ew_0_881281,0.71,710,6.56526497,forced aligner error,y
8013,ua,g_1668;em_12_134930;n_136741-n_136742;p_302;#=ew_69_198393;prefix=46637-;[0]=ew_0_956526,L2H04M,L2,208.132,207.422,https://labbcat.canterbury.ac.nz/maonze/transcript?ag_id=1668#ew_0_956526,0.71,710,6.56526497,forced aligner error,y
397,ea,g_1233;em_12_111015;n_21287-n_5824656;p_249;#=ew_69_180790;prefix=29797-;[0]=ew_0_741425,L1H06M,L1,152.187,151.487,https://labbcat.canterbury.ac.nz/maonze/transcript?ag_id=1233#ew_0_741425,0.7,700,6.551080335,,
1789,ea,g_51;em_12_3716;n_34050-n_34051;p_32;#=ew_69_157481;prefix=07952-;[0]=ew_0_33983,K004M,PresentElder,220.52,219.82,https://labbcat.canterbury.ac.nz/maonze/transcript?ag_id=51#ew_0_33983,0.7,700,6.551080335,forced aligner error,y
1635,ea,g_459;em_12_47358;n_69557-n_69558;p_112;#=ew_69_161742;prefix=12090-;[0]=ew_0_296651,K006M,PresentElder,18.314,17.614,https://labbcat.canterbury.ac.nz/maonze/transcript?ag_id=459#ew_0_296651,0.7,700,6.551080335,,
9454,ua,g_623;em_12_65249;n_84792-n_84793;p_142;#=ew_69_183573;prefix=32519-;[0]=ew_0_395284,L1Y01M,L1,144.917,144.217,https://labbcat.canterbury.ac.nz/maonze/transcript?ag_id=623#ew_0_395284,0.7,700,6.551080335,forced aligner error,y
1581,ea,g_41;em_12_3313;n_4677642-n_33673;p_276;#=ew_69_242474;prefix=88514-;[0]=ew_0_27626,WU03M,Historical,175.207,174.517,https://labbcat.canterbury.ac.nz/maonze/transcript?ag_id=41#ew_0_27626,0.69,690,6.536691598,,
2164,ea,g_670;em_12_70676;n_89457-n_89458;p_148;#=ew_69_208555;prefix=56455-;[0]=ew_0_425200,L2Y05M,L2,218.658,217.968,https://labbcat.canterbury.ac.nz/maonze/transcript?ag_id=670#ew_0_425200,0.69,690,6.536691598,,
2345,ea,g_868;em_12_159530;n_5655842-n_5655685;p_168;#=ew_69_174216;prefix=23874-;[0]=ew_0_1220440,L1H02M,L1,256.954,256.264,https://labbcat.canterbury.ac.nz/maonze/transcript?ag_id=868#ew_0_1220440,0.69,690,6.536691598,forced aligner error,y
1538,ea,g_370;em_12_36018;n_59843-n_59844;p_92;#=ew_69_213955;prefix=60920-;[0]=ew_0_239096,MU04M,Historical,155.739,155.059,https://labbcat.canterbury.ac.nz/maonze/transcript?ag_id=370#ew_0_239096,0.68,680,6.522092798,forced aligner error,y
5992,oa,g_375;em_12_37023;n_60830-n_60831;p_92;#=ew_69_213428;prefix=61635-;[0]=ew_0_243070,MU04M,Historical,270.229,269.549,https://labbcat.canterbury.ac.nz/maonze/transcript?ag_id=375#ew_0_243070,0.68,680,6.522092798,forced aligner error,y
422,ea,g_1239;em_12_111445;n_21675-n_21676;p_249;#=ew_69_180675;prefix=30307-;[0]=ew_0_744941,L1H06M,L1,189.186,188.516,https://labbcat.canterbury.ac.nz/maonze/transcript?ag_id=1239#ew_0_744941,0.67,670,6.507277712,,
5370,oa,g_1537;em_12_126832;n_25567-n_25568;p_200;#=ew_69_216114;prefix=63659-;[0]=ew_0_895073,MU08M,Historical,171.615,170.945,https://labbcat.canterbury.ac.nz/maonze/transcript?ag_id=1537#ew_0_895073,0.67,670,6.507277712,,
10553,ua,g_971;em_12_92959;n_106335-n_106336;p_184;#=ew_69_223642;prefix=70644-;[0]=ew_0_602783,R004M,PresentElder,202.073,201.403,https://labbcat.canterbury.ac.nz/maonze/transcript?ag_id=971#ew_0_602783,0.67,670,6.507277712,forced aligner error,y
1213,ea,g_1947;em_12_166052;n_6850217-n_6850233;p_121;#=ew_69_168531;prefix=18341-;[0]=ew_0_1299304,K009M,PresentElder,34.482,33.812,https://labbcat.canterbury.ac.nz/maonze/transcript?ag_id=1947#ew_0_1299304,0.67,670,6.507277712,,
9804,ua,g_84;em_12_5701;n_35752-n_35753;p_37;#=ew_69_160856;prefix=11096-;[0]=ew_0_1092500,K005M,PresentElder,83.494,82.824,https://labbcat.canterbury.ac.nz/maonze/transcript?ag_id=84#ew_0_1092500,0.67,670,6.507277712,,
2419,ea,g_895;em_12_88504;n_102755-n_102756;p_174;#=ew_69_178048;prefix=28176-;[0]=ew_0_563913,L1H05M,L1,94.902,94.232,https://labbcat.canterbury.ac.nz/maonze/transcript?ag_id=895#ew_0_563913,0.67,670,6.507277712,forced aligner error,y
1101,ea,g_1904;em_12_163917;n_6809222-n_6809224;p_333;#=ew_69_239398;prefix=85666-;[0]=ew_0_1284172,R012M,PresentElder,12.091,11.421,https://labbcat.canterbury.ac.nz/maonze/transcript?ag_id=1904#ew_0_1284172,0.67,670,6.507277712,forced aligner error,y
8785,ua,g_343;em_12_33558;n_57759-n_57760;p_85;#=ew_69_185417;prefix=34591-;[0]=ew_0_225088,L1Y02M,L1,132.697,132.037,https://labbcat.canterbury.ac.nz/maonze/transcript?ag_id=343#ew_0_225088,0.66,660,6.492239835,,
2567,ea,g_940;em_12_91322;n_105062-n_105063;p_179;#=ew_69_219298;prefix=66494-;[0]=ew_0_586728,R001M,PresentElder,175.507,174.857,https://labbcat.canterbury.ac.nz/maonze/transcript?ag_id=940#ew_0_586728,0.65,650,6.476972363,,
3426,ia,g_1622;em_12_132108;n_134524-n_134525;p_299;#=ew_69_191787;prefix=41120-;[0]=ew_0_935648,L2H01M,L2,169.969,169.319,https://labbcat.canterbury.ac.nz/maonze/transcript?ag_id=1622#ew_0_935648,0.65,650,6.476972363,,
1661,ea,g_466;em_12_48054;n_70085-n_70086;p_120;#=ew_69_165489;prefix=15941-;[0]=ew_0_300545,K008M,PresentElder,100.582,99.942,https://labbcat.canterbury.ac.nz/maonze/transcript?ag_id=466#ew_0_300545,0.64,640,6.461468176,forced aligner error,y
7477,ua,g_1373;em_12_118296;n_123842-n_123843;p_287;#=ew_69_227527;prefix=74508-;[0]=ew_0_814728,R006M,PresentElder,66.632,65.992,https://labbcat.canterbury.ac.nz/maonze/transcript?ag_id=1373#ew_0_814728,0.64,640,6.461468176,forced aligner error,y
3284,ia,g_1373;em_12_118326;n_7045941-n_123871;p_287;#=ew_69_227732;prefix=74612-;[0]=ew_0_815117,R006M,PresentElder,223.551,222.911,https://labbcat.canterbury.ac.nz/maonze/transcript?ag_id=1373#ew_0_815117,0.64,640,6.461468176,,
847,ea,g_1669;em_12_134975;n_136776-n_30572;p_302;#=ew_69_198663;prefix=46846-;[0]=ew_0_957218,L2H04M,L2,255.08,254.45,https://labbcat.canterbury.ac.nz/maonze/transcript?ag_id=1669#ew_0_957218,0.63,630,6.445719819,,
10424,ua,g_949;em_12_91739;n_6521878-n_105402;p_181;#=ew_69_220569;prefix=67623-;[0]=ew_0_590792,R002M,PresentElder,179.497,178.867,https://labbcat.canterbury.ac.nz/maonze/transcript?ag_id=949#ew_0_590792,0.63,630,6.445719819,forced aligner error,y
7279,ua,g_1198;em_12_108406;n_117222-n_117223;p_244;#=ew_69_242652;prefix=88703-;[0]=ew_0_722922,WU04M,Historical,46.59875,45.96875,https://labbcat.canterbury.ac.nz/maonze/transcript?ag_id=1198#ew_0_722922,0.63,630,6.445719819,forced aligner error,y
4024,ia,g_386;em_12_39228;n_63023-n_7024850;p_95;#=ew_69_215751;prefix=62815-;[0]=ew_0_248881,MU06M,Historical,146.209,145.579,https://labbcat.canterbury.ac.nz/maonze/transcript?ag_id=386#ew_0_248881,0.63,630,6.445719819,forced aligner error,y
1637,ea,g_460;em_12_159649;n_5716670-n_5716678;p_112;#=ew_69_162086;prefix=12231-;[0]=ew_0_1221437,K006M,PresentElder,220.82,220.2,https://labbcat.canterbury.ac.nz/maonze/transcript?ag_id=460#ew_0_1221437,0.62,620,6.429719478,,
954,ea,g_1840;em_12_149010;n_3847843-n_3847858;p_49;#=ew_69_204750;prefix=52447-;[0]=ew_0_1101076,L2Y03M,L2,329.445,328.825,https://labbcat.canterbury.ac.nz/maonze/transcript?ag_id=1840#ew_0_1101076,0.62,620,6.429719478,forced aligner error,y
6063,oa,g_469;em_12_48457;n_70452-n_70453;p_120;#=ew_69_166307;prefix=16369-;[0]=ew_0_302413,K008M,PresentElder,30.792,30.172,https://labbcat.canterbury.ac.nz/maonze/transcript?ag_id=469#ew_0_302413,0.62,620,6.429719478,forced aligner error,y
7860,ua,g_1642;em_12_133298;n_135507-n_135508;p_288;#=ew_69_196420;prefix=45045-;[0]=ew_0_943477,L2H03M,L2,105.18,104.57,https://labbcat.canterbury.ac.nz/maonze/transcript?ag_id=1642#ew_0_943477,0.61,610,6.413458957,,
50,ea,g_1019;em_12_95971;n_17072-n_7048307;p_188;#=ew_69_230292;prefix=77276-;[0]=ew_0_628824,R007M,PresentElder,59.58,58.97,https://labbcat.canterbury.ac.nz/maonze/transcript?ag_id=1019#ew_0_628824,0.61,610,6.413458957,,
2296,ea,g_858;em_12_86095;n_101076-n_101077;p_167;#=ew_69_172160;prefix=22163-;[0]=ew_0_546116,L1H01M,L1,86.528,85.918,https://labbcat.canterbury.ac.nz/maonze/transcript?ag_id=858#ew_0_546116,0.61,610,6.413458957,,
9567,ua,g_636;em_12_66524;n_10553-n_85920;p_145;#=ew_69_201332;prefix=49147-;[0]=ew_0_404907,L2Y01M,L2,72.24,71.63,https://labbcat.canterbury.ac.nz/maonze/transcript?ag_id=636#ew_0_404907,0.61,610,6.413458957,,
1580,ea,g_41;em_12_3311;n_33670-n_33671;p_276;#=ew_69_242465;prefix=88505-;[0]=ew_0_1131186,WU03M,Historical,149.477,148.877,https://labbcat.canterbury.ac.nz/maonze/transcript?ag_id=41#ew_0_1131186,0.6,600,6.396929655,,
3217,ia,g_1205;em_12_109266;n_118065-n_118066;p_244;#=ew_69_244592;prefix=89934-;[0]=ew_0_727549,WU04M,Historical,224.541,223.941,https://labbcat.canterbury.ac.nz/maonze/transcript?ag_id=1205#ew_0_727549,0.6,600,6.396929655,,
7835,ua,g_1638;em_12_133050;n_135277-n_135278;p_288;#=ew_69_195816;prefix=44520-;[0]=ew_0_941503,L2H03M,L2,93.518,92.918,https://labbcat.canterbury.ac.nz/maonze/transcript?ag_id=1638#ew_0_941503,0.6,600,6.396929655,,
5569,oa,g_1839;em_12_148928;n_3846790-n_3846803;p_49;#=ew_69_204162;prefix=52258-;[0]=ew_0_1100188,L2Y03M,L2,226.547,225.947,https://labbcat.canterbury.ac.nz/maonze/transcript?ag_id=1839#ew_0_1100188,0.6,600,6.396929655,forced aligner error,y
2611,ea,g_949;em_12_91755;n_105417-n_6521890;p_181;#=ew_69_220712;prefix=67698-;[0]=ew_0_591034,R002M,PresentElder,284.045,283.455,https://labbcat.canterbury.ac.nz/maonze/transcript?ag_id=949#ew_0_591034,0.59,590,6.380122537,,
657,ea,g_1621;em_12_132051;n_134478-n_134479;p_299;#=ew_69_191926;prefix=41053-;[0]=ew_0_935290,L2H01M,L2,255.727,255.137,https://labbcat.canterbury.ac.nz/maonze/transcript?ag_id=1621#ew_0_935290,0.59,590,6.380122537,,
6329,oa,g_666;em_12_70530;n_89323-n_89324;p_148;#=ew_69_207731;prefix=55762-;[0]=ew_0_422610,L2Y05M,L2,212,211.41,https://labbcat.canterbury.ac.nz/maonze/transcript?ag_id=666#ew_0_422610,0.59,590,6.380122537,,
10007,ua,g_880;em_12_87635;n_102150-n_102151;p_169;#=ew_69_175471;prefix=24966-;[0]=ew_0_557142,L1H03M,L1,126.212,125.622,https://labbcat.canterbury.ac.nz/maonze/transcript?ag_id=880#ew_0_557142,0.59,590,6.380122537,,
10388,ua,g_946;em_12_91604;n_105282-n_105283;p_181;#=ew_69_220073;prefix=67133-;[0]=ew_0_588891,R002M,PresentElder,137.422,136.832,https://labbcat.canterbury.ac.nz/maonze/transcript?ag_id=946#ew_0_588891,0.59,590,6.380122537,,
1521,ea,g_369;em_12_35890;n_59716-n_59717;p_92;#=ew_69_213060;prefix=60648-;[0]=ew_0_238308,MU04M,Historical,140.288,139.708,https://labbcat.canterbury.ac.nz/maonze/transcript?ag_id=369#ew_0_238308,0.58,580,6.363028104,forced aligner error,y
3938,ia,g_344;em_12_33571;n_57769-n_57770;p_85;#=ew_69_183974;prefix=33417-;[0]=ew_0_225257,L1Y02M,L1,21.14,20.56,https://labbcat.canterbury.ac.nz/maonze/transcript?ag_id=344#ew_0_225257,0.58,580,6.363028104,,
7661,ua,g_1528;em_12_126303;n_130316-n_130317;p_287;#=ew_69_229337;prefix=76004-;[0]=ew_0_889835,R006M,PresentElder,15.374,14.794,https://labbcat.canterbury.ac.nz/maonze/transcript?ag_id=1528#ew_0_889835,0.58,580,6.363028104,,
6451,oa,g_887;em_12_88111;n_6965193-n_102418;p_169;#=ew_69_175957;prefix=25537-;[0]=ew_0_559854,L1H03M,L1,49.067,48.487,https://labbcat.canterbury.ac.nz/maonze/transcript?ag_id=887#ew_0_559854,0.58,580,6.363028104,forced aligner error,y
6905,ua,g_1038;em_12_163774;n_6745988-n_6745993;p_193;#=ew_69_235571;prefix=81694-;[0]=ew_0_1283247,R010M,PresentElder,262.482,261.912,https://labbcat.canterbury.ac.nz/maonze/transcript?ag_id=1038#ew_0_1283247,0.57,570,6.345636361,,
4628,ia,g_893;em_12_88413;n_102679-n_102680;p_174;#=ew_69_179530;prefix=28532-;[0]=ew_0_562780,L1H05M,L1,126.965,126.395,https://labbcat.canterbury.ac.nz/maonze/transcript?ag_id=893#ew_0_562780,0.57,570,6.345636361,,
5978,oa,g_374;em_12_150167;n_60469-n_60471;p_92;#=ew_69_213440;prefix=61311-;[0]=ew_0_1116648,MU04M,Historical,10.734,10.164,https://labbcat.canterbury.ac.nz/maonze/transcript?ag_id=374#ew_0_1116648,0.57,570,6.345636361,,
8717,ua,g_330;em_12_33201;n_57466-n_57467;p_85;#=ew_69_185283;prefix=34403-;[0]=ew_0_220328,L1Y02M,L1,51.32,50.75,https://labbcat.canterbury.ac.nz/maonze/transcript?ag_id=330#ew_0_220328,0.57,570,6.345636361,,
10432,ua,g_951;em_12_163281;n_6522050-n_6522054;p_181;#=ew_69_220016;prefix=67892-;[0]=ew_0_1278138,R002M,PresentElder,53.572,53.002,https://labbcat.canterbury.ac.nz/maonze/transcript?ag_id=951#ew_0_1278138,0.57,570,6.345636361,,
1221,ea,g_21;em_12_1702;n_32320-n_32321;p_19;#=ew_69_153001;prefix=03841-;[0]=ew_0_14629,K002M,PresentElder,7.835,7.265,https://labbcat.canterbury.ac.nz/maonze/transcript?ag_id=21#ew_0_14629,0.57,570,6.345636361,forced aligner error,y
1728,ea,g_485;em_12_49736;n_71555-n_6176292;p_121;#=ew_69_168194;prefix=19076-;[0]=ew_0_311939,K009M,PresentElder,26.298,25.728,https://labbcat.canterbury.ac.nz/maonze/transcript?ag_id=485#ew_0_311939,0.57,570,6.345636361,,
2624,ea,g_951;em_12_91818;n_105462-n_105463;p_181;#=ew_69_220001;prefix=67887-;[0]=ew_0_591786,R002M,PresentElder,41.026,40.466,https://labbcat.canterbury.ac.nz/maonze/transcript?ag_id=951#ew_0_591786,0.56,560,6.327936784,,
3238,ia,g_1212;em_12_109806;n_4689544-n_118535;p_244;#=ew_69_244795;prefix=90884-;[0]=ew_0_731115,WU04M,Historical,124.027,123.467,https://labbcat.canterbury.ac.nz/maonze/transcript?ag_id=1212#ew_0_731115,0.56,560,6.327936784,,
7616,ua,g_1522;em_12_126086;n_130125-n_130126;p_287;#=ew_69_228477;prefix=75087-;[0]=ew_0_886491,R006M,PresentElder,180.508,179.948,https://labbcat.canterbury.ac.nz/maonze/transcript?ag_id=1522#ew_0_886491,0.56,560,6.327936784,,
7920,ua,g_1651;em_12_133989;n_136056-n_136057;p_300;#=ew_69_194129;prefix=42875-;[0]=ew_0_948248,L2H02M,L2,226.229,225.669,https://labbcat.canterbury.ac.nz/maonze/transcript?ag_id=1651#ew_0_948248,0.56,560,6.327936784,,
3531,ia,g_1666;em_12_134842;n_136662-n_6399029;p_302;#=ew_69_197914;prefix=46372-;[0]=ew_0_1276962,L2H04M,L2,197.384,196.824,https://labbcat.canterbury.ac.nz/maonze/transcript?ag_id=1666#ew_0_1276962,0.56,560,6.327936784,,
921,ea,g_1688;em_12_136074;n_137545-n_137546;p_307;#=ew_69_200032;prefix=48078-;[0]=ew_0_965934,L2H05M,L2,157.197,156.647,https://labbcat.canterbury.ac.nz/maonze/transcript?ag_id=1688#ew_0_965934,0.55,550,6.309918278,,
5805,oa,g_22;em_12_1847;n_32464-n_32465;p_19;#=ew_69_153585;prefix=04194-;[0]=ew_0_15808,K002M,PresentElder,224.805,224.255,https://labbcat.canterbury.ac.nz/maonze/transcript?ag_id=22#ew_0_15808,0.55,550,6.309918278,forced aligner error,y
5421,oa,g_1635;em_12_132826;n_135067-n_135068;p_288;#=ew_69_195474;prefix=44097-;[0]=ew_0_940421,L2H03M,L2,67.556,67.006,https://labbcat.canterbury.ac.nz/maonze/transcript?ag_id=1635#ew_0_940421,0.55,550,6.309918278,,
8289,ua,g_1898;em_12_156029;n_5274936-n_5274948;p_333;#=ew_69_238199;prefix=84934-;[0]=ew_0_1183319,R012M,PresentElder,92.291,91.741,https://labbcat.canterbury.ac.nz/maonze/transcript?ag_id=1898#ew_0_1183319,0.55,550,6.309918278,,
9625,ua,g_645;em_12_67175;n_86385-n_86386;p_145;#=ew_69_201974;prefix=50172-;[0]=ew_0_411543,L2Y01M,L2,94.477,93.927,https://labbcat.canterbury.ac.nz/maonze/transcript?ag_id=645#ew_0_411543,0.55,550,6.309918278,forced aligner error,y
2153,ea,g_669;em_12_70645;n_89427-n_89428;p_148;#=ew_69_208889;prefix=56331-;[0]=ew_0_424621,L2Y05M,L2,241.267,240.717,https://labbcat.canterbury.ac.nz/maonze/transcript?ag_id=669#ew_0_424621,0.55,550,6.309918278,,
6148,oa,g_53;em_12_3784;n_34116-n_34117;p_32;#=ew_69_157701;prefix=08302-;[0]=ew_0_35247,K004M,PresentElder,56.896,56.356,https://labbcat.canterbury.ac.nz/maonze/transcript?ag_id=53#ew_0_35247,0.54,540,6.29156914,forced aligner error,y
1548,ea,g_374;em_12_36842;n_4459408-n_60651;p_92;#=ew_69_213606;prefix=61468-;[0]=ew_0_1123356,MU04M,Historical,280.709,280.179,https://labbcat.canterbury.ac.nz/maonze/transcript?ag_id=374#ew_0_1123356,0.53,530,6.272877007,forced aligner error,y
10438,ua,g_951;em_12_91850;n_105486-n_105487;p_181;#=ew_69_220364;prefix=67992-;[0]=ew_0_592252,R002M,PresentElder,244.094,243.564,https://labbcat.canterbury.ac.nz/maonze/transcript?ag_id=951#ew_0_592252,0.53,530,6.272877007,,
1735,ea,g_489;em_12_50349;n_72009-n_72010;p_122;#=ew_69_170217;prefix=19549-;[0]=ew_0_314757,K010M,PresentElder,279.046,278.516,https://labbcat.canterbury.ac.nz/maonze/transcript?ag_id=489#ew_0_314757,0.53,530,6.272877007,,
7558,ua,g_15;em_12_1196;n_31824-n_31825;p_19;#=ew_69_151429;prefix=02120-;[0]=ew_0_10316,K002M,PresentElder,169.424,168.904,https://labbcat.canterbury.ac.nz/maonze/transcript?ag_id=15#ew_0_10316,0.52,520,6.253828812,,
7834,ua,g_1638;em_12_133044;n_135273-n_135274;p_288;#=ew_69_195801;prefix=44512-;[0]=ew_0_941465,L2H03M,L2,70.766,70.246,https://labbcat.canterbury.ac.nz/maonze/transcript?ag_id=1638#ew_0_941465,0.52,520,6.253828812,,
6093,oa,g_483;em_12_49553;n_8207-n_71401;p_121;#=ew_69_168118;prefix=18687-;[0]=ew_0_310553,K009M,PresentElder,50.676,50.156,https://labbcat.canterbury.ac.nz/maonze/transcript?ag_id=483#ew_0_310553,0.52,520,6.253828812,,
1328,ea,g_309;em_12_30110;n_5502-n_54891;p_81;#=ew_69_185922;prefix=35780-;[0]=ew_0_208123,L1Y03M,L1,77.163,76.643,https://labbcat.canterbury.ac.nz/maonze/transcript?ag_id=309#ew_0_208123,0.52,520,6.253828812,,
6150,oa,g_55;em_12_162009;n_6214551-n_6214552;p_32;#=ew_69_158694;prefix=08941-;[0]=ew_0_1259887,K004M,PresentElder,127.207,126.687,https://labbcat.canterbury.ac.nz/maonze/transcript?ag_id=55#ew_0_1259887,0.52,520,6.253828812,forced aligner error,y
6302,oa,g_645;em_12_67198;n_86408-n_86409;p_145;#=ew_69_202089;prefix=50267-;[0]=ew_0_411862,L2Y01M,L2,251.683,251.163,https://labbcat.canterbury.ac.nz/maonze/transcript?ag_id=645#ew_0_411862,0.52,520,6.253828812,,
2810,ea,g_987;em_12_93952;n_107024-n_107025;p_182;#=ew_69_226439;prefix=73081-;[0]=ew_0_611067,R005M,PresentElder,216.688,216.168,https://labbcat.canterbury.ac.nz/maonze/transcript?ag_id=987#ew_0_611067,0.52,520,6.253828812,forced aligner error,y
8311,ua,g_19;em_12_1569;n_32189-n_32190;p_19;#=ew_69_152946;prefix=03053-;[0]=ew_0_13719,K002M,PresentElder,379.982,379.472,https://labbcat.canterbury.ac.nz/maonze/transcript?ag_id=19#ew_0_13719,0.51,510,6.234410726,forced aligner error,y
923,ea,g_1688;em_12_136075;n_137546-n_137547;p_307;#=ew_69_200038;prefix=48080-;[0]=ew_0_965939,L2H05M,L2,159.372,158.862,https://labbcat.canterbury.ac.nz/maonze/transcript?ag_id=1688#ew_0_965939,0.51,510,6.234410726,,
936,ea,g_1754;em_12_140202;n_140844-n_140845;p_318;#=ew_69_231912;prefix=78488-;[0]=ew_0_1004508,R008M,PresentElder,154.186,153.676,https://labbcat.canterbury.ac.nz/maonze/transcript?ag_id=1754#ew_0_1004508,0.51,510,6.234410726,,
3373,ia,g_1528;em_12_126324;n_130337-n_130338;p_287;#=ew_69_229432;prefix=76097-;[0]=ew_0_890146,R006M,PresentElder,154.835,154.325,https://labbcat.canterbury.ac.nz/maonze/transcript?ag_id=1528#ew_0_890146,0.51,510,6.234410726,,
295,ea,g_11;em_12_810;n_31456-n_31457;p_28;#=ew_69_149293;prefix=00329-;[0]=ew_0_7266,K001M,PresentElder,128.256,127.746,https://labbcat.canterbury.ac.nz/maonze/transcript?ag_id=11#ew_0_7266,0.51,510,6.234410726,forced aligner error,y
9013,ua,g_456;em_12_47061;n_7711-n_7712;p_112;#=ew_69_161539;prefix=11740-;[0]=ew_0_1210635,K006M,PresentElder,6.78,6.27,https://labbcat.canterbury.ac.nz/maonze/transcript?ag_id=456#ew_0_1210635,0.51,510,6.234410726,,
2797,ea,g_985;em_12_93832;n_16514-n_106923;p_182;#=ew_69_225957;prefix=72560-;[0]=ew_0_609548,R005M,PresentElder,4.69,4.18,https://labbcat.canterbury.ac.nz/maonze/transcript?ag_id=985#ew_0_609548,0.51,510,6.234410726,forced aligner error,y
5199,oa,g_1212;em_12_109794;n_118522-n_118523;p_244;#=ew_69_244747;prefix=90838-;[0]=ew_0_730966,WU04M,Historical,54.992,54.482,https://labbcat.canterbury.ac.nz/maonze/transcript?ag_id=1212#ew_0_730966,0.51,510,6.234410726,,
10033,ua,g_882;em_12_87805;n_102259-n_102260;p_169;#=ew_69_175923;prefix=25229-;[0]=ew_0_1225188,L1H03M,L1,236.446,235.936,https://labbcat.canterbury.ac.nz/maonze/transcript?ag_id=882#ew_0_1225188,0.51,510,6.234410726,,
370,ea,g_1211;em_12_109781;n_118512-n_20715;p_244;#=ew_69_245132;prefix=90802-;[0]=ew_0_730840,WU04M,Historical,247.475,246.975,https://labbcat.canterbury.ac.nz/maonze/transcript?ag_id=1211#ew_0_730840,0.5,500,6.214608098,,
780,ea,g_1656;em_12_134348;n_27331-n_136293;p_300;#=ew_69_194272;prefix=43399-;[0]=ew_0_950411,L2H02M,L2,31.543,31.043,https://labbcat.canterbury.ac.nz/maonze/transcript?ag_id=1656#ew_0_950411,0.5,500,6.214608098,,
1158,ea,g_1941;em_12_165462;n_6840335-n_6840341;p_112;#=ew_69_161813;prefix=11986-;[0]=ew_0_1294331,K006M,PresentElder,4.08,3.58,https://labbcat.canterbury.ac.nz/maonze/transcript?ag_id=1941#ew_0_1294331,0.5,500,6.214608098,,
2173,ea,g_671;em_12_70693;n_89471-n_89472;p_148;#=ew_69_208649;prefix=56545-;[0]=ew_0_425507,L2Y05M,L2,51.46,50.96,https://labbcat.canterbury.ac.nz/maonze/transcript?ag_id=671#ew_0_425507,0.5,500,6.214608098,,
3346,ia,g_14;em_12_1096;n_31730-n_31731;p_19;#=ew_69_151733;prefix=03126-;[0]=ew_0_9464,K002M,PresentElder,88.171,87.671,https://labbcat.canterbury.ac.nz/maonze/transcript?ag_id=14#ew_0_9464,0.5,500,6.214608098,,
7784,ua,g_1626;em_12_132383;n_134717-n_134718;p_299;#=ew_69_192761;prefix=41516-;[0]=ew_0_937474,L2H01M,L2,110.991,110.491,https://labbcat.canterbury.ac.nz/maonze/transcript?ag_id=1626#ew_0_937474,0.5,500,6.214608098,,
1237,ea,g_23;em_12_1907;n_32523-n_32524;p_19;#=ew_69_153076;prefix=04352-;[0]=ew_0_16281,K002M,PresentElder,92.995,92.495,https://labbcat.canterbury.ac.nz/maonze/transcript?ag_id=23#ew_0_16281,0.5,500,6.214608098,forced aligner error,y
894,ea,g_1679;em_12_135500;n_137192-n_137193;p_307;#=ew_69_199908;prefix=48218-;[0]=ew_0_961785,L2H05M,L2,158.181,157.691,https://labbcat.canterbury.ac.nz/maonze/transcript?ag_id=1679#ew_0_961785,0.49,490,6.194405391,,
2261,ea,g_854;em_12_85798;n_100802-n_100803;p_167;#=ew_69_171730;prefix=21521-;[0]=ew_0_543830,L1H01M,L1,103.334,102.844,https://labbcat.canterbury.ac.nz/maonze/transcript?ag_id=854#ew_0_543830,0.49,490,6.194405391,,
3627,ia,g_1856;em_12_150702;n_4612201-n_4612205;p_97;#=ew_69_215944;prefix=63332-;[0]=ew_0_1126454,MU07M,Historical,200.139,199.649,https://labbcat.canterbury.ac.nz/maonze/transcript?ag_id=1856#ew_0_1126454,0.49,490,6.194405391,,
6735,ua,g_1010;em_12_95439;n_16718-n_108323;p_188;#=ew_69_230216;prefix=76493-;[0]=ew_0_625097,R007M,PresentElder,198.568,198.078,https://labbcat.canterbury.ac.nz/maonze/transcript?ag_id=1010#ew_0_625097,0.49,490,6.194405391,,
7831,ua,g_1637;em_12_133006;n_135238-n_135239;p_288;#=ew_69_195986;prefix=44434-;[0]=ew_0_941193,L2H03M,L2,240.423,239.933,https://labbcat.canterbury.ac.nz/maonze/transcript?ag_id=1637#ew_0_941193,0.49,490,6.194405391,,
9020,ua,g_459;em_12_47384;n_69583-n_69584;p_112;#=ew_69_161797;prefix=12145-;[0]=ew_0_1209347,K006M,PresentElder,253.912,253.422,https://labbcat.canterbury.ac.nz/maonze/transcript?ag_id=459#ew_0_1209347,0.49,490,6.194405391,,
10622,ua,g_984;em_12_93829;n_106920-n_106921;p_182;#=ew_69_225645;prefix=72551-;[0]=ew_0_609511,R005M,PresentElder,237.425,236.935,https://labbcat.canterbury.ac.nz/maonze/transcript?ag_id=984#ew_0_609511,0.49,490,6.194405391,,
6634,oa,g_977;em_12_93382;n_106618-n_106619;p_184;#=ew_69_224543;prefix=71502-;[0]=ew_0_605830,R004M,PresentElder,48.231,47.741,https://labbcat.canterbury.ac.nz/maonze/transcript?ag_id=977#ew_0_605830,0.49,490,6.194405391,,
6758,ua,g_1017;em_12_95864;n_16973-n_6670744;p_188;#=ew_69_230637;prefix=77073-;[0]=ew_0_627989,R007M,PresentElder,41.225,40.735,https://labbcat.canterbury.ac.nz/maonze/transcript?ag_id=1017#ew_0_627989,0.49,490,6.194405391,,
5593,oa,g_1845;em_12_149278;n_3851399-n_3851420;p_49;#=ew_69_204942;prefix=53023-;[0]=ew_0_1104091,L2Y03M,L2,33.25,32.76,https://labbcat.canterbury.ac.nz/maonze/transcript?ag_id=1845#ew_0_1104091,0.49,490,6.194405391,forced aligner error,y
2381,ea,g_880;em_12_87604;n_102133-n_15090;p_169;#=ew_69_175420;prefix=24926-;[0]=ew_0_556943,L1H03M,L1,19.208,18.718,https://labbcat.canterbury.ac.nz/maonze/transcript?ag_id=880#ew_0_556943,0.49,490,6.194405391,,
5054,oa,g_1043;em_12_97353;n_17595-n_109299;p_193;#=ew_69_235758;prefix=82355-;[0]=ew_0_644690,R010M,PresentElder,131.759,131.269,https://labbcat.canterbury.ac.nz/maonze/transcript?ag_id=1043#ew_0_644690,0.49,490,6.194405391,,
499,ea,g_1374;em_12_118358;n_123901-n_123902;p_284;#=ew_69_210395;prefix=58282-;[0]=ew_0_815497,MU01M,Historical,166.175,165.695,https://labbcat.canterbury.ac.nz/maonze/transcript?ag_id=1374#ew_0_815497,0.48,480,6.173786104,,
1020,ea,g_1849;em_12_149558;n_3855120-n_3855133;p_49;#=ew_69_205319;prefix=53593-;[0]=ew_0_1107239,L2Y03M,L2,518.145,517.665,https://labbcat.canterbury.ac.nz/maonze/transcript?ag_id=1849#ew_0_1107239,0.48,480,6.173786104,,
5296,oa,g_1396;em_12_119317;n_124772-n_124773;p_262;#=ew_69_249929;prefix=95635-;[0]=ew_0_826531,WU08M,Historical,154.586,154.106,https://labbcat.canterbury.ac.nz/maonze/transcript?ag_id=1396#ew_0_826531,0.48,480,6.173786104,,
9065,ua,g_469;em_12_48529;n_8073-n_6953860;p_120;#=ew_69_166394;prefix=16428-;[0]=ew_0_1090717,K008M,PresentElder,208.353,207.873,https://labbcat.canterbury.ac.nz/maonze/transcript?ag_id=469#ew_0_1090717,0.48,480,6.173786104,forced aligner error,y
5230,oa,g_13;em_12_993;n_31628-n_31629;p_19;#=ew_69_152549;prefix=03361-;[0]=ew_0_8761,K002M,PresentElder,77.467,76.987,https://labbcat.canterbury.ac.nz/maonze/transcript?ag_id=13#ew_0_8761,0.48,480,6.173786104,,
7074,ua,g_1076;em_12_99820;n_111013-n_111014;p_208;#=ew_69_246235;prefix=91941-;[0]=ew_0_662664,WU07M,Historical,118.403,117.923,https://labbcat.canterbury.ac.nz/maonze/transcript?ag_id=1076#ew_0_662664,0.48,480,6.173786104,,
2037,ea,g_633;em_12_66209;n_85660-n_85661;p_143;#=ew_69_202703;prefix=51702-;[0]=ew_0_402411,L2Y02M,L2,5.933,5.453,https://labbcat.canterbury.ac.nz/maonze/transcript?ag_id=633#ew_0_402411,0.48,480,6.173786104,,
315,ea,g_117;em_12_8502;n_38059-n_38060;p_43;#=ew_69_211603;prefix=58715-;[0]=ew_0_82516,MU02M,Historical,160.518,160.038,https://labbcat.canterbury.ac.nz/maonze/transcript?ag_id=117#ew_0_82516,0.48,480,6.173786104,,
875,ea,g_1675;em_12_135189;n_136937-n_136938;p_307;#=ew_69_200407;prefix=48686-;[0]=ew_0_959679,L2H05M,L2,115.341,114.861,https://labbcat.canterbury.ac.nz/maonze/transcript?ag_id=1675#ew_0_959679,0.48,480,6.173786104,,
1362,ea,g_318;em_12_149603;n_3956214-n_3956216;p_89;#=ew_69_187967;prefix=36899-;[0]=ew_0_1109898,L1Y04M,L1,200.165,199.685,https://labbcat.canterbury.ac.nz/maonze/transcript?ag_id=318#ew_0_1109898,0.48,480,6.173786104,,
5285,oa,g_1391;em_12_151930;n_4711957-n_4711961;p_262;#=ew_69_249236;prefix=95048-;[0]=ew_0_1134842,WU08M,Historical,160.243,159.763,https://labbcat.canterbury.ac.nz/maonze/transcript?ag_id=1391#ew_0_1134842,0.48,480,6.173786104,,
7716,ua,g_1550;em_12_127469;n_130946-n_25843;p_293;#=ew_69_216741;prefix=64160-;[0]=ew_0_900834,MU10M,Historical,145.999,145.519,https://labbcat.canterbury.ac.nz/maonze/transcript?ag_id=1550#ew_0_900834,0.48,480,6.173786104,,
3694,ia,g_19;em_12_1567;n_32187-n_32188;p_19;#=ew_69_152939;prefix=03047-;[0]=ew_0_13706,K002M,PresentElder,369.418,368.948,https://labbcat.canterbury.ac.nz/maonze/transcript?ag_id=19#ew_0_13706,0.47,470,6.152732695,forced aligner error,y
981,ea,g_1845;em_12_149318;n_3851927-n_3851939;p_49;#=ew_69_205038;prefix=53085-;[0]=ew_0_1104534,L2Y03M,L2,228.742,228.272,https://labbcat.canterbury.ac.nz/maonze/transcript?ag_id=1845#ew_0_1104534,0.47,470,6.152732695,,
1732,ea,g_488;em_12_50143;n_71872-n_71873;p_122;#=ew_69_169437;prefix=19414-;[0]=ew_0_313932,K010M,PresentElder,227.256,226.786,https://labbcat.canterbury.ac.nz/maonze/transcript?ag_id=488#ew_0_313932,0.47,470,6.152732695,,
2274,ea,g_855;em_12_85886;n_100879-n_100880;p_167;#=ew_69_172075;prefix=21697-;[0]=ew_0_544478,L1H01M,L1,138.78,138.31,https://labbcat.canterbury.ac.nz/maonze/transcript?ag_id=855#ew_0_544478,0.47,470,6.152732695,,
4445,ia,g_668;em_12_70589;n_89378-n_89379;p_148;#=ew_69_208211;prefix=56101-;[0]=ew_0_423651,L2Y05M,L2,110.653,110.183,https://labbcat.canterbury.ac.nz/maonze/transcript?ag_id=668#ew_0_423651,0.47,470,6.152732695,,
6703,ua,g_1007;em_12_95274;n_108234-n_108235;p_284;#=ew_69_210545;prefix=58212-;[0]=ew_0_623880,MU01M,Historical,196.885,196.415,https://labbcat.canterbury.ac.nz/maonze/transcript?ag_id=1007#ew_0_623880,0.47,470,6.152732695,,
7650,ua,g_1527;em_12_126277;n_130291-n_130292;p_287;#=ew_69_229141;prefix=75855-;[0]=ew_0_889378,R006M,PresentElder,135.138,134.668,https://labbcat.canterbury.ac.nz/maonze/transcript?ag_id=1527#ew_0_889378,0.47,470,6.152732695,,
7857,ua,g_1642;em_12_133280;n_135489-n_135490;p_288;#=ew_69_196349;prefix=45011-;[0]=ew_0_943366,L2H03M,L2,35.371,34.901,https://labbcat.canterbury.ac.nz/maonze/transcript?ag_id=1642#ew_0_943366,0.47,470,6.152732695,,
9275,ua,g_59;em_12_162235;n_6219089-n_6219090;p_32;#=ew_69_159412;prefix=09732-;[0]=ew_0_1263538,K004M,PresentElder,40.784,40.314,https://labbcat.canterbury.ac.nz/maonze/transcript?ag_id=59#ew_0_1263538,0.47,470,6.152732695,,
9057,ua,g_468;em_12_48309;n_6953684-n_70314;p_120;#=ew_69_166157;prefix=16194-;[0]=ew_0_301652,K008M,PresentElder,9.443,8.973,https://labbcat.canterbury.ac.nz/maonze/transcript?ag_id=468#ew_0_301652,0.47,470,6.152732695,forced aligner error,y
5304,oa,g_15;em_12_1221;n_31849-n_31850;p_19;#=ew_69_151489;prefix=02172-;[0]=ew_0_10547,K002M,PresentElder,292.131,291.661,https://labbcat.canterbury.ac.nz/maonze/transcript?ag_id=15#ew_0_10547,0.47,470,6.152732695,,
1085,ea,g_1902;em_12_156395;n_5279338-n_5279359;p_333;#=ew_69_239552;prefix=85403-;[0]=ew_0_1186285,R012M,PresentElder,214.961,214.501,https://labbcat.canterbury.ac.nz/maonze/transcript?ag_id=1902#ew_0_1186285,0.46,460,6.131226489,forced aligner error,y
3412,ia,g_1618;em_12_131804;n_6993001-n_134284;p_299;#=ew_69_192319;prefix=40655-;[0]=ew_0_933401,L2H01M,L2,150.793,150.333,https://labbcat.canterbury.ac.nz/maonze/transcript?ag_id=1618#ew_0_933401,0.46,460,6.131226489,,
3567,ia,g_1676;em_12_135268;n_137007-n_137008;p_307;#=ew_69_200211;prefix=48562-;[0]=ew_0_960161,L2H05M,L2,100.296,99.836,https://labbcat.canterbury.ac.nz/maonze/transcript?ag_id=1676#ew_0_960161,0.46,460,6.131226489,,
4182,ia,g_485;em_12_49746;n_71565-n_71566;p_121;#=ew_69_168280;prefix=19117-;[0]=ew_0_312081,K009M,PresentElder,81.92,81.46,https://labbcat.canterbury.ac.nz/maonze/transcript?ag_id=485#ew_0_312081,0.46,460,6.131226489,,
8346,ua,g_1904;em_12_156525;n_5280645-n_5280658;p_333;#=ew_69_239573;prefix=85728-;[0]=ew_0_1188174,R012M,PresentElder,94.953,94.493,https://labbcat.canterbury.ac.nz/maonze/transcript?ag_id=1904#ew_0_1188174,0.46,460,6.131226489,,
9003,ua,g_455;em_12_158522;n_5392138-n_5392145;p_112;#=ew_69_161120;prefix=11668-;[0]=ew_0_1210867,K006M,PresentElder,117.153,116.693,https://labbcat.canterbury.ac.nz/maonze/transcript?ag_id=455#ew_0_1210867,0.46,460,6.131226489,,
9419,ua,g_616;em_12_64964;n_84524-n_84525;p_142;#=ew_69_182402;prefix=31728-;[0]=ew_0_391801,L1Y01M,L1,92.447,91.987,https://labbcat.canterbury.ac.nz/maonze/transcript?ag_id=616#ew_0_391801,0.46,460,6.131226489,,
10672,ua,g_99;em_12_162836;n_6281981-n_6281987;p_41;#=ew_69_163697;prefix=13136-;[0]=ew_0_1270965,K007M,PresentElder,222.716,222.256,https://labbcat.canterbury.ac.nz/maonze/transcript?ag_id=99#ew_0_1270965,0.46,460,6.131226489,,
6590,oa,g_956;em_12_92039;n_105654-n_105655;p_181;#=ew_69_220966;prefix=68415-;[0]=ew_0_594762,R002M,PresentElder,36.679,36.219,https://labbcat.canterbury.ac.nz/maonze/transcript?ag_id=956#ew_0_594762,0.46,460,6.131226489,forced aligner error,y
673,ea,g_1625;em_12_132292;n_26918-n_134650;p_299;#=ew_69_192423;prefix=41394-;[0]=ew_0_936893,L2H01M,L2,36.613,36.153,https://labbcat.canterbury.ac.nz/maonze/transcript?ag_id=1625#ew_0_936893,0.46,460,6.131226489,,
10405,ua,g_948;em_12_91674;n_105347-n_105348;p_181;#=ew_69_219878;prefix=67386-;[0]=ew_0_589861,R002M,PresentElder,34.767,34.307,https://labbcat.canterbury.ac.nz/maonze/transcript?ag_id=948#ew_0_589861,0.46,460,6.131226489,,
2626,ea,g_951;em_12_91821;n_6522054-n_105466;p_181;#=ew_69_220053;prefix=67902-;[0]=ew_0_591843,R002M,PresentElder,62.599,62.139,https://labbcat.canterbury.ac.nz/maonze/transcript?ag_id=948#ew_0_589861,0.46,460,6.131226489,,
7613,ua,g_1522;em_12_126077;n_130116-n_6613435;p_287;#=ew_69_228429;prefix=75041-;[0]=ew_0_886336,R006M,PresentElder,110.467,110.007,https://labbcat.canterbury.ac.nz/maonze/transcript?ag_id=1522#ew_0_886336,0.46,460,6.131226489,,
6336,oa,g_669;em_12_70647;n_89429-n_89430;p_148;#=ew_69_208896;prefix=56338-;[0]=ew_0_424661,L2Y05M,L2,261.082,260.622,https://labbcat.canterbury.ac.nz/maonze/transcript?ag_id=669#ew_0_424661,0.46,460,6.131226489,forced aligner error,y
5860,oa,g_318;em_12_149610;n_3956228-n_3956181;p_89;#=ew_69_188002;prefix=36917-;[0]=ew_0_1109960,L1Y04M,L1,230.152,229.692,https://labbcat.canterbury.ac.nz/maonze/transcript?ag_id=318#ew_0_1109960,0.46,460,6.131226489,,
6752,ua,g_1015;em_12_163655;n_6670453-n_16893;p_188;#=ew_69_230519;prefix=76959-;[0]=ew_0_1281798,R007M,PresentElder,164.978,164.528,https://labbcat.canterbury.ac.nz/maonze/transcript?ag_id=1015#ew_0_1281798,0.45,450,6.109247583,forced aligner error,y
2431,ea,g_896;em_12_88574;n_102811-n_102812;p_174;#=ew_69_178246;prefix=28041-;[0]=ew_0_564708,L1H05M,L1,181.686,181.236,https://labbcat.canterbury.ac.nz/maonze/transcript?ag_id=896#ew_0_564708,0.45,450,6.109247583,,
1459,ea,g_335;em_12_161059;n_57556-n_6033080;p_85;#=ew_69_185578;prefix=34647-;[0]=ew_0_1243232,L1Y02M,L1,94.804,94.354,https://labbcat.canterbury.ac.nz/maonze/transcript?ag_id=335#ew_0_1243232,0.45,450,6.109247583,,
3684,ia,g_1898;em_12_156041;n_5274778-n_5274796;p_333;#=ew_69_238179;prefix=84853-;[0]=ew_0_1183590,R012M,PresentElder,41.945,41.495,https://labbcat.canterbury.ac.nz/maonze/transcript?ag_id=1898#ew_0_1183590,0.45,450,6.109247583,,
9387,ua,g_612;em_12_64779;n_84345-n_84346;p_142;#=ew_69_182209;prefix=31269-;[0]=ew_0_389920,L1Y01M,L1,119.961,119.511,https://labbcat.canterbury.ac.nz/maonze/transcript?ag_id=612#ew_0_389920,0.45,450,6.109247583,,
5194,oa,g_1209;em_12_109598;n_118383-n_118384;p_244;#=ew_69_243741;prefix=90438-;[0]=ew_0_729352,WU04M,Historical,18.93,18.48,https://labbcat.canterbury.ac.nz/maonze/transcript?ag_id=1209#ew_0_729352,0.45,450,6.109247583,,
3564,ia,g_1674;em_12_135104;n_136868-n_136869;p_307;#=ew_69_200522;prefix=48787-;[0]=ew_0_959088,L2H05M,L2,56.638,56.188,https://labbcat.canterbury.ac.nz/maonze/transcript?ag_id=1674#ew_0_959088,0.45,450,6.109247583,,
5829,oa,g_307;em_12_160748;n_5999735-n_5999743;p_81;#=ew_69_186346;prefix=35591-;[0]=ew_0_1238707,L1Y03M,L1,51.727,51.277,https://labbcat.canterbury.ac.nz/maonze/transcript?ag_id=307#ew_0_1238707,0.45,450,6.109247583,,
10614,ua,g_984;em_12_93805;n_106896-n_106897;p_182;#=ew_69_225547;prefix=72459-;[0]=ew_0_609200,R005M,PresentElder,35.412,34.962,https://labbcat.canterbury.ac.nz/maonze/transcript?ag_id=984#ew_0_609200,0.45,450,6.109247583,,
1102,ea,g_1905;em_12_156586;n_5281899-n_5281915;p_333;#=ew_69_238975;prefix=85901-;[0]=ew_0_1188719,R012M,PresentElder,148.225,147.775,https://labbcat.canterbury.ac.nz/maonze/transcript?ag_id=1905#ew_0_1188719,0.45,450,6.109247583,forced aligner error,y
2628,ea,g_951;em_12_91835;n_105473-n_105474;p_181;#=ew_69_220173;prefix=67933-;[0]=ew_0_592018,R002M,PresentElder,137.414,136.964,https://labbcat.canterbury.ac.nz/maonze/transcript?ag_id=951#ew_0_592018,0.45,450,6.109247583,,
4298,ia,g_603;em_12_64274;n_83868-n_83869;p_140;#=ew_69_190764;prefix=39443-;[0]=ew_0_384802,L1Y05M,L1,190.158,189.708,https://labbcat.canterbury.ac.nz/maonze/transcript?ag_id=603#ew_0_384802,0.45,450,6.109247583,,
6094,oa,g_483;em_12_49573;n_71420-n_71421;p_121;#=ew_69_168144;prefix=18712-;[0]=ew_0_310633,K009M,PresentElder,87.829,87.379,https://labbcat.canterbury.ac.nz/maonze/transcript?ag_id=483#ew_0_310633,0.45,450,6.109247583,,
10253,ua,g_925;em_12_90148;n_103969-n_103970;p_179;#=ew_69_217112;prefix=64364-;[0]=ew_0_579254,R001M,PresentElder,144.673,144.223,https://labbcat.canterbury.ac.nz/maonze/transcript?ag_id=925#ew_0_579254,0.45,450,6.109247583,,
2673,ea,g_966;em_12_92678;n_106109-n_106110;p_183;#=ew_69_222746;prefix=70020-;[0]=ew_0_600419,R003M,PresentElder,170.342,169.902,https://labbcat.canterbury.ac.nz/maonze/transcript?ag_id=966#ew_0_600419,0.44,440,6.086774727,forced aligner error,y
9172,ua,g_491;em_12_50634;n_72234-n_72235;p_122;#=ew_69_169772;prefix=19815-;[0]=ew_0_315954,K010M,PresentElder,202.229,201.789,https://labbcat.canterbury.ac.nz/maonze/transcript?ag_id=491#ew_0_315954,0.44,440,6.086774727,,
2577,ea,g_943;em_12_91487;n_105182-n_105183;p_179;#=ew_69_219506;prefix=66849-;[0]=ew_0_587890,R001M,PresentElder,54.789,54.349,https://labbcat.canterbury.ac.nz/maonze/transcript?ag_id=943#ew_0_587890,0.44,440,6.086774727,,
6084,oa,g_478;em_12_49192;n_71107-n_71108;p_121;#=ew_69_167389;prefix=17795-;[0]=ew_0_307371,K009M,PresentElder,38.121,37.681,https://labbcat.canterbury.ac.nz/maonze/transcript?ag_id=478#ew_0_307371,0.44,440,6.086774727,,
7986,ua,g_1665;em_12_134769;n_27442-n_136603;p_302;#=ew_69_197630;prefix=46102-;[0]=ew_0_954578,L2H04M,L2,3.56,3.12,https://labbcat.canterbury.ac.nz/maonze/transcript?ag_id=1665#ew_0_954578,0.44,440,6.086774727,forced aligner error,y
3652,ia,g_1888;em_12_155390;n_5263370-n_5263385;p_334;#=ew_69_237677;prefix=83921-;[0]=ew_0_1174135,R011M,PresentElder,34.477,34.037,https://labbcat.canterbury.ac.nz/maonze/transcript?ag_id=1888#ew_0_1174135,0.44,440,6.086774727,forced aligner error,y
6340,oa,g_76;em_12_160488;n_5958062-n_5958069;p_37;#=ew_69_159934;prefix=10265-;[0]=ew_0_1235876,K005M,PresentElder,154.498,154.058,https://labbcat.canterbury.ac.nz/maonze/transcript?ag_id=76#ew_0_1235876,0.44,440,6.086774727,forced aligner error,y
9588,ua,g_638;em_12_66698;n_86037-n_86038;p_145;#=ew_69_200826;prefix=49488-;[0]=ew_0_406306,L2Y01M,L2,43.433,42.993,https://labbcat.canterbury.ac.nz/maonze/transcript?ag_id=638#ew_0_406306,0.44,440,6.086774727,forced aligner error,y
9647,ua,g_652;em_12_68189;n_87294-n_87295;p_146;#=ew_69_206076;prefix=54061-;[0]=ew_0_414920,L2Y04M,L2,155.892,155.452,https://labbcat.canterbury.ac.nz/maonze/transcript?ag_id=652#ew_0_414920,0.44,440,6.086774727,forced aligner error,y
433,ea,g_1241;em_12_111549;n_21771-n_5827740;p_249;#=ew_69_181002;prefix=30498-;[0]=ew_0_745840,L1H06M,L1,57.55,57.11,https://labbcat.canterbury.ac.nz/maonze/transcript?ag_id=1241#ew_0_745840,0.44,440,6.086774727,,
1742,ea,g_491;em_12_50582;n_72188-n_72189;p_122;#=ew_69_169694;prefix=19761-;[0]=ew_0_315732,K010M,PresentElder,103.357,102.917,https://labbcat.canterbury.ac.nz/maonze/transcript?ag_id=491#ew_0_315732,0.44,440,6.086774727,,
1907,ea,g_607;em_12_64561;n_84137-n_84138;p_140;#=ew_69_191366;prefix=40236-;[0]=ew_0_387636,L1Y05M,L1,254.557,254.117,https://labbcat.canterbury.ac.nz/maonze/transcript?ag_id=607#ew_0_387636,0.44,440,6.086774727,,
4401,ia,g_640;em_12_66819;n_86138-n_10630;p_145;#=ew_69_201514;prefix=49659-;[0]=ew_0_407764,L2Y01M,L2,46.54,46.1,https://labbcat.canterbury.ac.nz/maonze/transcript?ag_id=640#ew_0_407764,0.44,440,6.086774727,,
7067,ua,g_1076;em_12_99796;n_110989-n_110990;p_208;#=ew_69_245999;prefix=91882-;[0]=ew_0_662407,WU07M,Historical,18.08,17.64,https://labbcat.canterbury.ac.nz/maonze/transcript?ag_id=1076#ew_0_662407,0.44,440,6.086774727,,
9727,ua,g_669;em_12_70624;n_89406-n_89407;p_148;#=ew_69_208757;prefix=56255-;[0]=ew_0_424246,L2Y05M,L2,72.25,71.81,https://labbcat.canterbury.ac.nz/maonze/transcript?ag_id=669#ew_0_424246,0.44,440,6.086774727,,
9895,ua,g_862;em_12_86367;n_101278-n_101279;p_168;#=ew_69_172849;prefix=22753-;[0]=ew_0_548215,L1H02M,L1,179.725,179.285,https://labbcat.canterbury.ac.nz/maonze/transcript?ag_id=862#ew_0_548215,0.44,440,6.086774727,,
10068,ua,g_892;em_12_88381;n_102652-n_102653;p_174;#=ew_69_179617;prefix=28770-;[0]=ew_0_562395,L1H05M,L1,216.18,215.74,https://labbcat.canterbury.ac.nz/maonze/transcript?ag_id=892#ew_0_562395,0.44,440,6.086774727,,
5335,oa,g_1524;em_12_126152;n_130181-n_130182;p_287;#=ew_69_228660;prefix=75342-;[0]=ew_0_887507,R006M,PresentElder,99.739,99.309,https://labbcat.canterbury.ac.nz/maonze/transcript?ag_id=1524#ew_0_887507,0.43,430,6.063785209,forced aligner error,y
7765,ua,g_1623;em_12_132203;n_134597-n_134598;p_299;#=ew_69_192600;prefix=41241-;[0]=ew_0_936233,L2H01M,L2,217.263,216.833,https://labbcat.canterbury.ac.nz/maonze/transcript?ag_id=1623#ew_0_936233,0.43,430,6.063785209,forced aligner error,y
3869,ia,g_309;em_12_160849;n_5999785-n_5999942;p_81;#=ew_69_186052;prefix=35876-;[0]=ew_0_1239388,L1Y03M,L1,169.923,169.493,https://labbcat.canterbury.ac.nz/maonze/transcript?ag_id=309#ew_0_1239388,0.43,430,6.063785209,,
10252,ua,g_925;em_12_90131;n_103952-n_103953;p_179;#=ew_69_217081;prefix=64334-;[0]=ew_0_579165,R001M,PresentElder,95.284,94.854,https://labbcat.canterbury.ac.nz/maonze/transcript?ag_id=925#ew_0_579165,0.43,430,6.063785209,,
1455,ea,g_334;em_12_33270;n_57523-n_57524;p_85;#=ew_69_184908;prefix=34154-;[0]=ew_0_221250,L1Y02M,L1,6.199,5.769,https://labbcat.canterbury.ac.nz/maonze/transcript?ag_id=334#ew_0_221250,0.43,430,6.063785209,,
9648,ua,g_653;em_12_68299;n_87389-n_87390;p_146;#=ew_69_205848;prefix=54116-;[0]=ew_0_415190,L2Y04M,L2,17.451,17.021,https://labbcat.canterbury.ac.nz/maonze/transcript?ag_id=653#ew_0_415190,0.43,430,6.063785209,,
9943,ua,g_868;em_12_86817;n_4016150-n_5655687;p_168;#=ew_69_174065;prefix=23823-;[0]=ew_0_1220485,L1H02M,L1,39.103,38.673,https://labbcat.canterbury.ac.nz/maonze/transcript?ag_id=868#ew_0_1220485,0.43,430,6.063785209,,
2695,ea,g_970;em_12_92877;n_6582985-n_106255;p_184;#=ew_69_223377;prefix=70396-;[0]=ew_0_601995,R004M,PresentElder,97.725,97.295,https://labbcat.canterbury.ac.nz/maonze/transcript?ag_id=970#ew_0_601995,0.43,430,6.063785209,,
6232,oa,g_621;em_12_65160;n_84707-n_84708;p_142;#=ew_69_183037;prefix=32297-;[0]=ew_0_394183,L1Y01M,L1,82.517,82.087,https://labbcat.canterbury.ac.nz/maonze/transcript?ag_id=621#ew_0_394183,0.43,430,6.063785209,,
8447,ua,g_1941;em_12_165402;n_6840861-n_6840872;p_112;#=ew_69_161923;prefix=12045-;[0]=ew_0_1294060,K006M,PresentElder,195.009,194.579,https://labbcat.canterbury.ac.nz/maonze/transcript?ag_id=1941#ew_0_1294060,0.43,430,6.063785209,,
1244,ea,g_23;em_12_1965;n_32581-n_32582;p_19;#=ew_69_153414;prefix=04475-;[0]=ew_0_16720,K002M,PresentElder,299.043,298.623,https://labbcat.canterbury.ac.nz/maonze/transcript?ag_id=23#ew_0_16720,0.42,420,6.040254711,forced aligner error,y
5926,oa,g_342;em_12_33537;n_57741-n_29238;p_85;#=ew_69_185041;prefix=34145-;[0]=ew_0_224787,L1Y02M,L1,176.681,176.261,https://labbcat.canterbury.ac.nz/maonze/transcript?ag_id=342#ew_0_224787,0.42,420,6.040254711,forced aligner error,y
296,ea,g_11;em_12_815;n_31461-n_31462;p_28;#=ew_69_149303;prefix=00338-;[0]=ew_0_7306,K001M,PresentElder,148.995,148.575,https://labbcat.canterbury.ac.nz/maonze/transcript?ag_id=11#ew_0_7306,0.42,420,6.040254711,,
4281,ia,g_598;em_12_63996;n_83595-n_83596;p_140;#=ew_69_189622;prefix=38597-;[0]=ew_0_381748,L1Y05M,L1,306.094,305.674,https://labbcat.canterbury.ac.nz/maonze/transcript?ag_id=598#ew_0_381748,0.42,420,6.040254711,,
7845,ua,g_1639;em_12_133160;n_135376-n_135377;p_288;#=ew_69_196840;prefix=44747-;[0]=ew_0_942364,L2H03M,L2,256.071,255.651,https://labbcat.canterbury.ac.nz/maonze/transcript?ag_id=1639#ew_0_942364,0.42,420,6.040254711,,
4561,ia,g_865;em_12_86564;n_101426-n_101427;p_168;#=ew_69_173497;prefix=23217-;[0]=ew_0_549819,L1H02M,L1,41.57,41.15,https://labbcat.canterbury.ac.nz/maonze/transcript?ag_id=865#ew_0_549819,0.42,420,6.040254711,,
5791,oa,g_1947;em_12_166026;n_6850461-n_6850476;p_121;#=ew_69_168656;prefix=18401-;[0]=ew_0_1299068,K009M,PresentElder,124.584,124.164,https://labbcat.canterbury.ac.nz/maonze/transcript?ag_id=1947#ew_0_1299068,0.42,420,6.040254711,,
5902,oa,g_330;em_12_33211;n_57476-n_57477;p_85;#=ew_69_185375;prefix=34446-;[0]=ew_0_220479,L1Y02M,L1,121.038,120.618,https://labbcat.canterbury.ac.nz/maonze/transcript?ag_id=330#ew_0_220479,0.42,420,6.040254711,,
10413,ua,g_949;em_12_91713;n_105381-n_105382;p_181;#=ew_69_220396;prefix=67527-;[0]=ew_0_590423,R002M,PresentElder,24.396,23.976,https://labbcat.canterbury.ac.nz/maonze/transcript?ag_id=949#ew_0_590423,0.42,420,6.040254711,,
2292,ea,g_858;em_12_86070;n_101053-n_101054;p_167;#=ew_69_172089;prefix=22125-;[0]=ew_0_545958,L1H01M,L1,16.057,15.637,https://labbcat.canterbury.ac.nz/maonze/transcript?ag_id=858#ew_0_545958,0.42,420,6.040254711,,
7730,ua,g_1618;em_12_131778;n_134261-n_134262;p_299;#=ew_69_192130;prefix=40573-;[0]=ew_0_933143,L2H01M,L2,25.243,24.823,https://labbcat.canterbury.ac.nz/maonze/transcript?ag_id=1618#ew_0_933143,0.42,420,6.040254711,,
7954,ua,g_1660;em_12_134556;n_136434-n_136435;p_302;#=ew_69_196934;prefix=45444-;[0]=ew_0_952135,L2H04M,L2,49.669,49.249,https://labbcat.canterbury.ac.nz/maonze/transcript?ag_id=1660#ew_0_952135,0.42,420,6.040254711,,
1701,ea,g_478;em_12_49224;n_71139-n_71140;p_121;#=ew_69_167679;prefix=17888-;[0]=ew_0_307749,K009M,PresentElder,228.517,228.097,https://labbcat.canterbury.ac.nz/maonze/transcript?ag_id=478#ew_0_307749,0.42,420,6.040254711,,
3847,ia,g_304;em_12_162371;n_6240827-n_6240829;p_81;#=ew_69_185850;prefix=35000-;[0]=ew_0_1265141,L1Y03M,L1,242.165,241.745,https://labbcat.canterbury.ac.nz/maonze/transcript?ag_id=304#ew_0_1265141,0.42,420,6.040254711,,
6287,oa,g_636;em_12_66533;n_85926-n_85927;p_145;#=ew_69_201351;prefix=49166-;[0]=ew_0_404958,L2Y01M,L2,97.722,97.302,https://labbcat.canterbury.ac.nz/maonze/transcript?ag_id=636#ew_0_404958,0.42,420,6.040254711,,
3647,ia,g_1884;em_12_155165;n_5260420-n_5260435;p_334;#=ew_69_237371;prefix=83477-;[0]=ew_0_1171315,R011M,PresentElder,279.914,279.494,https://labbcat.canterbury.ac.nz/maonze/transcript?ag_id=1884#ew_0_1171315,0.42,420,6.040254711,,
9310,ua,g_602;em_12_64231;n_83826-n_83827;p_140;#=ew_69_190317;prefix=39247-;[0]=ew_0_384234,L1Y05M,L1,266.592,266.172,https://labbcat.canterbury.ac.nz/maonze/transcript?ag_id=602#ew_0_384234,0.42,420,6.040254711,,
10023,ua,g_882;em_12_87756;n_102226-n_102227;p_169;#=ew_69_175844;prefix=25150-;[0]=ew_0_557863,L1H03M,L1,48.256,47.846,https://labbcat.canterbury.ac.nz/maonze/transcript?ag_id=882#ew_0_557863,0.41,410,6.01615716,,
10615,ua,g_984;em_12_93805;n_106896-n_106897;p_182;#=ew_69_225548;prefix=72460-;[0]=ew_0_609202,R005M,PresentElder,38.212,37.802,https://labbcat.canterbury.ac.nz/maonze/transcript?ag_id=984#ew_0_609202,0.41,410,6.01615716,,
6357,oa,g_849;em_12_85479;n_100495-n_100496;p_167;#=ew_69_171500;prefix=20877-;[0]=ew_0_541187,L1H01M,L1,215.656,215.246,https://labbcat.canterbury.ac.nz/maonze/transcript?ag_id=849#ew_0_541187,0.41,410,6.01615716,forced aligner error,y
10447,ua,g_955;em_12_92025;n_15986-n_105644;p_181;#=ew_69_221451;prefix=68356-;[0]=ew_0_594578,R002M,PresentElder,210.365,209.955,https://labbcat.canterbury.ac.nz/maonze/transcript?ag_id=955#ew_0_594578,0.41,410,6.01615716,forced aligner error,y
366,ea,g_1210;em_12_109688;n_118467-n_118468;p_244;#=ew_69_244668;prefix=90616-;[0]=ew_0_730060,WU04M,Historical,126.944,126.534,https://labbcat.canterbury.ac.nz/maonze/transcript?ag_id=1210#ew_0_730060,0.41,410,6.01615716,,
613,ea,g_1534;em_12_126637;n_25458-n_130501;p_200;#=ew_69_216121;prefix=63547-;[0]=ew_0_893080,MU08M,Historical,171.408,170.998,https://labbcat.canterbury.ac.nz/maonze/transcript?ag_id=1534#ew_0_893080,0.41,410,6.01615716,,
876,ea,g_1675;em_12_135191;n_136939-n_136940;p_307;#=ew_69_200408;prefix=48687-;[0]=ew_0_959688,L2H05M,L2,126.187,125.777,https://labbcat.canterbury.ac.nz/maonze/transcript?ag_id=1675#ew_0_959688,0.41,410,6.01615716,,
949,ea,g_1840;em_12_148976;n_3847411-n_3847424;p_49;#=ew_69_204587;prefix=52381-;[0]=ew_0_1100708,L2Y03M,L2,161.393,160.983,https://labbcat.canterbury.ac.nz/maonze/transcript?ag_id=1840#ew_0_1100708,0.41,410,6.01615716,,
1901,ea,g_606;em_12_64449;n_84034-n_84035;p_140;#=ew_69_190534;prefix=40051-;[0]=ew_0_386903,L1Y05M,L1,134.9,134.49,https://labbcat.canterbury.ac.nz/maonze/transcript?ag_id=606#ew_0_386903,0.41,410,6.01615716,,
3758,ia,g_1922;em_12_162556;n_6278695-n_6278699;p_337;#=ew_69_216878;prefix=64237-;[0]=ew_0_1267679,MU11M,Historical,79.961,79.551,https://labbcat.canterbury.ac.nz/maonze/transcript?ag_id=1922#ew_0_1267679,0.41,410,6.01615716,,
4947,oa,g_1012;em_12_95569;n_16780-n_108391;p_188;#=ew_69_230071;prefix=76672-;[0]=ew_0_625931,R007M,PresentElder,143.489,143.079,https://labbcat.canterbury.ac.nz/maonze/transcript?ag_id=1012#ew_0_625931,0.41,410,6.01615716,,
5232,oa,g_131;em_12_8870;n_38350-n_38351;p_284;#=ew_69_209047;prefix=56819-;[0]=ew_0_85799,MU01M,Historical,59.104,58.694,https://labbcat.canterbury.ac.nz/maonze/transcript?ag_id=131#ew_0_85799,0.41,410,6.01615716,,
5676,oa,g_19;em_12_1530;n_32150-n_32151;p_19;#=ew_69_152736;prefix=02949-;[0]=ew_0_13436,K002M,PresentElder,253.034,252.624,https://labbcat.canterbury.ac.nz/maonze/transcript?ag_id=19#ew_0_13436,0.41,410,6.01615716,,
5961,oa,g_369;em_12_35910;n_59736-n_59737;p_92;#=ew_69_213094;prefix=60681-;[0]=ew_0_238402,MU04M,Historical,195.383,194.973,https://labbcat.canterbury.ac.nz/maonze/transcript?ag_id=369#ew_0_238402,0.41,410,6.01615716,,
6280,oa,g_635;em_12_66424;n_85848-n_85849;p_145;#=ew_69_200668;prefix=48980-;[0]=ew_0_404169,L2Y01M,L2,74.783,74.373,https://labbcat.canterbury.ac.nz/maonze/transcript?ag_id=635#ew_0_404169,0.41,410,6.01615716,,
2167,ea,g_670;em_12_70684;n_4423461-n_89464;p_148;#=ew_69_208592;prefix=56491-;[0]=ew_0_425321,L2Y05M,L2,279.456,279.056,https://labbcat.canterbury.ac.nz/maonze/transcript?ag_id=670#ew_0_425321,0.4,400,5.991464547,,
6295,oa,g_641;em_12_66962;n_86219-n_86220;p_145;#=ew_69_201816;prefix=49968-;[0]=ew_0_409102,L2Y01M,L2,302.009,301.609,https://labbcat.canterbury.ac.nz/maonze/transcript?ag_id=641#ew_0_409102,0.4,400,5.991464547,,
4948,oa,g_1012;em_12_95570;n_108391-n_108392;p_188;#=ew_69_230090;prefix=76679-;[0]=ew_0_625944,R007M,PresentElder,148.916,148.516,https://labbcat.canterbury.ac.nz/maonze/transcript?ag_id=1012#ew_0_625944,0.4,400,5.991464547,forced aligner error,y
2495,ea,g_908;em_12_89185;n_103262-n_103263;p_173;#=ew_69_177023;prefix=26458-;[0]=ew_0_570669,L1H04M,L1,93.426,93.026,https://labbcat.canterbury.ac.nz/maonze/transcript?ag_id=908#ew_0_570669,0.4,400,5.991464547,,
5234,oa,g_132;em_12_8948;n_38427-n_38428;p_284;#=ew_69_209207;prefix=56970-;[0]=ew_0_86504,MU01M,Historical,159.008,158.608,https://labbcat.canterbury.ac.nz/maonze/transcript?ag_id=132#ew_0_86504,0.4,400,5.991464547,,
5389,oa,g_1619;em_12_131860;n_134328-n_134329;p_299;#=ew_69_191981;prefix=40762-;[0]=ew_0_933891,L2H01M,L2,117.721,117.321,https://labbcat.canterbury.ac.nz/maonze/transcript?ag_id=1619#ew_0_933891,0.4,400,5.991464547,,
5549,oa,g_1749;em_12_139831;n_140517-n_140518;p_318;#=ew_69_231293;prefix=77918-;[0]=ew_0_1002560,R008M,PresentElder,132.874,132.474,https://labbcat.canterbury.ac.nz/maonze/transcript?ag_id=1749#ew_0_1002560,0.4,400,5.991464547,,
5932,oa,g_349;em_12_33763;n_57889-n_57890;p_87;#=ew_69_211379;prefix=59829-;[0]=ew_0_227263,MU03M,Historical,144.86,144.46,https://labbcat.canterbury.ac.nz/maonze/transcript?ag_id=349#ew_0_227263,0.4,400,5.991464547,,
7343,ua,g_1232;em_12_110950;n_21229-n_5824672;p_249;#=ew_69_179974;prefix=29675-;[0]=ew_0_1228367,L1H06M,L1,142.991,142.591,https://labbcat.canterbury.ac.nz/maonze/transcript?ag_id=1232#ew_0_1228367,0.4,400,5.991464547,,
7712,ua,g_1548;em_12_127374;n_130884-n_130885;p_293;#=ew_69_216644;prefix=64064-;[0]=ew_0_900060,MU10M,Historical,113.272,112.872,https://labbcat.canterbury.ac.nz/maonze/transcript?ag_id=1548#ew_0_900060,0.4,400,5.991464547,,
9139,ua,g_487;em_12_49874;n_71683-n_71684;p_122;#=ew_69_169373;prefix=19268-;[0]=ew_0_313013,K010M,PresentElder,81.515,81.115,https://labbcat.canterbury.ac.nz/maonze/transcript?ag_id=487#ew_0_313013,0.4,400,5.991464547,,
9856,ua,g_853;em_12_85728;n_100734-n_100735;p_167;#=ew_69_171585;prefix=21387-;[0]=ew_0_543278,L1H01M,L1,129.031,128.631,https://labbcat.canterbury.ac.nz/maonze/transcript?ag_id=853#ew_0_543278,0.4,400,5.991464547,,
4720,ia,g_933;em_12_90782;n_104586-n_104587;p_179;#=ew_69_217565;prefix=65406-;[0]=ew_0_582892,R001M,PresentElder,25.632,25.232,https://labbcat.canterbury.ac.nz/maonze/transcript?ag_id=933#ew_0_582892,0.4,400,5.991464547,,
1090,ea,g_1903;em_12_156463;n_5279496-n_5279518;p_333;#=ew_69_239840;prefix=85460-;[0]=ew_0_1187143,R012M,PresentElder,2.81,2.41,https://labbcat.canterbury.ac.nz/maonze/transcript?ag_id=1903#ew_0_1187143,0.4,400,5.991464547,,
4189,ia,g_490;em_12_50364;n_72021-n_72022;p_122;#=ew_69_170225;prefix=19567-;[0]=ew_0_314812,K010M,PresentElder,7.559,7.159,https://labbcat.canterbury.ac.nz/maonze/transcript?ag_id=490#ew_0_314812,0.4,400,5.991464547,,
8057,ua,g_1678;em_12_135379;n_27551-n_137104;p_307;#=ew_69_199726;prefix=48262-;[0]=ew_0_960988,L2H05M,L2,2.63,2.23,https://labbcat.canterbury.ac.nz/maonze/transcript?ag_id=1678#ew_0_960988,0.4,400,5.991464547,,
1023,ea,g_1853;em_12_150399;n_4568865-n_4568883;p_148;#=ew_69_207941;prefix=55858-;[0]=ew_0_1124489,L2Y05M,L2,47.123,46.723,https://labbcat.canterbury.ac.nz/maonze/transcript?ag_id=1853#ew_0_1124489,0.4,400,5.991464547,,
1698,ea,g_478;em_12_49191;n_71106-n_71107;p_121;#=ew_69_167382;prefix=17793-;[0]=ew_0_307361,K009M,PresentElder,33.437,33.037,https://labbcat.canterbury.ac.nz/maonze/transcript?ag_id=478#ew_0_307361,0.4,400,5.991464547,,
4353,ia,g_625;em_12_65295;n_10431-n_84816;p_142;#=ew_69_183161;prefix=32731-;[0]=ew_0_395907,L1Y01M,L1,34.615,34.215,https://labbcat.canterbury.ac.nz/maonze/transcript?ag_id=625#ew_0_395907,0.4,400,5.991464547,,
5505,oa,g_1674;em_12_135098;n_136862-n_136863;p_307;#=ew_69_200504;prefix=48769-;[0]=ew_0_959023,L2H05M,L2,23.458,23.058,https://labbcat.canterbury.ac.nz/maonze/transcript?ag_id=1674#ew_0_959023,0.4,400,5.991464547,,
7489,ua,g_138;em_12_9618;n_39090-n_39091;p_284;#=ew_69_209934;prefix=57728-;[0]=ew_0_92651,MU01M,Historical,44.192,43.792,https://labbcat.canterbury.ac.nz/maonze/transcript?ag_id=138#ew_0_92651,0.4,400,5.991464547,,
8743,ua,g_336;em_12_33340;n_6002-n_57574;p_85;#=ew_69_184306;prefix=33507-;[0]=ew_0_222109,L1Y02M,L1,62.329,61.929,https://labbcat.canterbury.ac.nz/maonze/transcript?ag_id=336#ew_0_222109,0.4,400,5.991464547,,
1875,ea,g_60;em_12_158379;n_5387970-n_5387978;p_32;#=ew_69_159119;prefix=09821-;[0]=ew_0_1207815,K004M,PresentElder,64.609,64.209,https://labbcat.canterbury.ac.nz/maonze/transcript?ag_id=60#ew_0_1207815,0.4,400,5.991464547,,
9052,ua,g_467;em_12_48212;n_6953461-n_70226;p_120;#=ew_69_166052;prefix=16113-;[0]=ew_0_301280,K008M,PresentElder,156.402,156.002,https://labbcat.canterbury.ac.nz/maonze/transcript?ag_id=467#ew_0_301280,0.4,400,5.991464547,forced aligner error,y
506,ea,g_1387;em_12_119025;n_124511-n_124512;p_262;#=ew_69_248888;prefix=94547-;[0]=ew_0_822293,WU08M,Historical,217.956,217.556,https://labbcat.canterbury.ac.nz/maonze/transcript?ag_id=1387#ew_0_822293,0.4,400,5.991464547,,
3402,ia,g_16;em_12_1295;n_31922-n_31923;p_19;#=ew_69_152367;prefix=02364-;[0]=ew_0_11334,K002M,PresentElder,341.88,341.48,https://labbcat.canterbury.ac.nz/maonze/transcript?ag_id=16#ew_0_11334,0.4,400,5.991464547,,
6004,oa,g_380;em_12_38112;n_61914-n_4462146;p_94;#=ew_69_214511;prefix=62110-;[0]=ew_0_245473,MU05M,Historical,254.385,253.985,https://labbcat.canterbury.ac.nz/maonze/transcript?ag_id=380#ew_0_245473,0.4,400,5.991464547,,
8238,ua,g_1882;em_12_154904;n_5258473-n_5258491;p_334;#=ew_69_236978;prefix=83187-;[0]=ew_0_1169448,R011M,PresentElder,305.04,304.65,https://labbcat.canterbury.ac.nz/maonze/transcript?ag_id=1882#ew_0_1169448,0.39,390,5.966146739,,
9360,ua,g_607;em_12_64575;n_84151-n_84152;p_140;#=ew_69_191476;prefix=40285-;[0]=ew_0_387823,L1Y05M,L1,333.023,332.633,https://labbcat.canterbury.ac.nz/maonze/transcript?ag_id=607#ew_0_387823,0.39,390,5.966146739,,
8616,ua,g_311;em_12_160641;n_5999447-n_5999586;p_81;#=ew_69_187244;prefix=36053-;[0]=ew_0_1239582,L1Y03M,L1,248.054,247.664,https://labbcat.canterbury.ac.nz/maonze/transcript?ag_id=311#ew_0_1239582,0.39,390,5.966146739,forced aligner error,y
9033,ua,g_464;em_12_47802;n_69864-n_69865;p_120;#=ew_69_165879;prefix=15591-;[0]=ew_0_1091162,K008M,PresentElder,140.191,139.801,https://labbcat.canterbury.ac.nz/maonze/transcript?ag_id=464#ew_0_1091162,0.39,390,5.966146739,forced aligner error,y
3454,ia,g_1634;em_12_132797;n_135039-n_135040;p_288;#=ew_69_195732;prefix=44029-;[0]=ew_0_940197,L2H03M,L2,210.81,210.42,https://labbcat.canterbury.ac.nz/maonze/transcript?ag_id=1634#ew_0_940197,0.39,390,5.966146739,,
6581,oa,g_950;em_12_91795;n_6521934-n_105445;p_181;#=ew_69_220451;prefix=67829-;[0]=ew_0_591512,R002M,PresentElder,180.49,180.1,https://labbcat.canterbury.ac.nz/maonze/transcript?ag_id=950#ew_0_591512,0.39,390,5.966146739,,
7832,ua,g_1637;em_12_133007;n_135239-n_135240;p_288;#=ew_69_195993;prefix=44440-;[0]=ew_0_941212,L2H03M,L2,252.353,251.963,https://labbcat.canterbury.ac.nz/maonze/transcript?ag_id=1637#ew_0_941212,0.39,390,5.966146739,,
2704,ea,g_971;em_12_92934;n_106310-n_106311;p_184;#=ew_69_223564;prefix=70567-;[0]=ew_0_602518,R004M,PresentElder,95.263,94.873,https://labbcat.canterbury.ac.nz/maonze/transcript?ag_id=971#ew_0_602518,0.39,390,5.966146739,forced aligner error,y
5616,oa,g_1881;em_12_154865;n_5256593-n_5256614;p_334;#=ew_69_236851;prefix=83146-;[0]=ew_0_1168894,R011M,PresentElder,11.646,11.256,https://labbcat.canterbury.ac.nz/maonze/transcript?ag_id=1881#ew_0_1168894,0.39,390,5.966146739,forced aligner error,y
5626,oa,g_1883;em_12_154989;n_5258909-n_5258915;p_334;#=ew_69_237042;prefix=83350-;[0]=ew_0_1170572,R011M,PresentElder,119.66,119.27,https://labbcat.canterbury.ac.nz/maonze/transcript?ag_id=1883#ew_0_1170572,0.39,390,5.966146739,forced aligner error,y
508,ea,g_1389;em_12_119083;n_4711654-n_124561;p_262;#=ew_69_249225;prefix=94727-;[0]=ew_0_823038,WU08M,Historical,116.14,115.75,https://labbcat.canterbury.ac.nz/maonze/transcript?ag_id=1389#ew_0_823038,0.39,390,5.966146739,,
2597,ea,g_948;em_12_91682;n_105355-n_105356;p_181;#=ew_69_219936;prefix=67414-;[0]=ew_0_589979,R002M,PresentElder,87.322,86.932,https://labbcat.canterbury.ac.nz/maonze/transcript?ag_id=948#ew_0_589979,0.39,390,5.966146739,,
2603,ea,g_949;em_12_91726;n_105388-n_105389;p_181;#=ew_69_220476;prefix=67563-;[0]=ew_0_590592,R002M,PresentElder,97.934,97.544,https://labbcat.canterbury.ac.nz/maonze/transcript?ag_id=949#ew_0_590592,0.39,390,5.966146739,,
2664,ea,g_963;em_12_92435;n_16084-n_16085;p_183;#=ew_69_221688;prefix=69545-;[0]=ew_0_598315,R003M,PresentElder,12.305,11.915,https://labbcat.canterbury.ac.nz/maonze/transcript?ag_id=963#ew_0_598315,0.39,390,5.966146739,,
3927,ia,g_336;em_12_33346;n_57579-n_57580;p_85;#=ew_69_184380;prefix=33537-;[0]=ew_0_222189,L1Y02M,L1,100.661,100.271,https://labbcat.canterbury.ac.nz/maonze/transcript?ag_id=336#ew_0_222189,0.39,390,5.966146739,,
5456,oa,g_1655;em_12_134280;n_136254-n_136255;p_300;#=ew_69_194296;prefix=43311-;[0]=ew_0_949948,L2H02M,L2,59.621,59.231,https://labbcat.canterbury.ac.nz/maonze/transcript?ag_id=1655#ew_0_949948,0.39,390,5.966146739,,
6052,oa,g_455;em_12_47009;n_5391988-n_69375;p_112;#=ew_69_161082;prefix=11631-;[0]=ew_0_1210368,K006M,PresentElder,22.462,22.072,https://labbcat.canterbury.ac.nz/maonze/transcript?ag_id=455#ew_0_1210368,0.39,390,5.966146739,,
6697,ua,g_1007;em_12_95253;n_108213-n_108214;p_284;#=ew_69_210475;prefix=58147-;[0]=ew_0_623576,MU01M,Historical,61.65,61.26,https://labbcat.canterbury.ac.nz/maonze/transcript?ag_id=1007#ew_0_623576,0.39,390,5.966146739,,
7803,ua,g_1633;em_12_132674;n_134925-n_134926;p_288;#=ew_69_195312;prefix=43830-;[0]=ew_0_939447,L2H03M,L2,40.697,40.307,https://labbcat.canterbury.ac.nz/maonze/transcript?ag_id=1633#ew_0_939447,0.39,390,5.966146739,,
7805,ua,g_1633;em_12_132695;n_134944-n_134945;p_288;#=ew_69_195380;prefix=43871-;[0]=ew_0_939572,L2H03M,L2,119.232,118.842,https://labbcat.canterbury.ac.nz/maonze/transcript?ag_id=1633#ew_0_939572,0.39,390,5.966146739,,
8071,ua,g_1682;em_12_135692;n_137323-n_137324;p_307;#=ew_69_199419;prefix=47697-;[0]=ew_0_963160,L2H05M,L2,116.535,116.145,https://labbcat.canterbury.ac.nz/maonze/transcript?ag_id=1682#ew_0_963160,0.39,390,5.966146739,,
8731,ua,g_334;em_12_161024;n_6031597-n_6031600;p_85;#=ew_69_185019;prefix=34212-;[0]=ew_0_1242964,L1Y02M,L1,82.524,82.134,https://labbcat.canterbury.ac.nz/maonze/transcript?ag_id=334#ew_0_1242964,0.39,390,5.966146739,,
8882,ua,g_377;em_12_37257;n_61061-n_61063;p_94;#=ew_69_213986;prefix=61804-;[0]=ew_0_1234738,MU05M,Historical,56.37,55.98,https://labbcat.canterbury.ac.nz/maonze/transcript?ag_id=377#ew_0_1234738,0.39,390,5.966146739,,
1772,ea,g_497;em_12_51542;n_72873-n_72874;p_122;#=ew_69_170605;prefix=20541-;[0]=ew_0_319721,K010M,PresentElder,202.147,201.757,https://labbcat.canterbury.ac.nz/maonze/transcript?ag_id=497#ew_0_319721,0.39,390,5.966146739,,
3275,ia,g_136;em_12_9558;n_39032-n_39033;p_284;#=ew_69_208982;prefix=57548-;[0]=ew_0_91843,MU01M,Historical,167.035,166.645,https://labbcat.canterbury.ac.nz/maonze/transcript?ag_id=136#ew_0_91843,0.39,390,5.966146739,,
5211,oa,g_1232;em_12_159961;n_5824658-n_21228;p_249;#=ew_69_179970;prefix=29671-;[0]=ew_0_1227540,L1H06M,L1,136.994,136.604,https://labbcat.canterbury.ac.nz/maonze/transcript?ag_id=1232#ew_0_1227540,0.39,390,5.966146739,,
5481,oa,g_1664;em_12_134763;n_136597-n_136598;p_302;#=ew_69_197368;prefix=46080-;[0]=ew_0_954497,L2H04M,L2,219.231,218.841,https://labbcat.canterbury.ac.nz/maonze/transcript?ag_id=1664#ew_0_954497,0.39,390,5.966146739,,
7451,ua,g_137;em_12_9607;n_39080-n_39081;p_284;#=ew_69_210300;prefix=57679-;[0]=ew_0_92472,MU01M,Historical,213.494,213.104,https://labbcat.canterbury.ac.nz/maonze/transcript?ag_id=137#ew_0_92472,0.39,390,5.966146739,,
9012,ua,g_456;em_12_159654;n_5716842-n_5391963;p_112;#=ew_69_161736;prefix=11838-;[0]=ew_0_1221499,K006M,PresentElder,280.138,279.748,https://labbcat.canterbury.ac.nz/maonze/transcript?ag_id=456#ew_0_1221499,0.39,390,5.966146739,,
4009,ia,g_383;em_12_38667;n_62465-n_62466;p_95;#=ew_69_215249;prefix=62328-;[0]=ew_0_246907,MU06M,Historical,315.833,315.453,https://labbcat.canterbury.ac.nz/maonze/transcript?ag_id=383#ew_0_246907,0.38,380,5.940171253,,
2900,ia,g_1020;em_12_96024;n_6670120-n_108509;p_188;#=ew_69_230366;prefix=77393-;[0]=ew_0_629321,R007M,PresentElder,184.901,184.521,https://labbcat.canterbury.ac.nz/maonze/transcript?ag_id=1020#ew_0_629321,0.38,380,5.940171253,,
4382,ia,g_635;em_12_66463;n_85877-n_85878;p_145;#=ew_69_200726;prefix=49037-;[0]=ew_0_404455,L2Y01M,L2,218.568,218.188,https://labbcat.canterbury.ac.nz/maonze/transcript?ag_id=635#ew_0_404455,0.38,380,5.940171253,,
10091,ua,g_896;em_12_88569;n_102806-n_5774418;p_174;#=ew_69_178231;prefix=28026-;[0]=ew_0_564647,L1H05M,L1,159.104,158.724,https://labbcat.canterbury.ac.nz/maonze/transcript?ag_id=896#ew_0_564647,0.38,380,5.940171253,,
1630,ea,g_456;em_12_47094;n_7726-n_69444;p_112;#=ew_69_161605;prefix=11760-;[0]=ew_0_295026,K006M,PresentElder,127.361,126.981,https://labbcat.canterbury.ac.nz/maonze/transcript?ag_id=456#ew_0_295026,0.38,380,5.940171253,forced aligner error,y
9955,ua,g_87;em_12_160482;n_5957944-n_5957966;p_37;#=ew_69_161022;prefix=11539-;[0]=ew_0_1236631,K005M,PresentElder,118.742,118.362,https://labbcat.canterbury.ac.nz/maonze/transcript?ag_id=87#ew_0_1236631,0.38,380,5.940171253,forced aligner error,y
1192,ea,g_1945;em_12_165870;n_6848075-n_6848086;p_28;#=ew_69_151176;prefix=01567-;[0]=ew_0_1297718,K001M,PresentElder,92.492,92.112,https://labbcat.canterbury.ac.nz/maonze/transcript?ag_id=1945#ew_0_1297718,0.38,380,5.940171253,,
1811,ea,g_53;em_12_158369;n_5387889-n_5387893;p_32;#=ew_69_157788;prefix=08360-;[0]=ew_0_1211029,K004M,PresentElder,124.86,124.48,https://labbcat.canterbury.ac.nz/maonze/transcript?ag_id=53#ew_0_1211029,0.38,380,5.940171253,forced aligner error,y
8154,ua,g_1754;em_12_140203;n_140845-n_140846;p_318;#=ew_69_231920;prefix=78491-;[0]=ew_0_1004514,R008M,PresentElder,158.963,158.583,https://labbcat.canterbury.ac.nz/maonze/transcript?ag_id=1754#ew_0_1004514,0.38,380,5.940171253,forced aligner error,y
10285,ua,g_928;em_12_90477;n_104295-n_104296;p_179;#=ew_69_217981;prefix=65007-;[0]=ew_0_581373,R001M,PresentElder,317.804,317.424,https://labbcat.canterbury.ac.nz/maonze/transcript?ag_id=928#ew_0_581373,0.38,380,5.940171253,forced aligner error,y
64,ea,g_1021;em_12_163710;n_6670573-n_6670582;p_188;#=ew_69_230901;prefix=77506-;[0]=ew_0_1282308,R007M,PresentElder,280.622,280.242,https://labbcat.canterbury.ac.nz/maonze/transcript?ag_id=1021#ew_0_1282308,0.38,380,5.940171253,,
885,ea,g_1677;em_12_135354;n_137081-n_137082;p_307;#=ew_69_200000;prefix=48447-;[0]=ew_0_960797,L2H05M,L2,148.679,148.299,https://labbcat.canterbury.ac.nz/maonze/transcript?ag_id=1677#ew_0_960797,0.38,380,5.940171253,,
1151,ea,g_1923;em_12_163383;n_6538628-n_6538639;p_181;#=ew_69_221090;prefix=68608-;[0]=ew_0_1278980,R002M,PresentElder,208.34,207.96,https://labbcat.canterbury.ac.nz/maonze/transcript?ag_id=1923#ew_0_1278980,0.38,380,5.940171253,,
2773,ea,g_980;em_12_93643;n_106785-n_6611286;p_184;#=ew_69_224841;prefix=72020-;[0]=ew_0_607905,R004M,PresentElder,250.921,250.541,https://labbcat.canterbury.ac.nz/maonze/transcript?ag_id=980#ew_0_607905,0.38,380,5.940171253,,
3365,ia,g_1523;em_12_163616;n_6614387-n_6614389;p_287;#=ew_69_228346;prefix=75251-;[0]=ew_0_1281066,R006M,PresentElder,218.081,217.701,https://labbcat.canterbury.ac.nz/maonze/transcript?ag_id=1523#ew_0_1281066,0.38,380,5.940171253,,
3537,ia,g_1667;em_12_134881;n_136693-n_136694;p_302;#=ew_69_198030;prefix=46478-;[0]=ew_0_955911,L2H04M,L2,167.222,166.842,https://labbcat.canterbury.ac.nz/maonze/transcript?ag_id=1667#ew_0_955911,0.38,380,5.940171253,,
3971,ia,g_370;em_12_36021;n_59846-n_7019337;p_92;#=ew_69_213962;prefix=60926-;[0]=ew_0_239114,MU04M,Historical,163.477,163.097,https://labbcat.canterbury.ac.nz/maonze/transcript?ag_id=370#ew_0_239114,0.38,380,5.940171253,,
4283,ia,g_599;em_12_64040;n_83638-n_83639;p_140;#=ew_69_189739;prefix=38705-;[0]=ew_0_1248533,L1Y05M,L1,188.091,187.711,https://labbcat.canterbury.ac.nz/maonze/transcript?ag_id=599#ew_0_1248533,0.38,380,5.940171253,,
4663,ia,g_903;em_12_159860;n_5773291-n_5773299;p_174;#=ew_69_177877;prefix=27363-;[0]=ew_0_1223812,L1H05M,L1,104.07,103.69,https://labbcat.canterbury.ac.nz/maonze/transcript?ag_id=903#ew_0_1223812,0.38,380,5.940171253,,
5081,oa,g_107;em_12_163119;n_6288573-n_6288576;p_41;#=ew_69_164142;prefix=14832-;[0]=ew_0_1273710,K007M,PresentElder,74.633,74.253,https://labbcat.canterbury.ac.nz/maonze/transcript?ag_id=107#ew_0_1273710,0.38,380,5.940171253,,
7239,ua,g_116;em_12_8414;n_37972-n_37973;p_43;#=ew_69_212108;prefix=59189-;[0]=ew_0_81520,MU02M,Historical,397.865,397.485,https://labbcat.canterbury.ac.nz/maonze/transcript?ag_id=116#ew_0_81520,0.38,380,5.940171253,,
7478,ua,g_1373;em_12_118299;n_23824-n_123844;p_287;#=ew_69_227539;prefix=74519-;[0]=ew_0_814774,R006M,PresentElder,88.886,88.506,https://labbcat.canterbury.ac.nz/maonze/transcript?ag_id=1373#ew_0_814774,0.38,380,5.940171253,,
7770,ua,g_1624;em_12_132248;n_134622-n_134623;p_299;#=ew_69_193065;prefix=41319-;[0]=ew_0_936540,L2H01M,L2,113.49,113.11,https://labbcat.canterbury.ac.nz/maonze/transcript?ag_id=1624#ew_0_936540,0.38,380,5.940171253,,
8391,ua,g_1910;em_12_156882;n_5286727-n_5286747;p_333;#=ew_69_240560;prefix=86968-;[0]=ew_0_1193328,R012M,PresentElder,175.022,174.642,https://labbcat.canterbury.ac.nz/maonze/transcript?ag_id=1910#ew_0_1193328,0.38,380,5.940171253,,
9591,ua,g_638;em_12_66719;n_86054-n_86055;p_145;#=ew_69_200883;prefix=49538-;[0]=ew_0_1108568,L2Y01M,L2,149.209,148.829,https://labbcat.canterbury.ac.nz/maonze/transcript?ag_id=638#ew_0_1108568,0.38,380,5.940171253,,
10279,ua,g_928;em_12_90402;n_104220-n_104221;p_179;#=ew_69_217775;prefix=64855-;[0]=ew_0_580846,R001M,PresentElder,94.523,94.143,https://labbcat.canterbury.ac.nz/maonze/transcript?ag_id=928#ew_0_580846,0.38,380,5.940171253,,
1256,ea,g_24;em_12_2034;n_32649-n_32650;p_19;#=ew_69_154455;prefix=04658-;[0]=ew_0_17290,K002M,PresentElder,221.899,221.529,https://labbcat.canterbury.ac.nz/maonze/transcript?ag_id=24#ew_0_17290,0.37,370,5.913503006,forced aligner error,y
1822,ea,g_54;em_12_161917;n_6213645-n_6213646;p_32;#=ew_69_158333;prefix=08583-;[0]=ew_0_1259493,K004M,PresentElder,229.852,229.482,https://labbcat.canterbury.ac.nz/maonze/transcript?ag_id=54#ew_0_1259493,0.37,370,5.913503006,forced aligner error,y
4385,ia,g_635;em_12_66489;n_10546-n_85892;p_145;#=ew_69_200771;prefix=49079-;[0]=ew_0_404637,L2Y01M,L2,307.451,307.081,https://labbcat.canterbury.ac.nz/maonze/transcript?ag_id=635#ew_0_404637,0.37,370,5.913503006,forced aligner error,y
6345,oa,g_77;em_12_5394;n_35489-n_35490;p_37;#=ew_69_160796;prefix=10435-;[0]=ew_0_1093925,K005M,PresentElder,267.801,267.431,https://labbcat.canterbury.ac.nz/maonze/transcript?ag_id=77#ew_0_1093925,0.37,370,5.913503006,forced aligner error,y
8796,ua,g_345;em_12_33629;n_6063-n_7087080;p_85;#=ew_69_184732;prefix=33803-;[0]=ew_0_225957,L1Y02M,L1,146.334,145.964,https://labbcat.canterbury.ac.nz/maonze/transcript?ag_id=345#ew_0_225957,0.37,370,5.913503006,forced aligner error,y
9590,ua,g_638;em_12_66719;n_86054-n_86055;p_145;#=ew_69_200878;prefix=49534-;[0]=ew_0_406506,L2Y01M,L2,145.779,145.409,https://labbcat.canterbury.ac.nz/maonze/transcript?ag_id=638#ew_0_406506,0.37,370,5.913503006,forced aligner error,y
10170,ua,g_906;em_12_89114;n_103230-n_103231;p_173;#=ew_69_176940;prefix=26684-;[0]=ew_0_569795,L1H04M,L1,153.059,152.689,https://labbcat.canterbury.ac.nz/maonze/transcript?ag_id=906#ew_0_569795,0.37,370,5.913503006,forced aligner error,y
911,ea,g_1682;em_12_135692;n_137323-n_137324;p_307;#=ew_69_199417;prefix=47695-;[0]=ew_0_963152,L2H05M,L2,113.815,113.445,https://labbcat.canterbury.ac.nz/maonze/transcript?ag_id=1682#ew_0_963152,0.37,370,5.913503006,,
1208,ea,g_1947;em_12_166034;n_6850346-n_6850360;p_121;#=ew_69_168593;prefix=18370-;[0]=ew_0_1299330,K009M,PresentElder,80.714,80.344,https://labbcat.canterbury.ac.nz/maonze/transcript?ag_id=1947#ew_0_1299330,0.37,370,5.913503006,,
1475,ea,g_339;em_12_33437;n_57657-n_57658;p_85;#=ew_69_184064;prefix=33246-;[0]=ew_0_223426,L1Y02M,L1,98.492,98.122,https://labbcat.canterbury.ac.nz/maonze/transcript?ag_id=339#ew_0_223426,0.37,370,5.913503006,,
1870,ea,g_598;em_12_63967;n_83566-n_83567;p_140;#=ew_69_189550;prefix=38529-;[0]=ew_0_381514,L1Y05M,L1,188.839,188.469,https://labbcat.canterbury.ac.nz/maonze/transcript?ag_id=598#ew_0_381514,0.37,370,5.913503006,,
1879,ea,g_600;em_12_64106;n_83703-n_83704;p_140;#=ew_69_189905;prefix=38866-;[0]=ew_0_382819,L1Y05M,L1,216.697,216.327,https://labbcat.canterbury.ac.nz/maonze/transcript?ag_id=600#ew_0_382819,0.37,370,5.913503006,,
1913,ea,g_61;em_12_4196;n_34515-n_34516;p_32;#=ew_69_159240;prefix=09940-;[0]=ew_0_41723,K004M,PresentElder,64.577,64.207,https://labbcat.canterbury.ac.nz/maonze/transcript?ag_id=61#ew_0_41723,0.37,370,5.913503006,,
3425,ia,g_1622;em_12_132106;n_26859-n_134523;p_299;#=ew_69_191774;prefix=41117-;[0]=ew_0_935626,L2H01M,L2,160.791,160.421,https://labbcat.canterbury.ac.nz/maonze/transcript?ag_id=1622#ew_0_935626,0.37,370,5.913503006,,
3491,ia,g_1648;em_12_133723;n_135857-n_135858;p_300;#=ew_69_193836;prefix=42465-;[0]=ew_0_946680,L2H02M,L2,244.31,243.94,https://labbcat.canterbury.ac.nz/maonze/transcript?ag_id=1648#ew_0_946680,0.37,370,5.913503006,,
3968,ia,g_369;em_12_35955;n_59781-n_59782;p_92;#=ew_69_213194;prefix=60777-;[0]=ew_0_238687,MU04M,Historical,327.303,326.933,https://labbcat.canterbury.ac.nz/maonze/transcript?ag_id=369#ew_0_238687,0.37,370,5.913503006,,
4192,ia,g_490;em_12_50458;n_72093-n_72094;p_122;#=ew_69_170329;prefix=19646-;[0]=ew_0_315169,K010M,PresentElder,166.052,165.682,https://labbcat.canterbury.ac.nz/maonze/transcript?ag_id=490#ew_0_315169,0.37,370,5.913503006,,
4492,ia,g_82;em_12_5629;n_35688-n_35689;p_37;#=ew_69_160398;prefix=10793-;[0]=ew_0_56410,K005M,PresentElder,236.782,236.412,https://labbcat.canterbury.ac.nz/maonze/transcript?ag_id=82#ew_0_56410,0.37,370,5.913503006,,
4507,ia,g_853;em_12_85723;n_100729-n_100730;p_167;#=ew_69_171573;prefix=21375-;[0]=ew_0_543244,L1H01M,L1,117.662,117.292,https://labbcat.canterbury.ac.nz/maonze/transcript?ag_id=853#ew_0_543244,0.37,370,5.913503006,,
5548,oa,g_1749;em_12_139807;n_140497-n_140498;p_318;#=ew_69_231270;prefix=77895-;[0]=ew_0_1002462,R008M,PresentElder,65.126,64.756,https://labbcat.canterbury.ac.nz/maonze/transcript?ag_id=1749#ew_0_1002462,0.37,370,5.913503006,,
5783,oa,g_1944;em_12_165788;n_6847430-n_6847442;p_28;#=ew_69_150358;prefix=01483-;[0]=ew_0_1296472,K001M,PresentElder,242.678,242.308,https://labbcat.canterbury.ac.nz/maonze/transcript?ag_id=1944#ew_0_1296472,0.37,370,5.913503006,,
6747,ua,g_1014;em_12_95695;n_108467-n_16830;p_188;#=ew_69_229654;prefix=76863-;[0]=ew_0_626818,R007M,PresentElder,71.378,71.008,https://labbcat.canterbury.ac.nz/maonze/transcript?ag_id=1014#ew_0_626818,0.37,370,5.913503006,,
9233,ua,g_54;em_12_161902;n_6213658-n_6213617;p_32;#=ew_69_158445;prefix=08638-;[0]=ew_0_1259186,K004M,PresentElder,300.358,299.988,https://labbcat.canterbury.ac.nz/maonze/transcript?ag_id=54#ew_0_1259186,0.37,370,5.913503006,,
9860,ua,g_856;em_12_85949;n_14662-n_100937;p_167;#=ew_69_171920;prefix=21874-;[0]=ew_0_545068,L1H01M,L1,123.471,123.101,https://labbcat.canterbury.ac.nz/maonze/transcript?ag_id=856#ew_0_545068,0.37,370,5.913503006,,
10041,ua,g_883;em_12_87842;n_102281-n_102282;p_169;#=ew_69_175770;prefix=25271-;[0]=ew_0_558442,L1H03M,L1,111.962,111.592,https://labbcat.canterbury.ac.nz/maonze/transcript?ag_id=883#ew_0_558442,0.37,370,5.913503006,,
10116,ua,g_898;em_12_88673;n_102898-n_102899;p_174;#=ew_69_178687;prefix=27682-;[0]=ew_0_565900,L1H05M,L1,150.397,150.027,https://labbcat.canterbury.ac.nz/maonze/transcript?ag_id=898#ew_0_565900,0.37,370,5.913503006,,
10565,ua,g_974;em_12_93154;n_106484-n_106485;p_184;#=ew_69_224213;prefix=71056-;[0]=ew_0_604254,R004M,PresentElder,113.571,113.201,https://labbcat.canterbury.ac.nz/maonze/transcript?ag_id=974#ew_0_604254,0.37,370,5.913503006,,
7455,ua,g_1371;em_12_118208;n_123758-n_123759;p_287;#=ew_69_228103;prefix=74857-;[0]=ew_0_813360,R006M,PresentElder,23.236,22.866,https://labbcat.canterbury.ac.nz/maonze/transcript?ag_id=1371#ew_0_813360,0.37,370,5.913503006,forced aligner error,y
4287,ia,g_60;em_12_4152;n_34475-n_34476;p_32;#=ew_69_159114;prefix=09816-;[0]=ew_0_41121,K004M,PresentElder,21.206,20.836,https://labbcat.canterbury.ac.nz/maonze/transcript?ag_id=60#ew_0_41121,0.37,370,5.913503006,,
3674,ia,g_1896;em_12_155914;n_5271445-n_5271459;p_334;#=ew_69_238352;prefix=84543-;[0]=ew_0_1181905,R011M,PresentElder,56.915,56.545,https://labbcat.canterbury.ac.nz/maonze/transcript?ag_id=1896#ew_0_1181905,0.37,370,5.913503006,,
4915,ia,g_99;em_12_162822;n_6281831-n_6281835;p_41;#=ew_69_163296;prefix=13208-;[0]=ew_0_1273188,K007M,PresentElder,36.662,36.292,https://labbcat.canterbury.ac.nz/maonze/transcript?ag_id=99#ew_0_1273188,0.37,370,5.913503006,,
6291,oa,g_640;em_12_66823;n_10633-n_86139;p_145;#=ew_69_201529;prefix=49663-;[0]=ew_0_407797,L2Y01M,L2,60.576,60.206,https://labbcat.canterbury.ac.nz/maonze/transcript?ag_id=640#ew_0_407797,0.37,370,5.913503006,,
1408,ea,g_323;em_12_32149;n_56646-n_56647;p_89;#=ew_69_188847;prefix=37640-;[0]=ew_0_216628,L1Y04M,L1,71.356,70.986,https://labbcat.canterbury.ac.nz/maonze/transcript?ag_id=323#ew_0_216628,0.37,370,5.913503006,,
8486,ua,g_1945;em_12_165878;n_6847988-n_6847997;p_28;#=ew_69_151153;prefix=01545-;[0]=ew_0_1298103,K001M,PresentElder,70.547,70.177,https://labbcat.canterbury.ac.nz/maonze/transcript?ag_id=1945#ew_0_1298103,0.37,370,5.913503006,,
8750,ua,g_338;em_12_171848;n_7087716-n_7087709;p_85;#=ew_69_185191;prefix=34356-;[0]=ew_0_223036,L1Y02M,L1,106.163,105.793,https://labbcat.canterbury.ac.nz/maonze/transcript?ag_id=338#ew_0_223036,0.37,370,5.913503006,,
3106,ia,g_1086;em_12_100407;n_111508-n_111509;p_208;#=ew_69_247435;prefix=93237-;[0]=ew_0_667873,WU07M,Historical,138.527,138.157,https://labbcat.canterbury.ac.nz/maonze/transcript?ag_id=1086#ew_0_667873,0.37,370,5.913503006,,
4711,ia,g_928;em_12_90463;n_104281-n_104282;p_179;#=ew_69_217912;prefix=64979-;[0]=ew_0_581300,R001M,PresentElder,287.691,287.321,https://labbcat.canterbury.ac.nz/maonze/transcript?ag_id=928#ew_0_581300,0.37,370,5.913503006,,
1250,ea,g_24;em_12_2016;n_32631-n_32632;p_19;#=ew_69_154396;prefix=04605-;[0]=ew_0_17137,K002M,PresentElder,156.293,155.933,https://labbcat.canterbury.ac.nz/maonze/transcript?ag_id=24#ew_0_17137,0.36,360,5.886104031,forced aligner error,y
7406,ua,g_13;em_12_1049;n_31684-n_31685;p_19;#=ew_69_152825;prefix=03487-;[0]=ew_0_9147,K002M,PresentElder,270.601,270.241,https://labbcat.canterbury.ac.nz/maonze/transcript?ag_id=13#ew_0_9147,0.36,360,5.886104031,forced aligner error,y
9048,ua,g_466;em_12_48150;n_70173-n_6953420;p_120;#=ew_69_165629;prefix=16045-;[0]=ew_0_300996,K008M,PresentElder,301.683,301.323,https://labbcat.canterbury.ac.nz/maonze/transcript?ag_id=466#ew_0_300996,0.36,360,5.886104031,forced aligner error,y
164,ea,g_1041;em_12_97167;n_17478-n_17479;p_193;#=ew_69_236209;prefix=82186-;[0]=ew_0_643396,R010M,PresentElder,249.741,249.381,https://labbcat.canterbury.ac.nz/maonze/transcript?ag_id=1041#ew_0_643396,0.36,360,5.886104031,,
2819,ea,g_99;em_12_162779;n_6281821-n_6281981;p_41;#=ew_69_163690;prefix=13131-;[0]=ew_0_1269567,K007M,PresentElder,217.709,217.349,https://labbcat.canterbury.ac.nz/maonze/transcript?ag_id=99#ew_0_1269567,0.36,360,5.886104031,,
4070,ia,g_450;em_12_169786;n_6946201-n_6946202;p_110;#=ew_69_156770;prefix=06775-;[0]=ew_0_1327090,K003M,PresentElder,239.353,238.993,https://labbcat.canterbury.ac.nz/maonze/transcript?ag_id=450#ew_0_1327090,0.36,360,5.886104031,,
4293,ia,g_601;em_12_64152;n_83748-n_83749;p_140;#=ew_69_190114;prefix=39006-;[0]=ew_0_383306,L1Y05M,L1,151.185,150.825,https://labbcat.canterbury.ac.nz/maonze/transcript?ag_id=601#ew_0_383306,0.36,360,5.886104031,,
4878,ia,g_985;em_12_93869;n_16522-n_106952;p_182;#=ew_69_226403;prefix=72721-;[0]=ew_0_609996,R005M,PresentElder,216.698,216.338,https://labbcat.canterbury.ac.nz/maonze/transcript?ag_id=985#ew_0_609996,0.36,360,5.886104031,,
7017,ua,g_1071;em_12_151822;n_4690881-n_4690882;p_206;#=ew_69_245686;prefix=91237-;[0]=ew_0_1133715,WU06M,Historical,135.738,135.378,https://labbcat.canterbury.ac.nz/maonze/transcript?ag_id=1071#ew_0_1133715,0.36,360,5.886104031,,
8441,ua,g_1922;em_12_162566;n_6278927-n_6278935;p_337;#=ew_69_216947;prefix=64265-;[0]=ew_0_1267891,MU11M,Historical,194.782,194.422,https://labbcat.canterbury.ac.nz/maonze/transcript?ag_id=1922#ew_0_1267891,0.36,360,5.886104031,,
9054,ua,g_467;em_12_48214;n_70227-n_6953460;p_120;#=ew_69_166056;prefix=16117-;[0]=ew_0_1090994,K008M,PresentElder,162.693,162.333,https://labbcat.canterbury.ac.nz/maonze/transcript?ag_id=467#ew_0_1090994,0.36,360,5.886104031,,
10205,ua,g_909;em_12_89245;n_103281-n_103282;p_173;#=ew_69_176398;prefix=26385-;[0]=ew_0_571419,L1H04M,L1,187.394,187.034,https://labbcat.canterbury.ac.nz/maonze/transcript?ag_id=909#ew_0_571419,0.36,360,5.886104031,,
10640,ua,g_986;em_12_93904;n_7043062-n_106984;p_182;#=ew_69_226369;prefix=72875-;[0]=ew_0_610469,R005M,PresentElder,170,169.64,https://labbcat.canterbury.ac.nz/maonze/transcript?ag_id=986#ew_0_610469,0.36,360,5.886104031,,
868,ea,g_1674;em_12_135097;n_136861-n_136862;p_307;#=ew_69_200502;prefix=48767-;[0]=ew_0_1277246,L2H05M,L2,18.603,18.243,https://labbcat.canterbury.ac.nz/maonze/transcript?ag_id=1674#ew_0_1277246,0.36,360,5.886104031,,
7054,ua,g_1074;em_12_99680;n_110889-n_110890;p_208;#=ew_69_245320;prefix=91644-;[0]=ew_0_661285,WU07M,Historical,25.731,25.371,https://labbcat.canterbury.ac.nz/maonze/transcript?ag_id=1074#ew_0_661285,0.36,360,5.886104031,,
9009,ua,g_455;em_12_47006;n_69371-n_5391979;p_112;#=ew_69_161080;prefix=11629-;[0]=ew_0_1210003,K006M,PresentElder,15.763,15.403,https://labbcat.canterbury.ac.nz/maonze/transcript?ag_id=455#ew_0_1210003,0.36,360,5.886104031,forced aligner error,y
2159,ea,g_670;em_12_70657;n_89438-n_89439;p_148;#=ew_69_208480;prefix=56382-;[0]=ew_0_424841,L2Y05M,L2,48.205,47.845,https://labbcat.canterbury.ac.nz/maonze/transcript?ag_id=670#ew_0_424841,0.36,360,5.886104031,,
3309,ia,g_1389;em_12_119077;n_124554-n_124555;p_262;#=ew_69_249068;prefix=94691-;[0]=ew_0_822927,WU08M,Historical,71.471,71.111,https://labbcat.canterbury.ac.nz/maonze/transcript?ag_id=1389#ew_0_822927,0.36,360,5.886104031,,
3757,ia,g_1922;em_12_162555;n_6278524-n_6278529;p_337;#=ew_69_216821;prefix=64197-;[0]=ew_0_1267676,MU11M,Historical,17.181,16.821,https://labbcat.canterbury.ac.nz/maonze/transcript?ag_id=1922#ew_0_1267676,0.36,360,5.886104031,,
4296,ia,g_603;em_12_64250;n_83844-n_83845;p_140;#=ew_69_190557;prefix=39324-;[0]=ew_0_1249163,L1Y05M,L1,44.573,44.213,https://labbcat.canterbury.ac.nz/maonze/transcript?ag_id=603#ew_0_1249163,0.36,360,5.886104031,,
5251,oa,g_138;em_12_9618;n_39090-n_39091;p_284;#=ew_69_209938;prefix=57730-;[0]=ew_0_92655,MU01M,Historical,45.662,45.302,https://labbcat.canterbury.ac.nz/maonze/transcript?ag_id=138#ew_0_92655,0.36,360,5.886104031,,
5536,oa,g_1746;em_12_139594;n_140307-n_140308;p_318;#=ew_69_231036;prefix=77611-;[0]=ew_0_1001329,R008M,PresentElder,51.005,50.645,https://labbcat.canterbury.ac.nz/maonze/transcript?ag_id=1746#ew_0_1001329,0.36,360,5.886104031,,
6292,oa,g_640;em_12_66827;n_86142-n_10634;p_145;#=ew_69_201593;prefix=49685-;[0]=ew_0_407851,L2Y01M,L2,83.487,83.127,https://labbcat.canterbury.ac.nz/maonze/transcript?ag_id=640#ew_0_407851,0.36,360,5.886104031,,
6572,oa,g_948;em_12_163313;n_6521711-n_6521714;p_181;#=ew_69_219979;prefix=67428-;[0]=ew_0_1278420,R002M,PresentElder,103.589,103.229,https://labbcat.canterbury.ac.nz/maonze/transcript?ag_id=948#ew_0_1278420,0.36,360,5.886104031,,
7781,ua,g_1626;em_12_132352;n_26933-n_134695;p_299;#=ew_69_192660;prefix=41476-;[0]=ew_0_937262,L2H01M,L2,9.891,9.531,https://labbcat.canterbury.ac.nz/maonze/transcript?ag_id=1626#ew_0_937262,0.36,360,5.886104031,,
9143,ua,g_487;em_12_49891;n_71700-n_71701;p_122;#=ew_69_169383;prefix=19272-;[0]=ew_0_313055,K010M,PresentElder,112.206,111.846,https://labbcat.canterbury.ac.nz/maonze/transcript?ag_id=487#ew_0_313055,0.36,360,5.886104031,,
10442,ua,g_954;em_12_91968;n_105589-n_105590;p_181;#=ew_69_221286;prefix=68078-;[0]=ew_0_593683,R002M,PresentElder,91.54,91.18,https://labbcat.canterbury.ac.nz/maonze/transcript?ag_id=954#ew_0_593683,0.36,360,5.886104031,,
8075,ua,g_1682;em_12_135709;n_137334-n_27651;p_307;#=ew_69_199452;prefix=47729-;[0]=ew_0_963272,L2H05M,L2,166.504,166.144,https://labbcat.canterbury.ac.nz/maonze/transcript?ag_id=1682#ew_0_963272,0.36,360,5.886104031,forced aligner error,y
8236,ua,g_1868;em_12_154013;n_5221828-n_5221842;p_334;#=ew_69_237203;prefix=83609-;[0]=ew_0_1157461,R011M,PresentElder,208.982,208.622,https://labbcat.canterbury.ac.nz/maonze/transcript?ag_id=1868#ew_0_1157461,0.36,360,5.886104031,forced aligner error,y
706,ea,g_1640;em_12_133204;n_135417-n_135418;p_288;#=ew_69_196114;prefix=44816-;[0]=ew_0_942718,L2H03M,L2,178.701,178.341,https://labbcat.canterbury.ac.nz/maonze/transcript?ag_id=1640#ew_0_942718,0.36,360,5.886104031,,
938,ea,g_1755;em_12_140295;n_140910-n_140911;p_318;#=ew_69_232090;prefix=78601-;[0]=ew_0_1004939,R008M,PresentElder,159.601,159.241,https://labbcat.canterbury.ac.nz/maonze/transcript?ag_id=1755#ew_0_1004939,0.36,360,5.886104031,,
948,ea,g_1840;em_12_148975;n_3847404-n_3847411;p_49;#=ew_69_204583;prefix=52377-;[0]=ew_0_1100699,L2Y03M,L2,157.831,157.471,https://labbcat.canterbury.ac.nz/maonze/transcript?ag_id=1840#ew_0_1100699,0.36,360,5.886104031,,
1334,ea,g_311;em_12_30337;n_5550-n_55064;p_81;#=ew_69_187219;prefix=35975-;[0]=ew_0_210005,L1Y03M,L1,215.089,214.729,https://labbcat.canterbury.ac.nz/maonze/transcript?ag_id=311#ew_0_210005,0.36,360,5.886104031,,
1377,ea,g_319;em_12_31266;n_55869-n_55870;p_89;#=ew_69_188036;prefix=37059-;[0]=ew_0_214106,L1Y04M,L1,239.737,239.377,https://labbcat.canterbury.ac.nz/maonze/transcript?ag_id=319#ew_0_214106,0.36,360,5.886104031,,
1841,ea,g_56;em_12_162066;n_6215591-n_6215592;p_32;#=ew_69_158506;prefix=09138-;[0]=ew_0_1260721,K004M,PresentElder,159.94,159.58,https://labbcat.canterbury.ac.nz/maonze/transcript?ag_id=56#ew_0_1260721,0.36,360,5.886104031,,
2474,ea,g_901;em_12_88866;n_103056-n_15421;p_173;#=ew_69_177277;prefix=26887-;[0]=ew_0_567369,L1H04M,L1,211.838,211.478,https://labbcat.canterbury.ac.nz/maonze/transcript?ag_id=901#ew_0_567369,0.36,360,5.886104031,,
10685,ua,g_991;em_12_94110;n_107157-n_107158;p_182;#=ew_69_226710;prefix=73617-;[0]=ew_0_612942,R005M,PresentElder,137.654,137.294,https://labbcat.canterbury.ac.nz/maonze/transcript?ag_id=991#ew_0_612942,0.36,360,5.886104031,,
1632,ea,g_457;em_12_162286;n_6238737-n_6238738;p_112;#=ew_69_161658;prefix=11927-;[0]=ew_0_1264158,K006M,PresentElder,275.205,274.845,https://labbcat.canterbury.ac.nz/maonze/transcript?ag_id=457#ew_0_1264158,0.36,360,5.886104031,,
3273,ia,g_134;em_12_9144;n_38621-n_38622;p_284;#=ew_69_209673;prefix=57442-;[0]=ew_0_88375,MU01M,Historical,358.465,358.105,https://labbcat.canterbury.ac.nz/maonze/transcript?ag_id=134#ew_0_88375,0.36,360,5.886104031,,
5977,oa,g_372;em_12_36410;n_60226-n_60227;p_92;#=ew_69_213783;prefix=61259-;[0]=ew_0_241151,MU04M,Historical,293.263,292.903,https://labbcat.canterbury.ac.nz/maonze/transcript?ag_id=372#ew_0_241151,0.36,360,5.886104031,,
480,ea,g_1371;em_12_118236;n_123784-n_123785;p_287;#=ew_69_228212;prefix=74964-;[0]=ew_0_813857,R006M,PresentElder,225.645,225.295,https://labbcat.canterbury.ac.nz/maonze/transcript?ag_id=1371#ew_0_813857,0.35,350,5.857933154,,
601,ea,g_1527;em_12_126289;n_130303-n_130304;p_287;#=ew_69_229230;prefix=75941-;[0]=ew_0_889596,R006M,PresentElder,223.33,222.98,https://labbcat.canterbury.ac.nz/maonze/transcript?ag_id=1527#ew_0_889596,0.35,350,5.857933154,,
747,ea,g_1649;em_12_133784;n_135903-n_135904;p_300;#=ew_69_193654;prefix=42574-;[0]=ew_0_947105,L2H02M,L2,173.741,173.391,https://labbcat.canterbury.ac.nz/maonze/transcript?ag_id=1649#ew_0_947105,0.35,350,5.857933154,,
871,ea,g_1674;em_12_163262;n_6459884-n_6459885;p_307;#=ew_69_200543;prefix=48808-;[0]=ew_0_1277523,L2H05M,L2,128.455,128.105,https://labbcat.canterbury.ac.nz/maonze/transcript?ag_id=1674#ew_0_1277523,0.35,350,5.857933154,,
973,ea,g_1844;em_12_149247;n_3850944-n_3850959;p_49;#=ew_69_204763;prefix=52946-;[0]=ew_0_1103696,L2Y03M,L2,176.187,175.837,https://labbcat.canterbury.ac.nz/maonze/transcript?ag_id=1844#ew_0_1103696,0.35,350,5.857933154,,
4000,ia,g_378;em_12_37613;n_61416-n_61418;p_94;#=ew_69_214654;prefix=62024-;[0]=ew_0_244308,MU05M,Historical,291.403,291.053,https://labbcat.canterbury.ac.nz/maonze/transcript?ag_id=378#ew_0_244308,0.35,350,5.857933154,,
5655,oa,g_1896;em_12_155927;n_5272346-n_5272363;p_334;#=ew_69_238552;prefix=84558-;[0]=ew_0_1181769,R011M,PresentElder,321.502,321.152,https://labbcat.canterbury.ac.nz/maonze/transcript?ag_id=1896#ew_0_1181769,0.35,350,5.857933154,,
6835,ua,g_103;em_12_162951;n_6285966-n_6285971;p_41;#=ew_69_164588;prefix=13998-;[0]=ew_0_1271281,K007M,PresentElder,158.032,157.682,https://labbcat.canterbury.ac.nz/maonze/transcript?ag_id=103#ew_0_1271281,0.35,350,5.857933154,,
5982,oa,g_374;em_12_36732;n_4459493-n_60541;p_92;#=ew_69_213499;prefix=61367-;[0]=ew_0_1117266,MU04M,Historical,121.572,121.222,https://labbcat.canterbury.ac.nz/maonze/transcript?ag_id=374#ew_0_1117266,0.35,350,5.857933154,forced aligner error,y
7566,ua,g_1511;em_12_151507;n_4677437-n_4677439;p_276;#=ew_69_242398;prefix=88456-;[0]=ew_0_1131062,WU03M,Historical,123.772,123.422,https://labbcat.canterbury.ac.nz/maonze/transcript?ag_id=1511#ew_0_1131062,0.35,350,5.857933154,forced aligner error,y
1575,ea,g_41;em_12_3295;n_33664-n_33665;p_276;#=ew_69_242446;prefix=88487-;[0]=ew_0_27502,WU03M,Historical,87.551,87.201,https://labbcat.canterbury.ac.nz/maonze/transcript?ag_id=41#ew_0_27502,0.35,350,5.857933154,,
2711,ea,g_972;em_12_92990;n_106355-n_106356;p_184;#=ew_69_223736;prefix=70691-;[0]=ew_0_603014,R004M,PresentElder,76.763,76.413,https://labbcat.canterbury.ac.nz/maonze/transcript?ag_id=972#ew_0_603014,0.35,350,5.857933154,,
4928,oa,g_10;em_12_698;n_31345-n_31346;p_28;#=ew_69_149835;prefix=00506-;[0]=ew_0_6264,K001M,PresentElder,70.873,70.523,https://labbcat.canterbury.ac.nz/maonze/transcript?ag_id=10#ew_0_6264,0.35,350,5.857933154,,
5189,oa,g_1208;em_12_109544;n_118332-n_118333;p_244;#=ew_69_243635;prefix=90351-;[0]=ew_0_729044,WU04M,Historical,124.427,124.077,https://labbcat.canterbury.ac.nz/maonze/transcript?ag_id=1208#ew_0_729044,0.35,350,5.857933154,,
9847,ua,g_851;em_12_85579;n_100591-n_100592;p_167;#=ew_69_171124;prefix=21107-;[0]=ew_0_542037,L1H01M,L1,96.998,96.648,https://labbcat.canterbury.ac.nz/maonze/transcript?ag_id=851#ew_0_542037,0.35,350,5.857933154,,
3740,ia,g_1911;em_12_156994;n_5287287-n_5287300;p_333;#=ew_69_240515;prefix=87011-;[0]=ew_0_1193989,R012M,PresentElder,34.45,34.1,https://labbcat.canterbury.ac.nz/maonze/transcript?ag_id=1911#ew_0_1193989,0.35,350,5.857933154,forced aligner error,y
4120,ia,g_465;em_12_47897;n_69949-n_69950;p_120;#=ew_69_165595;prefix=15701-;[0]=ew_0_299625,K008M,PresentElder,16.382,16.032,https://labbcat.canterbury.ac.nz/maonze/transcript?ag_id=465#ew_0_299625,0.35,350,5.857933154,forced aligner error,y
5594,oa,g_1845;em_12_149278;n_3851399-n_3851420;p_49;#=ew_69_204944;prefix=53024-;[0]=ew_0_1104095,L2Y03M,L2,35.4,35.05,https://labbcat.canterbury.ac.nz/maonze/transcript?ag_id=1845#ew_0_1104095,0.35,350,5.857933154,forced aligner error,y
7973,ua,g_1662;em_12_134625;n_136477-n_27424;p_302;#=ew_69_197040;prefix=45706-;[0]=ew_0_953090,L2H04M,L2,56.332,55.982,https://labbcat.canterbury.ac.nz/maonze/transcript?ag_id=1662#ew_0_953090,0.35,350,5.857933154,forced aligner error,y
908,ea,g_1682;em_12_135670;n_137307-n_137308;p_307;#=ew_69_199380;prefix=47659-;[0]=ew_0_962982,L2H05M,L2,29.309,28.959,https://labbcat.canterbury.ac.nz/maonze/transcript?ag_id=1682#ew_0_962982,0.35,350,5.857933154,,
2174,ea,g_671;em_12_70693;n_89471-n_89472;p_148;#=ew_69_208650;prefix=56546-;[0]=ew_0_425508,L2Y05M,L2,52,51.65,https://labbcat.canterbury.ac.nz/maonze/transcript?ag_id=671#ew_0_425508,0.35,350,5.857933154,,
4214,ia,g_497;em_12_51469;n_72800-n_72801;p_122;#=ew_69_170536;prefix=20473-;[0]=ew_0_319435,K010M,PresentElder,49.783,49.433,https://labbcat.canterbury.ac.nz/maonze/transcript?ag_id=497#ew_0_319435,0.35,350,5.857933154,,
888,ea,g_1678;em_12_135381;n_137105-n_137106;p_307;#=ew_69_199760;prefix=48269-;[0]=ew_0_961005,L2H05M,L2,9.716,9.366,https://labbcat.canterbury.ac.nz/maonze/transcript?ag_id=1678#ew_0_961005,0.35,350,5.857933154,,
3369,ia,g_1525;em_12_126178;n_130204-n_130205;p_287;#=ew_69_228576;prefix=75451-;[0]=ew_0_887884,R006M,PresentElder,15.357,15.007,https://labbcat.canterbury.ac.nz/maonze/transcript?ag_id=1525#ew_0_887884,0.35,350,5.857933154,,
7151,ua,g_1085;em_12_100302;n_111405-n_111406;p_208;#=ew_69_246632;prefix=93007-;[0]=ew_0_666915,WU07M,Historical,15.682,15.332,https://labbcat.canterbury.ac.nz/maonze/transcript?ag_id=1085#ew_0_666915,0.35,350,5.857933154,,
10054,ua,g_887;em_12_88102;n_102412-n_102413;p_169;#=ew_69_175942;prefix=25522-;[0]=ew_0_559808,L1H03M,L1,15.118,14.768,https://labbcat.canterbury.ac.nz/maonze/transcript?ag_id=887#ew_0_559808,0.35,350,5.857933154,,
6008,oa,g_384;em_12_150304;n_4464047-n_4464051;p_95;#=ew_69_214877;prefix=62432-;[0]=ew_0_1121715,MU06M,Historical,135.701,135.351,https://labbcat.canterbury.ac.nz/maonze/transcript?ag_id=384#ew_0_1121715,0.35,350,5.857933154,forced aligner error,y
107,ea,g_1032;em_12_96509;n_108836-n_108837;p_190;#=ew_69_233414;prefix=80378-;[0]=ew_0_636481,R009M,PresentElder,59.254,58.904,https://labbcat.canterbury.ac.nz/maonze/transcript?ag_id=1032#ew_0_636481,0.35,350,5.857933154,,
465,ea,g_132;em_12_8932;n_38411-n_38412;p_284;#=ew_69_209154;prefix=56921-;[0]=ew_0_86327,MU01M,Historical,72.008,71.658,https://labbcat.canterbury.ac.nz/maonze/transcript?ag_id=132#ew_0_86327,0.35,350,5.857933154,,
869,ea,g_1674;em_12_163237;n_6459911-n_6459912;p_307;#=ew_69_200596;prefix=48860-;[0]=ew_0_1277596,L2H05M,L2,239.646,239.296,https://labbcat.canterbury.ac.nz/maonze/transcript?ag_id=1674#ew_0_1277596,0.35,350,5.857933154,,
1270,ea,g_25;em_12_2134;n_32743-n_32744;p_19;#=ew_69_154061;prefix=04904-;[0]=ew_0_18073,K002M,PresentElder,165.409,165.059,https://labbcat.canterbury.ac.nz/maonze/transcript?ag_id=25#ew_0_18073,0.35,350,5.857933154,,
1980,ea,g_623;em_12_65232;n_84775-n_84776;p_142;#=ew_69_183518;prefix=32466-;[0]=ew_0_395081,L1Y01M,L1,66.229,65.879,https://labbcat.canterbury.ac.nz/maonze/transcript?ag_id=623#ew_0_395081,0.35,350,5.857933154,,
2213,ea,g_81;em_12_5574;n_35649-n_35650;p_37;#=ew_69_160362;prefix=10694-;[0]=ew_0_55750,K005M,PresentElder,191.928,191.578,https://labbcat.canterbury.ac.nz/maonze/transcript?ag_id=81#ew_0_55750,0.35,350,5.857933154,,
2284,ea,g_856;em_12_85965;n_100952-n_100953;p_167;#=ew_69_171952;prefix=21906-;[0]=ew_0_545179,L1H01M,L1,175.987,175.637,https://labbcat.canterbury.ac.nz/maonze/transcript?ag_id=856#ew_0_545179,0.35,350,5.857933154,,
2595,ea,g_948;em_12_163317;n_6521807-n_6521809;p_181;#=ew_69_220227;prefix=67500-;[0]=ew_0_1278662,R002M,PresentElder,251.726,251.376,https://labbcat.canterbury.ac.nz/maonze/transcript?ag_id=948#ew_0_1278662,0.35,350,5.857933154,,
2733,ea,g_975;em_12_93240;n_16302-n_16303;p_184;#=ew_69_224158;prefix=71250-;[0]=ew_0_604949,R004M,PresentElder,139.668,139.318,https://labbcat.canterbury.ac.nz/maonze/transcript?ag_id=948#ew_0_1278662,0.35,350,5.857933154,,
2796,ea,g_984;em_12_93813;n_106904-n_106905;p_182;#=ew_69_225575;prefix=72483-;[0]=ew_0_609298,R005M,PresentElder,104.473,104.123,https://labbcat.canterbury.ac.nz/maonze/transcript?ag_id=984#ew_0_609298,0.35,350,5.857933154,,
2800,ea,g_985;em_12_93854;n_16518-n_106941;p_182;#=ew_69_226191;prefix=72648-;[0]=ew_0_609819,R005M,PresentElder,132.692,132.342,https://labbcat.canterbury.ac.nz/maonze/transcript?ag_id=985#ew_0_609819,0.35,350,5.857933154,,
5507,oa,g_1674;em_12_163231;n_6459890-n_6459891;p_307;#=ew_69_200553;prefix=48818-;[0]=ew_0_1277683,L2H05M,L2,156.231,155.881,https://labbcat.canterbury.ac.nz/maonze/transcript?ag_id=1674#ew_0_1277683,0.35,350,5.857933154,,
5725,oa,g_1909;em_12_156852;n_5285737-n_5285750;p_333;#=ew_69_241105;prefix=86677-;[0]=ew_0_1192197,R012M,PresentElder,219.474,219.124,https://labbcat.canterbury.ac.nz/maonze/transcript?ag_id=1909#ew_0_1192197,0.35,350,5.857933154,,
6128,oa,g_50;em_12_158313;n_5387891-n_5387895;p_32;#=ew_69_157618;prefix=07863-;[0]=ew_0_1210185,K004M,PresentElder,147.112,146.762,https://labbcat.canterbury.ac.nz/maonze/transcript?ag_id=50#ew_0_1210185,0.35,350,5.857933154,,
6134,oa,g_501;em_12_52114;n_73356-n_73358;p_97;#=ew_69_214790;prefix=63018-;[0]=ew_0_321643,MU07M,Historical,80.579,80.229,https://labbcat.canterbury.ac.nz/maonze/transcript?ag_id=501#ew_0_321643,0.35,350,5.857933154,,
7927,ua,g_1652;em_12_134084;n_136116-n_136117;p_300;#=ew_69_194969;prefix=43008-;[0]=ew_0_948745,L2H02M,L2,199.043,198.693,https://labbcat.canterbury.ac.nz/maonze/transcript?ag_id=1652#ew_0_948745,0.35,350,5.857933154,,
8190,ua,g_1845;em_12_149322;n_3851987-n_3852003;p_49;#=ew_69_205057;prefix=53102-;[0]=ew_0_1104590,L2Y03M,L2,255.129,254.779,https://labbcat.canterbury.ac.nz/maonze/transcript?ag_id=1845#ew_0_1104590,0.35,350,5.857933154,,
8438,ua,g_1922;em_12_162543;n_6279028-n_6279036;p_337;#=ew_69_216988;prefix=64287-;[0]=ew_0_1267878,MU11M,Historical,242.528,242.178,https://labbcat.canterbury.ac.nz/maonze/transcript?ag_id=1922#ew_0_1267878,0.35,350,5.857933154,,
8889,ua,g_378;em_12_37498;n_61301-n_61303;p_94;#=ew_69_214575;prefix=61951-;[0]=ew_0_1235064,MU05M,Historical,140.935,140.585,https://labbcat.canterbury.ac.nz/maonze/transcript?ag_id=378#ew_0_1235064,0.35,350,5.857933154,,
9700,ua,g_666;em_12_70514;n_89307-n_89308;p_148;#=ew_69_207533;prefix=55686-;[0]=ew_0_422360,L2Y05M,L2,80.699,80.349,https://labbcat.canterbury.ac.nz/maonze/transcript?ag_id=666#ew_0_422360,0.35,350,5.857933154,,
10159,ua,g_904;em_12_88999;n_103161-n_103162;p_174;#=ew_69_178390;prefix=27534-;[0]=ew_0_568758,L1H05M,L1,156.559,156.209,https://labbcat.canterbury.ac.nz/maonze/transcript?ag_id=904#ew_0_568758,0.35,350,5.857933154,,
2001,ea,g_629;em_12_161287;n_6120105-n_6120111;p_143;#=ew_69_203080;prefix=50846-;[0]=ew_0_1251048,L2Y02M,L2,309.01,308.66,https://labbcat.canterbury.ac.nz/maonze/transcript?ag_id=629#ew_0_1251048,0.35,350,5.857933154,forced aligner error,y
3986,ia,g_374;em_12_36828;n_60595-n_60637;p_92;#=ew_69_213584;prefix=61446-;[0]=ew_0_1123315,MU04M,Historical,259.561,259.211,https://labbcat.canterbury.ac.nz/maonze/transcript?ag_id=374#ew_0_1123315,0.35,350,5.857933154,forced aligner error,y
1259,ea,g_24;em_12_2057;n_32672-n_32673;p_19;#=ew_69_154524;prefix=04722-;[0]=ew_0_17497,K002M,PresentElder,315.972,315.622,https://labbcat.canterbury.ac.nz/maonze/transcript?ag_id=24#ew_0_17497,0.35,350,5.857933154,,
44,ea,g_1016;em_12_95857;n_6670675-n_7048167;p_188;#=ew_69_230631;prefix=77067-;[0]=ew_0_627934,R007M,PresentElder,264.372,264.032,https://labbcat.canterbury.ac.nz/maonze/transcript?ag_id=1016#ew_0_627934,0.34,340,5.828945618,,
5378,oa,g_16;em_12_1286;n_31913-n_31914;p_19;#=ew_69_152343;prefix=02340-;[0]=ew_0_11250,K002M,PresentElder,295.206,294.866,https://labbcat.canterbury.ac.nz/maonze/transcript?ag_id=16#ew_0_11250,0.34,340,5.828945618,,
5637,oa,g_1888;em_12_155406;n_5264236-n_5264249;p_334;#=ew_69_237838;prefix=83842-;[0]=ew_0_1174918,R011M,PresentElder,291.48,291.14,https://labbcat.canterbury.ac.nz/maonze/transcript?ag_id=1888#ew_0_1174918,0.34,340,5.828945618,,
8604,ua,g_308;em_12_160726;n_5999783-n_5999985;p_81;#=ew_69_186311;prefix=35688-;[0]=ew_0_1239816,L1Y03M,L1,277.543,277.203,https://labbcat.canterbury.ac.nz/maonze/transcript?ag_id=308#ew_0_1239816,0.34,340,5.828945618,,
9547,ua,g_633;em_12_66314;n_85759-n_85760;p_143;#=ew_69_203288;prefix=51933-;[0]=ew_0_403274,L2Y02M,L2,296.785,296.445,https://labbcat.canterbury.ac.nz/maonze/transcript?ag_id=633#ew_0_403274,0.34,340,5.828945618,,
374,ea,g_1212;em_12_109799;n_118527-n_118528;p_244;#=ew_69_244763;prefix=90853-;[0]=ew_0_731016,WU04M,Historical,76.497,76.157,https://labbcat.canterbury.ac.nz/maonze/transcript?ag_id=1212#ew_0_731016,0.34,340,5.828945618,,
502,ea,g_1383;em_12_118886;n_124386-n_124387;p_262;#=ew_69_248440;prefix=93988-;[0]=ew_0_820244,WU08M,Historical,146.887,146.547,https://labbcat.canterbury.ac.nz/maonze/transcript?ag_id=1383#ew_0_820244,0.34,340,5.828945618,,
870,ea,g_1674;em_12_163252;n_6459914-n_6459915;p_307;#=ew_69_200603;prefix=48866-;[0]=ew_0_1277573,L2H05M,L2,250.466,250.126,https://labbcat.canterbury.ac.nz/maonze/transcript?ag_id=1674#ew_0_1277573,0.34,340,5.828945618,,
1283,ea,g_27;em_12_2241;n_32848-n_32849;p_19;#=ew_69_154878;prefix=05226-;[0]=ew_0_19018,K002M,PresentElder,180.696,180.356,https://labbcat.canterbury.ac.nz/maonze/transcript?ag_id=27#ew_0_19018,0.34,340,5.828945618,,
2380,ea,g_878;em_12_87529;n_102091-n_102092;p_169;#=ew_69_175189;prefix=24912-;[0]=ew_0_556505,L1H03M,L1,234.343,234.003,https://labbcat.canterbury.ac.nz/maonze/transcript?ag_id=878#ew_0_556505,0.34,340,5.828945618,,
2700,ea,g_971;em_12_92924;n_106300-n_106301;p_184;#=ew_69_223520;prefix=70524-;[0]=ew_0_602399,R004M,PresentElder,43.051,42.711,https://labbcat.canterbury.ac.nz/maonze/transcript?ag_id=971#ew_0_602399,0.34,340,5.828945618,,
4927,oa,g_10;em_12_691;n_31338-n_31339;p_28;#=ew_69_149752;prefix=00484-;[0]=ew_0_6209,K001M,PresentElder,45.118,44.778,https://labbcat.canterbury.ac.nz/maonze/transcript?ag_id=10#ew_0_6209,0.34,340,5.828945618,,
5065,oa,g_1047;em_12_97536;n_109463-n_29944;p_193;#=ew_69_236649;prefix=82949-;[0]=ew_0_647027,R010M,PresentElder,199.43,199.09,https://labbcat.canterbury.ac.nz/maonze/transcript?ag_id=1047#ew_0_647027,0.34,340,5.828945618,,
5083,oa,g_1071;em_12_99577;n_110792-n_110793;p_206;#=ew_69_245739;prefix=91286-;[0]=ew_0_660092,WU06M,Historical,180.474109,180.134109,https://labbcat.canterbury.ac.nz/maonze/transcript?ag_id=1071#ew_0_660092,0.34,340,5.828945618,,
5167,oa,g_12;em_12_918;n_31554-n_31555;p_28;#=ew_69_149533;prefix=00118-;[0]=ew_0_8130,K001M,PresentElder,156.711,156.371,https://labbcat.canterbury.ac.nz/maonze/transcript?ag_id=12#ew_0_8130,0.34,340,5.828945618,,
5365,oa,g_1528;em_12_126331;n_130344-n_130345;p_287;#=ew_69_229453;prefix=76117-;[0]=ew_0_890242,R006M,PresentElder,212.389,212.049,https://labbcat.canterbury.ac.nz/maonze/transcript?ag_id=1528#ew_0_890242,0.34,340,5.828945618,,
5822,oa,g_305;em_12_162481;n_6240970-n_6240972;p_81;#=ew_69_186722;prefix=35172-;[0]=ew_0_1265959,L1Y03M,L1,171.507,171.167,https://labbcat.canterbury.ac.nz/maonze/transcript?ag_id=305#ew_0_1265959,0.34,340,5.828945618,,
5921,oa,g_340;em_12_33462;n_57680-n_57681;p_85;#=ew_69_185677;prefix=34803-;[0]=ew_0_223786,L1Y02M,L1,77.813,77.473,https://labbcat.canterbury.ac.nz/maonze/transcript?ag_id=340#ew_0_223786,0.34,340,5.828945618,,
5976,oa,g_372;em_12_36366;n_60181-n_4458840;p_92;#=ew_69_213748;prefix=61226-;[0]=ew_0_240986,MU04M,Historical,209.973,209.633,https://labbcat.canterbury.ac.nz/maonze/transcript?ag_id=372#ew_0_240986,0.34,340,5.828945618,,
6526,oa,g_928;em_12_90432;n_104250-n_104251;p_179;#=ew_69_217842;prefix=64912-;[0]=ew_0_581045,R001M,PresentElder,176.966,176.626,https://labbcat.canterbury.ac.nz/maonze/transcript?ag_id=928#ew_0_581045,0.34,340,5.828945618,,
6636,oa,g_977;em_12_93438;n_106644-n_16399;p_184;#=ew_69_224766;prefix=71583-;[0]=ew_0_606179,R004M,PresentElder,199.362,199.022,https://labbcat.canterbury.ac.nz/maonze/transcript?ag_id=977#ew_0_606179,0.34,340,5.828945618,,
6850,ua,g_1031;em_12_96482;n_108816-n_108817;p_190;#=ew_69_234246;prefix=80300-;[0]=ew_0_636102,R009M,PresentElder,156.434,156.094,https://labbcat.canterbury.ac.nz/maonze/transcript?ag_id=1031#ew_0_636102,0.34,340,5.828945618,,
7851,ua,g_1640;em_12_133206;n_135419-n_135420;p_288;#=ew_69_196117;prefix=44819-;[0]=ew_0_942729,L2H03M,L2,195.69,195.35,https://labbcat.canterbury.ac.nz/maonze/transcript?ag_id=1640#ew_0_942729,0.34,340,5.828945618,,
8754,ua,g_338;em_12_33407;n_57630-n_57631;p_85;#=ew_69_185187;prefix=34353-;[0]=ew_0_223020,L1Y02M,L1,98.824,98.484,https://labbcat.canterbury.ac.nz/maonze/transcript?ag_id=338#ew_0_223020,0.34,340,5.828945618,,
10234,ua,g_912;em_12_89358;n_103325-n_103326;p_173;#=ew_69_176645;prefix=26054-;[0]=ew_0_573018,L1H04M,L1,229.385,229.045,https://labbcat.canterbury.ac.nz/maonze/transcript?ag_id=912#ew_0_573018,0.34,340,5.828945618,,
10246,ua,g_915;em_12_89416;n_103351-n_103352;p_173;#=ew_69_176720;prefix=25752-;[0]=ew_0_573806,L1H04M,L1,67.685,67.345,https://labbcat.canterbury.ac.nz/maonze/transcript?ag_id=915#ew_0_573806,0.34,340,5.828945618,,
1517,ea,g_369;em_12_35852;n_59678-n_59679;p_92;#=ew_69_212904;prefix=60565-;[0]=ew_0_238051,MU04M,Historical,24.834,24.494,https://labbcat.canterbury.ac.nz/maonze/transcript?ag_id=369#ew_0_238051,0.34,340,5.828945618,,
2148,ea,g_669;em_12_70618;n_89400-n_89401;p_148;#=ew_69_208694;prefix=56226-;[0]=ew_0_424110,L2Y05M,L2,20.976,20.636,https://labbcat.canterbury.ac.nz/maonze/transcript?ag_id=669#ew_0_424110,0.34,340,5.828945618,,
4438,ia,g_668;em_12_70578;n_89367-n_89368;p_148;#=ew_69_208129;prefix=56023-;[0]=ew_0_423446,L2Y05M,L2,11.406,11.066,https://labbcat.canterbury.ac.nz/maonze/transcript?ag_id=668#ew_0_423446,0.34,340,5.828945618,,
5011,oa,g_1030;em_12_96405;n_108760-n_108761;p_190;#=ew_69_233831;prefix=80011-;[0]=ew_0_635027,R009M,PresentElder,16.567,16.227,https://labbcat.canterbury.ac.nz/maonze/transcript?ag_id=1030#ew_0_635027,0.34,340,5.828945618,,
7621,ua,g_1523;em_12_126104;n_6614358-n_130141;p_287;#=ew_69_228248;prefix=75156-;[0]=ew_0_886754,R006M,PresentElder,41.275,40.935,https://labbcat.canterbury.ac.nz/maonze/transcript?ag_id=1523#ew_0_886754,0.34,340,5.828945618,forced aligner error,y
10636,ua,g_986;em_12_93887;n_7043049-n_106969;p_182;#=ew_69_226124;prefix=72791-;[0]=ew_0_610235,R005M,PresentElder,64.073,63.733,https://labbcat.canterbury.ac.nz/maonze/transcript?ag_id=986#ew_0_610235,0.34,340,5.828945618,forced aligner error,y
853,ea,g_1670;em_12_134988;n_136782-n_136783;p_302;#=ew_69_198169;prefix=46906-;[0]=ew_0_957406,L2H04M,L2,87.606,87.266,https://labbcat.canterbury.ac.nz/maonze/transcript?ag_id=1670#ew_0_957406,0.34,340,5.828945618,,
1981,ea,g_623;em_12_65245;n_84788-n_84789;p_142;#=ew_69_183559;prefix=32505-;[0]=ew_0_395239,L1Y01M,L1,126.865,126.525,https://labbcat.canterbury.ac.nz/maonze/transcript?ag_id=623#ew_0_395239,0.34,340,5.828945618,,
10590,ua,g_978;em_12_93521;n_106696-n_106697;p_184;#=ew_69_225129;prefix=71747-;[0]=ew_0_606718,R004M,PresentElder,160.069,159.729,https://labbcat.canterbury.ac.nz/maonze/transcript?ag_id=978#ew_0_606718,0.34,340,5.828945618,,
797,ea,g_1660;em_12_134569;n_27403-n_136442;p_302;#=ew_69_196990;prefix=45495-;[0]=ew_0_952320,L2H04M,L2,139.858,139.528,https://labbcat.canterbury.ac.nz/maonze/transcript?ag_id=1660#ew_0_952320,0.33,330,5.799092654,,
2109,ea,g_658;em_12_69586;n_88471-n_88472;p_146;#=ew_69_206723;prefix=54619-;[0]=ew_0_417996,L2Y04M,L2,67.796,67.466,https://labbcat.canterbury.ac.nz/maonze/transcript?ag_id=658#ew_0_417996,0.33,330,5.799092654,,
2772,ea,g_980;em_12_93641;n_106783-n_106784;p_184;#=ew_69_224820;prefix=72014-;[0]=ew_0_607885,R004M,PresentElder,240.05,239.72,https://labbcat.canterbury.ac.nz/maonze/transcript?ag_id=980#ew_0_607885,0.33,330,5.799092654,,
2964,ia,g_1031;em_12_96489;n_108821-n_108822;p_190;#=ew_69_234297;prefix=80317-;[0]=ew_0_636174,R009M,PresentElder,187.316,186.986,https://labbcat.canterbury.ac.nz/maonze/transcript?ag_id=1031#ew_0_636174,0.33,330,5.799092654,,
4114,ia,g_462;em_12_47629;n_7946-n_69742;p_112;#=ew_69_162330;prefix=12420-;[0]=ew_0_1210820,K006M,PresentElder,133.167,132.837,https://labbcat.canterbury.ac.nz/maonze/transcript?ag_id=462#ew_0_1210820,0.33,330,5.799092654,,
4670,ia,g_904;em_12_88997;n_103159-n_103160;p_174;#=ew_69_178381;prefix=27525-;[0]=ew_0_568736,L1H05M,L1,146.58,146.25,https://labbcat.canterbury.ac.nz/maonze/transcript?ag_id=904#ew_0_568736,0.33,330,5.799092654,forced aligner error,y
5223,oa,g_1240;em_12_160139;n_5826285-n_5826287;p_249;#=ew_69_181332;prefix=30443-;[0]=ew_0_1227961,L1H06M,L1,207.145,206.815,https://labbcat.canterbury.ac.nz/maonze/transcript?ag_id=1240#ew_0_1227961,0.33,330,5.799092654,,
5556,oa,g_1753;em_12_140139;n_140786-n_140787;p_318;#=ew_69_231720;prefix=78395-;[0]=ew_0_1004189,R008M,PresentElder,193.233,192.903,https://labbcat.canterbury.ac.nz/maonze/transcript?ag_id=1753#ew_0_1004189,0.33,330,5.799092654,,
5608,oa,g_1854;em_12_150583;n_4609857-n_4609863;p_97;#=ew_69_215407;prefix=63265-;[0]=ew_0_1125692,MU07M,Historical,141.169,140.839,https://labbcat.canterbury.ac.nz/maonze/transcript?ag_id=1854#ew_0_1125692,0.33,330,5.799092654,,
6422,oa,g_87;em_12_160481;n_5958030-n_5958040;p_37;#=ew_69_161067;prefix=11577-;[0]=ew_0_1236083,K005M,PresentElder,181.572,181.242,https://labbcat.canterbury.ac.nz/maonze/transcript?ag_id=87#ew_0_1236083,0.33,330,5.799092654,forced aligner error,y
9768,ua,g_77;em_12_5387;n_35482-n_35483;p_37;#=ew_69_160780;prefix=10420-;[0]=ew_0_52855,K005M,PresentElder,226.752,226.422,https://labbcat.canterbury.ac.nz/maonze/transcript?ag_id=77#ew_0_52855,0.33,330,5.799092654,,
1481,ea,g_340;em_12_33459;n_57677-n_57678;p_85;#=ew_69_185665;prefix=34793-;[0]=ew_0_223749,L1Y02M,L1,61.112,60.782,https://labbcat.canterbury.ac.nz/maonze/transcript?ag_id=340#ew_0_223749,0.33,330,5.799092654,forced aligner error,y
5407,oa,g_1625;em_12_132292;n_26918-n_134650;p_299;#=ew_69_192422;prefix=41393-;[0]=ew_0_936891,L2H01M,L2,35.773,35.443,https://labbcat.canterbury.ac.nz/maonze/transcript?ag_id=1625#ew_0_936891,0.33,330,5.799092654,,
1325,ea,g_309;em_12_160782;n_5999692-n_5999903;p_81;#=ew_69_185901;prefix=35882-;[0]=ew_0_1239474,L1Y03M,L1,32.106,31.776,https://labbcat.canterbury.ac.nz/maonze/transcript?ag_id=309#ew_0_1239474,0.33,330,5.799092654,,
1702,ea,g_479;em_12_49237;n_71149-n_71150;p_121;#=ew_69_167938;prefix=17924-;[0]=ew_0_307955,K009M,PresentElder,29.553,29.223,https://labbcat.canterbury.ac.nz/maonze/transcript?ag_id=479#ew_0_307955,0.33,330,5.799092654,,
1690,ea,g_476;em_12_161851;n_6176197-n_6176218;p_121;#=ew_69_166912;prefix=17527-;[0]=ew_0_1258724,K009M,PresentElder,8.587,8.257,https://labbcat.canterbury.ac.nz/maonze/transcript?ag_id=476#ew_0_1258724,0.33,330,5.799092654,,
3521,ia,g_1663;em_12_134663;n_136508-n_136509;p_302;#=ew_69_197200;prefix=45813-;[0]=ew_0_953498,L2H04M,L2,14.316,13.986,https://labbcat.canterbury.ac.nz/maonze/transcript?ag_id=1663#ew_0_953498,0.33,330,5.799092654,,
7898,ua,g_1649;em_12_133731;n_135864-n_135865;p_300;#=ew_69_193433;prefix=42472-;[0]=ew_0_946707,L2H02M,L2,10.365,10.035,https://labbcat.canterbury.ac.nz/maonze/transcript?ag_id=1649#ew_0_946707,0.33,330,5.799092654,,
1446,ea,g_331;em_12_33229;n_57493-n_57494;p_85;#=ew_69_184175;prefix=33319-;[0]=ew_0_220749,L1Y02M,L1,56.117,55.787,https://labbcat.canterbury.ac.nz/maonze/transcript?ag_id=331#ew_0_220749,0.33,330,5.799092654,,
1471,ea,g_338;em_12_33397;n_57622-n_57623;p_85;#=ew_69_185160;prefix=34326-;[0]=ew_0_222870,L1Y02M,L1,30.389,30.059,https://labbcat.canterbury.ac.nz/maonze/transcript?ag_id=338#ew_0_222870,0.33,330,5.799092654,,
1678,ea,g_470;em_12_48618;n_70578-n_70579;p_120;#=ew_69_166482;prefix=16515-;[0]=ew_0_303133,K008M,PresentElder,102.696,102.366,https://labbcat.canterbury.ac.nz/maonze/transcript?ag_id=470#ew_0_303133,0.33,330,5.799092654,forced aligner error,y
2725,ea,g_974;em_12_93131;n_106461-n_106462;p_184;#=ew_69_223989;prefix=70969-;[0]=ew_0_604036,R004M,PresentElder,30.13,29.8,https://labbcat.canterbury.ac.nz/maonze/transcript?ag_id=974#ew_0_604036,0.33,330,5.799092654,,
3589,ia,g_1755;em_12_140283;n_140898-n_140899;p_318;#=ew_69_232071;prefix=78582-;[0]=ew_0_1004852,R008M,PresentElder,114.304,113.974,https://labbcat.canterbury.ac.nz/maonze/transcript?ag_id=1755#ew_0_1004852,0.33,330,5.799092654,,
5522,oa,g_1688;em_12_136029;n_137508-n_137509;p_307;#=ew_69_199698;prefix=47996-;[0]=ew_0_965608,L2H05M,L2,29.322,28.992,https://labbcat.canterbury.ac.nz/maonze/transcript?ag_id=1688#ew_0_965608,0.33,330,5.799092654,,
5610,oa,g_1856;em_12_150638;n_4611954-n_4611959;p_97;#=ew_69_215938;prefix=63326-;[0]=ew_0_1126258,MU07M,Historical,105.294,104.964,https://labbcat.canterbury.ac.nz/maonze/transcript?ag_id=1856#ew_0_1126258,0.33,330,5.799092654,,
7645,ua,g_1527;em_12_126266;n_130280-n_130281;p_287;#=ew_69_229087;prefix=75804-;[0]=ew_0_889184,R006M,PresentElder,53.408,53.078,https://labbcat.canterbury.ac.nz/maonze/transcript?ag_id=1527#ew_0_889184,0.33,330,5.799092654,forced aligner error,y
10243,ua,g_915;em_12_89413;n_103348-n_103349;p_173;#=ew_69_176693;prefix=25740-;[0]=ew_0_573759,L1H04M,L1,42.19,41.86,https://labbcat.canterbury.ac.nz/maonze/transcript?ag_id=915#ew_0_573759,0.33,330,5.799092654,,
1440,ea,g_328;em_12_33160;n_57441-n_57442;p_85;#=ew_69_184587;prefix=33678-;[0]=ew_0_219856,L1Y02M,L1,157.13,156.8,https://labbcat.canterbury.ac.nz/maonze/transcript?ag_id=328#ew_0_219856,0.33,330,5.799092654,forced aligner error,y
3910,ia,g_329;em_12_33191;n_5973-n_57458;p_85;#=ew_69_184712;prefix=34033-;[0]=ew_0_220195,L1Y02M,L1,154.403,154.073,https://labbcat.canterbury.ac.nz/maonze/transcript?ag_id=329#ew_0_220195,0.33,330,5.799092654,,
4311,ia,g_605;em_12_64400;n_83992-n_83993;p_140;#=ew_69_190989;prefix=39927-;[0]=ew_0_1249074,L1Y05M,L1,221.533,221.203,https://labbcat.canterbury.ac.nz/maonze/transcript?ag_id=605#ew_0_1249074,0.33,330,5.799092654,,
5742,oa,g_1913;em_12_157108;n_5290038-n_5290057;p_333;#=ew_69_240269;prefix=87257-;[0]=ew_0_1196224,R012M,PresentElder,192.164,191.834,https://labbcat.canterbury.ac.nz/maonze/transcript?ag_id=1913#ew_0_1196224,0.33,330,5.799092654,,
7238,ua,g_116;em_12_8413;n_37971-n_37972;p_43;#=ew_69_212106;prefix=59187-;[0]=ew_0_81508,MU02M,Historical,392.741,392.411,https://labbcat.canterbury.ac.nz/maonze/transcript?ag_id=116#ew_0_81508,0.33,330,5.799092654,,
7779,ua,g_1625;em_12_132334;n_134679-n_134680;p_299;#=ew_69_192523;prefix=41451-;[0]=ew_0_937161,L2H01M,L2,186.575,186.245,https://labbcat.canterbury.ac.nz/maonze/transcript?ag_id=1625#ew_0_937161,0.33,330,5.799092654,,
8573,ua,g_305;em_12_162444;n_6240977-n_6240880;p_81;#=ew_69_186734;prefix=35222-;[0]=ew_0_1265766,L1Y03M,L1,185.551,185.221,https://labbcat.canterbury.ac.nz/maonze/transcript?ag_id=305#ew_0_1265766,0.33,330,5.799092654,,
8827,ua,g_365;em_12_35278;n_59090-n_7018860;p_92;#=ew_69_212840;prefix=60010-;[0]=ew_0_236097,MU04M,Historical,134.588,134.258,https://labbcat.canterbury.ac.nz/maonze/transcript?ag_id=365#ew_0_236097,0.33,330,5.799092654,forced aligner error,y
9010,ua,g_456;em_12_158489;n_5391989-n_5391954;p_112;#=ew_69_161667;prefix=11844-;[0]=ew_0_1210245,K006M,PresentElder,191.736,191.406,https://labbcat.canterbury.ac.nz/maonze/transcript?ag_id=456#ew_0_1210245,0.33,330,5.799092654,,
9158,ua,g_489;em_12_50260;n_71952-n_8361;p_122;#=ew_69_170045;prefix=19489-;[0]=ew_0_314403,K010M,PresentElder,140.957,140.627,https://labbcat.canterbury.ac.nz/maonze/transcript?ag_id=489#ew_0_314403,0.33,330,5.799092654,forced aligner error,y
9858,ua,g_854;em_12_85830;n_100832-n_100833;p_167;#=ew_69_171819;prefix=21602-;[0]=ew_0_544076,L1H01M,L1,205.611,205.281,https://labbcat.canterbury.ac.nz/maonze/transcript?ag_id=854#ew_0_544076,0.33,330,5.799092654,,
491,ea,g_1372;em_12_118282;n_123829-n_123830;p_287;#=ew_69_227973;prefix=74820-;[0]=ew_0_814498,R006M,PresentElder,234.716,234.396,https://labbcat.canterbury.ac.nz/maonze/transcript?ag_id=1372#ew_0_814498,0.32,320,5.768320996,,
787,ea,g_1657;em_12_134433;n_136361-n_136362;p_300;#=ew_69_194737;prefix=43593-;[0]=ew_0_951198,L2H02M,L2,158.937,158.617,https://labbcat.canterbury.ac.nz/maonze/transcript?ag_id=1657#ew_0_951198,0.32,320,5.768320996,,
2464,ea,g_900;em_12_88779;n_102993-n_102994;p_173;#=ew_69_177729;prefix=27124-;[0]=ew_0_566677,L1H04M,L1,132.812,132.492,https://labbcat.canterbury.ac.nz/maonze/transcript?ag_id=900#ew_0_566677,0.32,320,5.768320996,,
2480,ea,g_902;em_12_88927;n_103099-n_103100;p_173;#=ew_69_177538;prefix=27020-;[0]=ew_0_567814,L1H04M,L1,201.788,201.468,https://labbcat.canterbury.ac.nz/maonze/transcript?ag_id=902#ew_0_567814,0.32,320,5.768320996,,
3140,ia,g_1130;em_12_105055;n_114603-n_114604;p_287;#=ew_69_227451;prefix=74434-;[0]=ew_0_692098,R006M,PresentElder,222.199,221.879,https://labbcat.canterbury.ac.nz/maonze/transcript?ag_id=1130#ew_0_692098,0.32,320,5.768320996,,
3813,ia,g_21;em_12_1746;n_32364-n_32365;p_19;#=ew_69_153205;prefix=03927-;[0]=ew_0_14969,K002M,PresentElder,149.972,149.652,https://labbcat.canterbury.ac.nz/maonze/transcript?ag_id=21#ew_0_14969,0.32,320,5.768320996,forced aligner error,y
5767,oa,g_1942;em_12_165563;n_6842478-n_6842497;p_41;#=ew_69_164983;prefix=15050-;[0]=ew_0_1295163,K007M,PresentElder,233.508,233.188,https://labbcat.canterbury.ac.nz/maonze/transcript?ag_id=1942#ew_0_1295163,0.32,320,5.768320996,,
6583,oa,g_951;em_12_91848;n_105484-n_105485;p_181;#=ew_69_220359;prefix=67990-;[0]=ew_0_592233,R002M,PresentElder,234.824,234.504,https://labbcat.canterbury.ac.nz/maonze/transcript?ag_id=951#ew_0_592233,0.32,320,5.768320996,,
8412,ua,g_1911;em_12_156987;n_5287888-n_5287904;p_333;#=ew_69_240720;prefix=87004-;[0]=ew_0_1193666,R012M,PresentElder,209.294,208.974,https://labbcat.canterbury.ac.nz/maonze/transcript?ag_id=1911#ew_0_1193666,0.32,320,5.768320996,,
2061,ea,g_636;em_12_66525;n_85920-n_85921;p_145;#=ew_69_201334;prefix=49149-;[0]=ew_0_404909,L2Y01M,L2,74.263,73.943,https://labbcat.canterbury.ac.nz/maonze/transcript?ag_id=636#ew_0_404909,0.32,320,5.768320996,,
2886,ia,g_1015;em_12_95767;n_16884-n_16885;p_188;#=ew_69_230491;prefix=76932-;[0]=ew_0_627221,R007M,PresentElder,90.299,89.979,https://labbcat.canterbury.ac.nz/maonze/transcript?ag_id=1015#ew_0_627221,0.32,320,5.768320996,,
3045,ia,g_1071;em_12_151825;n_4690878-n_4690879;p_206;#=ew_69_245636;prefix=91192-;[0]=ew_0_1133675,WU06M,Historical,85.259,84.939,https://labbcat.canterbury.ac.nz/maonze/transcript?ag_id=1071#ew_0_1133675,0.32,320,5.768320996,,
3249,ia,g_1230;em_12_160240;n_5826804-n_21061;p_249;#=ew_69_180000;prefix=29432-;[0]=ew_0_1227492,L1H06M,L1,84.956,84.636,https://labbcat.canterbury.ac.nz/maonze/transcript?ag_id=1230#ew_0_1227492,0.32,320,5.768320996,,
5512,oa,g_1680;em_12_135558;n_27604-n_27605;p_307;#=ew_69_199537;prefix=47914-;[0]=ew_0_962177,L2H05M,L2,112.998,112.678,https://labbcat.canterbury.ac.nz/maonze/transcript?ag_id=1680#ew_0_962177,0.32,320,5.768320996,,
6222,oa,g_618;em_12_65049;n_84607-n_84608;p_142;#=ew_69_182833;prefix=31993-;[0]=ew_0_392856,L1Y01M,L1,117.721,117.401,https://labbcat.canterbury.ac.nz/maonze/transcript?ag_id=618#ew_0_392856,0.32,320,5.768320996,,
7700,ua,g_1543;em_12_127122;n_25717-n_130725;p_291;#=ew_69_216399;prefix=63793-;[0]=ew_0_897588,MU09M,Historical,74.313,73.993,https://labbcat.canterbury.ac.nz/maonze/transcript?ag_id=1543#ew_0_897588,0.32,320,5.768320996,,
10176,ua,g_907;em_12_89152;n_103248-n_103249;p_173;#=ew_69_177368;prefix=26575-;[0]=ew_0_570197,L1H04M,L1,98.655,98.335,https://labbcat.canterbury.ac.nz/maonze/transcript?ag_id=907#ew_0_570197,0.32,320,5.768320996,,
10459,ua,g_958;em_12_92121;n_105716-n_105717;p_183;#=ew_69_221596;prefix=68728-;[0]=ew_0_595357,R003M,PresentElder,94.558,94.238,https://labbcat.canterbury.ac.nz/maonze/transcript?ag_id=958#ew_0_595357,0.32,320,5.768320996,,
371,ea,g_1212;em_12_109785;n_118513-n_118514;p_244;#=ew_69_244713;prefix=90805-;[0]=ew_0_730854,WU04M,Historical,4.094,3.774,https://labbcat.canterbury.ac.nz/maonze/transcript?ag_id=1212#ew_0_730854,0.32,320,5.768320996,,
2780,ea,g_982;em_12_93723;n_106831-n_106832;p_184;#=ew_69_225279;prefix=72139-;[0]=ew_0_608466,R004M,PresentElder,26.982,26.662,https://labbcat.canterbury.ac.nz/maonze/transcript?ag_id=982#ew_0_608466,0.32,320,5.768320996,,
3340,ia,g_14;em_12_1083;n_31717-n_31718;p_19;#=ew_69_151697;prefix=03094-;[0]=ew_0_9368,K002M,PresentElder,35.318,34.998,https://labbcat.canterbury.ac.nz/maonze/transcript?ag_id=14#ew_0_9368,0.32,320,5.768320996,,
3571,ia,g_1689;em_12_136112;n_137573-n_137574;p_307;#=ew_69_200311;prefix=48882-;[0]=ew_0_1277290,L2H05M,L2,41.327,41.007,https://labbcat.canterbury.ac.nz/maonze/transcript?ag_id=1689#ew_0_1277290,0.32,320,5.768320996,,
3764,ia,g_1923;em_12_163400;n_6538220-n_6538230;p_181;#=ew_69_220929;prefix=68529-;[0]=ew_0_1279278,R002M,PresentElder,48.625,48.305,https://labbcat.canterbury.ac.nz/maonze/transcript?ag_id=1923#ew_0_1279278,0.32,320,5.768320996,,
6294,oa,g_641;em_12_66912;n_86181-n_86182;p_145;#=ew_69_201511;prefix=49854-;[0]=ew_0_408528,L2Y01M,L2,48.103,47.783,https://labbcat.canterbury.ac.nz/maonze/transcript?ag_id=641#ew_0_408528,0.32,320,5.768320996,,
6436,oa,g_877;em_12_87390;n_102002-n_102003;p_169;#=ew_69_175299;prefix=24720-;[0]=ew_0_555680,L1H03M,L1,28.202,27.882,https://labbcat.canterbury.ac.nz/maonze/transcript?ag_id=877#ew_0_555680,0.32,320,5.768320996,,
6442,oa,g_881;em_12_87683;n_102184-n_102185;p_169;#=ew_69_174995;prefix=25041-;[0]=ew_0_557392,L1H03M,L1,25.919,25.599,https://labbcat.canterbury.ac.nz/maonze/transcript?ag_id=881#ew_0_557392,0.32,320,5.768320996,,
8035,ua,g_1671;em_12_135010;n_136802-n_136803;p_302;#=ew_69_198748;prefix=46999-;[0]=ew_0_1277096,L2H04M,L2,23.802,23.482,https://labbcat.canterbury.ac.nz/maonze/transcript?ag_id=1671#ew_0_1277096,0.32,320,5.768320996,,
5631,oa,g_1884;em_12_155127;n_5259581-n_5259591;p_334;#=ew_69_237230;prefix=83435-;[0]=ew_0_1171384,R011M,PresentElder,23.33,23.01,https://labbcat.canterbury.ac.nz/maonze/transcript?ag_id=1884#ew_0_1171384,0.32,320,5.768320996,,
358,ea,g_1207;em_12_109461;n_118250-n_118251;p_244;#=ew_69_243891;prefix=90218-;[0]=ew_0_728573,WU04M,Historical,156.672,156.352,https://labbcat.canterbury.ac.nz/maonze/transcript?ag_id=1207#ew_0_728573,0.32,320,5.768320996,,
589,ea,g_1525;em_12_126203;n_130229-n_6614581;p_287;#=ew_69_228853;prefix=75576-;[0]=ew_0_888270,R006M,PresentElder,195.787,195.467,https://labbcat.canterbury.ac.nz/maonze/transcript?ag_id=1525#ew_0_888270,0.32,320,5.768320996,forced aligner error,y
800,ea,g_1662;em_12_134629;n_136479-n_136480;p_302;#=ew_69_197054;prefix=45718-;[0]=ew_0_953140,L2H04M,L2,82.08,81.76,https://labbcat.canterbury.ac.nz/maonze/transcript?ag_id=1662#ew_0_953140,0.32,320,5.768320996,,
956,ea,g_1840;em_12_149016;n_3847926-n_3847944;p_49;#=ew_69_204803;prefix=52469-;[0]=ew_0_1101145,L2Y03M,L2,360.156,359.836,https://labbcat.canterbury.ac.nz/maonze/transcript?ag_id=1840#ew_0_1101145,0.32,320,5.768320996,forced aligner error,y
979,ea,g_1845;em_12_149293;n_3851617-n_3851626;p_49;#=ew_69_204966;prefix=53034-;[0]=ew_0_1104271,L2Y03M,L2,109.372,109.052,https://labbcat.canterbury.ac.nz/maonze/transcript?ag_id=1845#ew_0_1104271,0.32,320,5.768320996,,
1155,ea,g_1941;em_12_165418;n_6840653-n_6840663;p_112;#=ew_69_161878;prefix=12012-;[0]=ew_0_1294274,K006M,PresentElder,108.564,108.244,https://labbcat.canterbury.ac.nz/maonze/transcript?ag_id=1941#ew_0_1294274,0.32,320,5.768320996,,
1713,ea,g_480;em_12_49319;n_71217-n_71218;p_121;#=ew_69_168610;prefix=18204-;[0]=ew_0_308938,K009M,PresentElder,177.137,176.817,https://labbcat.canterbury.ac.nz/maonze/transcript?ag_id=480#ew_0_308938,0.32,320,5.768320996,,
1877,ea,g_60;em_12_158383;n_5388115-n_5388119;p_32;#=ew_69_159206;prefix=09907-;[0]=ew_0_1209780,K004M,PresentElder,214.043,213.723,https://labbcat.canterbury.ac.nz/maonze/transcript?ag_id=60#ew_0_1209780,0.32,320,5.768320996,,
1909,ea,g_607;em_12_64562;n_84138-n_84139;p_140;#=ew_69_191382;prefix=40243-;[0]=ew_0_387657,L1Y05M,L1,262.165,261.845,https://labbcat.canterbury.ac.nz/maonze/transcript?ag_id=607#ew_0_387657,0.32,320,5.768320996,,
1915,ea,g_61;em_12_4238;n_34557-n_34558;p_32;#=ew_69_159329;prefix=10028-;[0]=ew_0_42083,K004M,PresentElder,214.046,213.726,https://labbcat.canterbury.ac.nz/maonze/transcript?ag_id=61#ew_0_42083,0.32,320,5.768320996,,
2242,ea,g_851;em_12_85574;n_100586-n_100587;p_167;#=ew_69_171084;prefix=21088-;[0]=ew_0_541973,L1H01M,L1,71.404,71.084,https://labbcat.canterbury.ac.nz/maonze/transcript?ag_id=851#ew_0_541973,0.32,320,5.768320996,,
2516,ea,g_926;em_12_90227;n_104047-n_104048;p_179;#=ew_69_217440;prefix=64494-;[0]=ew_0_579728,R001M,PresentElder,106.309,105.989,https://labbcat.canterbury.ac.nz/maonze/transcript?ag_id=926#ew_0_579728,0.32,320,5.768320996,,
2587,ea,g_947;em_12_91640;n_105317-n_105318;p_181;#=ew_69_220732;prefix=67263-;[0]=ew_0_589394,R002M,PresentElder,111.58,111.26,https://labbcat.canterbury.ac.nz/maonze/transcript?ag_id=947#ew_0_589394,0.32,320,5.768320996,,
2744,ea,g_977;em_12_93426;n_106638-n_106639;p_184;#=ew_69_224706;prefix=71564-;[0]=ew_0_606107,R004M,PresentElder,165.337,165.017,https://labbcat.canterbury.ac.nz/maonze/transcript?ag_id=977#ew_0_606107,0.32,320,5.768320996,,
2838,ea,g_993;em_12_94190;n_107225-n_107226;p_182;#=ew_69_227139;prefix=73755-;[0]=ew_0_613936,R005M,PresentElder,101.562,101.242,https://labbcat.canterbury.ac.nz/maonze/transcript?ag_id=993#ew_0_613936,0.32,320,5.768320996,,
3280,ia,g_1372;em_12_118264;n_123811-n_6613434;p_287;#=ew_69_227801;prefix=74735-;[0]=ew_0_814234,R006M,PresentElder,117.913,117.593,https://labbcat.canterbury.ac.nz/maonze/transcript?ag_id=1372#ew_0_814234,0.32,320,5.768320996,forced aligner error,y
3992,ia,g_375;em_12_36951;n_60757-n_60759;p_92;#=ew_69_213332;prefix=61561-;[0]=ew_0_1117506,MU04M,Historical,151.408,151.088,https://labbcat.canterbury.ac.nz/maonze/transcript?ag_id=375#ew_0_1117506,0.32,320,5.768320996,,
4513,ia,g_855;em_12_85874;n_100869-n_100870;p_167;#=ew_69_172052;prefix=21676-;[0]=ew_0_544386,L1H01M,L1,99.475,99.155,https://labbcat.canterbury.ac.nz/maonze/transcript?ag_id=855#ew_0_544386,0.32,320,5.768320996,,
4527,ia,g_858;em_12_86093;n_101074-n_101075;p_167;#=ew_69_172151;prefix=22158-;[0]=ew_0_546106,L1H01M,L1,79.639,79.319,https://labbcat.canterbury.ac.nz/maonze/transcript?ag_id=858#ew_0_546106,0.32,320,5.768320996,,
5215,oa,g_1235;em_12_111139;n_5824779-n_21397;p_249;#=ew_69_180922;prefix=29922-;[0]=ew_0_742493,L1H06M,L1,136.31,135.99,https://labbcat.canterbury.ac.nz/maonze/transcript?ag_id=1235#ew_0_742493,0.32,320,5.768320996,,
5373,oa,g_1547;em_12_127332;n_30444-n_130855;p_291;#=ew_69_216801;prefix=64036-;[0]=ew_0_899644,MU09M,Historical,139.499,139.179,https://labbcat.canterbury.ac.nz/maonze/transcript?ag_id=1547#ew_0_899644,0.32,320,5.768320996,,
5606,oa,g_1854;em_12_150474;n_4609915-n_4609919;p_97;#=ew_69_215411;prefix=63249-;[0]=ew_0_1125685,MU07M,Historical,162.72,162.4,https://labbcat.canterbury.ac.nz/maonze/transcript?ag_id=1854#ew_0_1125685,0.32,320,5.768320996,,
5810,oa,g_24;em_12_1998;n_32613-n_32614;p_19;#=ew_69_154352;prefix=04563-;[0]=ew_0_16992,K002M,PresentElder,85.359,85.039,https://labbcat.canterbury.ac.nz/maonze/transcript?ag_id=24#ew_0_16992,0.32,320,5.768320996,forced aligner error,y
6173,oa,g_598;em_12_63999;n_83598-n_29494;p_140;#=ew_69_189626;prefix=38601-;[0]=ew_0_381773,L1Y05M,L1,316.265,315.945,https://labbcat.canterbury.ac.nz/maonze/transcript?ag_id=598#ew_0_381773,0.32,320,5.768320996,,
6322,oa,g_663;em_12_70429;n_89225-n_89226;p_148;#=ew_69_207763;prefix=55265-;[0]=ew_0_420916,L2Y05M,L2,312.599,312.279,https://labbcat.canterbury.ac.nz/maonze/transcript?ag_id=663#ew_0_420916,0.32,320,5.768320996,,
6344,oa,g_77;em_12_5380;n_35475-n_35476;p_37;#=ew_69_160749;prefix=10390-;[0]=ew_0_52756,K005M,PresentElder,185.488,185.168,https://labbcat.canterbury.ac.nz/maonze/transcript?ag_id=77#ew_0_52756,0.32,320,5.768320996,,
6356,oa,g_849;em_12_85475;n_100491-n_100492;p_167;#=ew_69_171486;prefix=20864-;[0]=ew_0_541143,L1H01M,L1,199.802,199.482,https://labbcat.canterbury.ac.nz/maonze/transcript?ag_id=849#ew_0_541143,0.32,320,5.768320996,,
6738,ua,g_1011;em_12_95514;n_108361-n_108362;p_188;#=ew_69_229588;prefix=76590-;[0]=ew_0_625568,R007M,PresentElder,208.932,208.612,https://labbcat.canterbury.ac.nz/maonze/transcript?ag_id=1011#ew_0_625568,0.32,320,5.768320996,,
6761,ua,g_1017;em_12_95918;n_17022-n_17023;p_188;#=ew_69_230746;prefix=77178-;[0]=ew_0_628433,R007M,PresentElder,261.123,260.803,https://labbcat.canterbury.ac.nz/maonze/transcript?ag_id=1017#ew_0_628433,0.32,320,5.768320996,,
7164,ua,g_1087;em_12_100481;n_18436-n_111575;p_208;#=ew_69_247898;prefix=93420-;[0]=ew_0_668640,WU07M,Historical,190.154,189.834,https://labbcat.canterbury.ac.nz/maonze/transcript?ag_id=1087#ew_0_668640,0.32,320,5.768320996,,
7441,ua,g_136;em_12_9558;n_39032-n_39033;p_284;#=ew_69_208981;prefix=57547-;[0]=ew_0_91840,MU01M,Historical,166.025,165.705,https://labbcat.canterbury.ac.nz/maonze/transcript?ag_id=136#ew_0_91840,0.32,320,5.768320996,,
7669,ua,g_1528;em_12_126340;n_130356-n_130354;p_287;#=ew_69_229486;prefix=76150-;[0]=ew_0_890375,R006M,PresentElder,271.457,271.137,https://labbcat.canterbury.ac.nz/maonze/transcript?ag_id=1528#ew_0_890375,0.32,320,5.768320996,,
7807,ua,g_1633;em_12_132727;n_134974-n_134975;p_288;#=ew_69_195445;prefix=43910-;[0]=ew_0_939752,L2H03M,L2,225.605,225.285,https://labbcat.canterbury.ac.nz/maonze/transcript?ag_id=1633#ew_0_939752,0.32,320,5.768320996,,
8144,ua,g_1751;em_12_140009;n_140675-n_30654;p_318;#=ew_69_231518;prefix=78210-;[0]=ew_0_1003504,R008M,PresentElder,228.412,228.092,https://labbcat.canterbury.ac.nz/maonze/transcript?ag_id=1751#ew_0_1003504,0.32,320,5.768320996,,
8414,ua,g_1911;em_12_156999;n_5287846-n_5287868;p_333;#=ew_69_240705;prefix=86991-;[0]=ew_0_1193814,R012M,PresentElder,197.363,197.043,https://labbcat.canterbury.ac.nz/maonze/transcript?ag_id=1911#ew_0_1193814,0.32,320,5.768320996,forced aligner error,y
8532,ua,g_24;em_12_2006;n_32621-n_32622;p_19;#=ew_69_154371;prefix=04580-;[0]=ew_0_17055,K002M,PresentElder,118.506,118.186,https://labbcat.canterbury.ac.nz/maonze/transcript?ag_id=24#ew_0_17055,0.32,320,5.768320996,,
9301,ua,g_601;em_12_64173;n_83769-n_83770;p_140;#=ew_69_190237;prefix=39059-;[0]=ew_0_383546,L1Y05M,L1,257.836,257.516,https://labbcat.canterbury.ac.nz/maonze/transcript?ag_id=601#ew_0_383546,0.32,320,5.768320996,,
9857,ua,g_854;em_12_85829;n_100831-n_100832;p_167;#=ew_69_171815;prefix=21600-;[0]=ew_0_544073,L1H01M,L1,204.299,203.979,https://labbcat.canterbury.ac.nz/maonze/transcript?ag_id=854#ew_0_544073,0.32,320,5.768320996,,
10207,ua,g_910;em_12_89267;n_103290-n_103291;p_173;#=ew_69_176179;prefix=26218-;[0]=ew_0_571698,L1H04M,L1,81.419,81.099,https://labbcat.canterbury.ac.nz/maonze/transcript?ag_id=910#ew_0_571698,0.32,320,5.768320996,,
63,ea,g_1021;em_12_163704;n_6670558-n_6670565;p_188;#=ew_69_230893;prefix=77499-;[0]=ew_0_1282466,R007M,PresentElder,269.021,268.711,https://labbcat.canterbury.ac.nz/maonze/transcript?ag_id=1021#ew_0_1282466,0.31,310,5.736572297,,
66,ea,g_1021;em_12_96033;n_6670474-n_6670481;p_188;#=ew_69_230835;prefix=77442-;[0]=ew_0_629529,R007M,PresentElder,113.769,113.459,https://labbcat.canterbury.ac.nz/maonze/transcript?ag_id=1021#ew_0_629529,0.31,310,5.736572297,,
584,ea,g_1524;em_12_126173;n_130200-n_130201;p_287;#=ew_69_228832;prefix=75427-;[0]=ew_0_887797,R006M,PresentElder,228.167,227.857,https://labbcat.canterbury.ac.nz/maonze/transcript?ag_id=1524#ew_0_887797,0.31,310,5.736572297,,
761,ea,g_1653;em_12_134162;n_136175-n_136176;p_300;#=ew_69_194920;prefix=43137-;[0]=ew_0_949209,L2H02M,L2,173.732,173.422,https://labbcat.canterbury.ac.nz/maonze/transcript?ag_id=1653#ew_0_949209,0.31,310,5.736572297,,
918,ea,g_1684;em_12_135866;n_137427-n_137428;p_307;#=ew_69_199357;prefix=47636-;[0]=ew_0_964495,L2H05M,L2,238.029,237.719,https://labbcat.canterbury.ac.nz/maonze/transcript?ag_id=1684#ew_0_964495,0.31,310,5.736572297,,
927,ea,g_1746;em_12_139614;n_140327-n_140328;p_318;#=ew_69_231059;prefix=77633-;[0]=ew_0_1001433,R008M,PresentElder,121.286,120.976,https://labbcat.canterbury.ac.nz/maonze/transcript?ag_id=1746#ew_0_1001433,0.31,310,5.736572297,,
935,ea,g_1754;em_12_140177;n_140823-n_28561;p_318;#=ew_69_231871;prefix=78461-;[0]=ew_0_1004396,R008M,PresentElder,83.53,83.22,https://labbcat.canterbury.ac.nz/maonze/transcript?ag_id=1754#ew_0_1004396,0.31,310,5.736572297,,
937,ea,g_1755;em_12_140274;n_140889-n_140890;p_318;#=ew_69_232050;prefix=78561-;[0]=ew_0_1004777,R008M,PresentElder,74.726,74.416,https://labbcat.canterbury.ac.nz/maonze/transcript?ag_id=1755#ew_0_1004777,0.31,310,5.736572297,,
940,ea,g_1755;em_12_140324;n_140939-n_140940;p_318;#=ew_69_232148;prefix=78657-;[0]=ew_0_1005163,R008M,PresentElder,277.608,277.298,https://labbcat.canterbury.ac.nz/maonze/transcript?ag_id=1755#ew_0_1005163,0.31,310,5.736572297,,
959,ea,g_1841;em_12_149045;n_3848329-n_3848345;p_49;#=ew_69_204262;prefix=52532-;[0]=ew_0_1101489,L2Y03M,L2,139.347,139.037,https://labbcat.canterbury.ac.nz/maonze/transcript?ag_id=1841#ew_0_1101489,0.31,310,5.736572297,,
1030,ea,g_1855;em_12_150619;n_4611063-n_4611078;p_97;#=ew_69_215903;prefix=63293-;[0]=ew_0_1125925,MU07M,Historical,160.767,160.457,https://labbcat.canterbury.ac.nz/maonze/transcript?ag_id=1855#ew_0_1125925,0.31,310,5.736572297,,
1086,ea,g_1902;em_12_156401;n_5279318-n_5279338;p_333;#=ew_69_239524;prefix=85393-;[0]=ew_0_1186517,R012M,PresentElder,206.457,206.147,https://labbcat.canterbury.ac.nz/maonze/transcript?ag_id=1902#ew_0_1186517,0.31,310,5.736572297,,
1338,ea,g_312;em_12_30424;n_55110-n_5999838;p_81;#=ew_69_186964;prefix=36170-;[0]=ew_0_1239357,L1Y03M,L1,139.028,138.718,https://labbcat.canterbury.ac.nz/maonze/transcript?ag_id=312#ew_0_1239357,0.31,310,5.736572297,,
1458,ea,g_334;em_12_33278;n_57529-n_57530;p_85;#=ew_69_184970;prefix=34189-;[0]=ew_0_221352,L1Y02M,L1,52.515,52.205,https://labbcat.canterbury.ac.nz/maonze/transcript?ag_id=334#ew_0_221352,0.31,310,5.736572297,,
1579,ea,g_41;em_12_3310;n_33669-n_33670;p_276;#=ew_69_242461;prefix=88501-;[0]=ew_0_27602,WU03M,Historical,145.573,145.263,https://labbcat.canterbury.ac.nz/maonze/transcript?ag_id=41#ew_0_27602,0.31,310,5.736572297,,
1682,ea,g_471;em_12_48738;n_70677-n_70678;p_120;#=ew_69_166577;prefix=16590-;[0]=ew_0_303437,K008M,PresentElder,120.146,119.836,https://labbcat.canterbury.ac.nz/maonze/transcript?ag_id=471#ew_0_303437,0.31,310,5.736572297,,
1773,ea,g_497;em_12_51546;n_72877-n_72878;p_122;#=ew_69_170612;prefix=20547-;[0]=ew_0_319740,K010M,PresentElder,211.436,211.126,https://labbcat.canterbury.ac.nz/maonze/transcript?ag_id=497#ew_0_319740,0.31,310,5.736572297,,
1862,ea,g_59;em_12_162217;n_6219101-n_6219102;p_32;#=ew_69_159483;prefix=09628-;[0]=ew_0_1263332,K004M,PresentElder,133.571,133.261,https://labbcat.canterbury.ac.nz/maonze/transcript?ag_id=59#ew_0_1263332,0.31,310,5.736572297,,
1916,ea,g_61;em_12_4241;n_34560-n_34561;p_32;#=ew_69_159336;prefix=10034-;[0]=ew_0_42103,K004M,PresentElder,222.262,221.952,https://labbcat.canterbury.ac.nz/maonze/transcript?ag_id=61#ew_0_42103,0.31,310,5.736572297,,
2087,ea,g_650;em_12_67824;n_86967-n_86968;p_146;#=ew_69_206308;prefix=53903-;[0]=ew_0_414061,L2Y04M,L2,260.539,260.229,https://labbcat.canterbury.ac.nz/maonze/transcript?ag_id=650#ew_0_414061,0.31,310,5.736572297,,
2115,ea,g_661;em_12_70242;n_89058-n_89059;p_146;#=ew_69_206982;prefix=54932-;[0]=ew_0_419494,L2Y04M,L2,24.324,24.014,https://labbcat.canterbury.ac.nz/maonze/transcript?ag_id=661#ew_0_419494,0.31,310,5.736572297,,
2177,ea,g_671;em_12_70696;n_89474-n_89475;p_148;#=ew_69_208670;prefix=56564-;[0]=ew_0_425566,L2Y05M,L2,84.142,83.832,https://labbcat.canterbury.ac.nz/maonze/transcript?ag_id=671#ew_0_425566,0.31,310,5.736572297,,
2379,ea,g_878;em_12_87523;n_102090-n_15055;p_169;#=ew_69_175164;prefix=24905-;[0]=ew_0_556471,L1H03M,L1,222.04,221.73,https://labbcat.canterbury.ac.nz/maonze/transcript?ag_id=878#ew_0_556471,0.31,310,5.736572297,,
3322,ia,g_1391;em_12_151912;n_4711945-n_4711948;p_262;#=ew_69_249129;prefix=95024-;[0]=ew_0_1134718,WU08M,Historical,132.296,131.986,https://labbcat.canterbury.ac.nz/maonze/transcript?ag_id=1391#ew_0_1134718,0.31,310,5.736572297,,
3498,ia,g_1653;em_12_134135;n_136152-n_136153;p_300;#=ew_69_194781;prefix=43085-;[0]=ew_0_949047,L2H02M,L2,109.446,109.136,https://labbcat.canterbury.ac.nz/maonze/transcript?ag_id=1653#ew_0_949047,0.31,310,5.736572297,,
3638,ia,g_1868;em_12_154054;n_5221580-n_5221592;p_334;#=ew_69_237146;prefix=83597-;[0]=ew_0_1157891,R011M,PresentElder,138.925,138.615,https://labbcat.canterbury.ac.nz/maonze/transcript?ag_id=1868#ew_0_1157891,0.31,310,5.736572297,,
4113,ia,g_461;em_12_47574;n_5391661-n_69706;p_112;#=ew_69_162218;prefix=12320-;[0]=ew_0_297835,K006M,PresentElder,231.887,231.577,https://labbcat.canterbury.ac.nz/maonze/transcript?ag_id=461#ew_0_297835,0.31,310,5.736572297,forced aligner error,y
4480,ia,g_77;em_12_5367;n_35462-n_35463;p_37;#=ew_69_160679;prefix=10325-;[0]=ew_0_1209303,K005M,PresentElder,84.622,84.312,https://labbcat.canterbury.ac.nz/maonze/transcript?ag_id=77#ew_0_1209303,0.31,310,5.736572297,forced aligner error,y
4519,ia,g_856;em_12_85938;n_100929-n_100930;p_167;#=ew_69_171879;prefix=21835-;[0]=ew_0_544952,L1H01M,L1,72.559,72.249,https://labbcat.canterbury.ac.nz/maonze/transcript?ag_id=856#ew_0_544952,0.31,310,5.736572297,,
4566,ia,g_866;em_12_159622;n_5715780-n_5715786;p_168;#=ew_69_173342;prefix=23482-;[0]=ew_0_1221105,L1H02M,L1,181.304,180.994,https://labbcat.canterbury.ac.nz/maonze/transcript?ag_id=866#ew_0_1221105,0.31,310,5.736572297,,
5188,oa,g_1208;em_12_109527;n_118315-n_118316;p_244;#=ew_69_243606;prefix=90324-;[0]=ew_0_728945,WU04M,Historical,67.785,67.475,https://labbcat.canterbury.ac.nz/maonze/transcript?ag_id=1208#ew_0_728945,0.31,310,5.736572297,,
5217,oa,g_1236;em_12_111247;n_21494-n_21495;p_249;#=ew_69_180526;prefix=30052-;[0]=ew_0_743361,L1H06M,L1,232.697,232.387,https://labbcat.canterbury.ac.nz/maonze/transcript?ag_id=1236#ew_0_743361,0.31,310,5.736572297,,
5309,oa,g_1515;em_12_125703;n_129809-n_25225;p_276;#=ew_69_242170;prefix=88171-;[0]=ew_0_882654,WU03M,Historical,210.022,209.712,https://labbcat.canterbury.ac.nz/maonze/transcript?ag_id=1515#ew_0_882654,0.31,310,5.736572297,,
5427,oa,g_1641;em_12_133244;n_135456-n_135457;p_288;#=ew_69_196593;prefix=44914-;[0]=ew_0_943051,L2H03M,L2,120.514,120.204,https://labbcat.canterbury.ac.nz/maonze/transcript?ag_id=1641#ew_0_943051,0.31,310,5.736572297,,
5567,oa,g_1756;em_12_140348;n_140961-n_140962;p_318;#=ew_69_231950;prefix=78699-;[0]=ew_0_1005361,R008M,PresentElder,85.742,85.432,https://labbcat.canterbury.ac.nz/maonze/transcript?ag_id=1756#ew_0_1005361,0.31,310,5.736572297,,
5639,oa,g_1888;em_12_155430;n_5264053-n_5264077;p_334;#=ew_69_237745;prefix=83781-;[0]=ew_0_1174403,R011M,PresentElder,239.166,238.856,https://labbcat.canterbury.ac.nz/maonze/transcript?ag_id=1888#ew_0_1174403,0.31,310,5.736572297,,
5762,oa,g_1922;em_12_162639;n_6279122-n_6279128;p_337;#=ew_69_217040;prefix=64311-;[0]=ew_0_1267911,MU11M,Historical,290.386,290.076,https://labbcat.canterbury.ac.nz/maonze/transcript?ag_id=1922#ew_0_1267911,0.31,310,5.736572297,,
5768,oa,g_1942;em_12_165570;n_6841814-n_6841822;p_41;#=ew_69_164816;prefix=15102-;[0]=ew_0_1295389,K007M,PresentElder,61.267,60.957,https://labbcat.canterbury.ac.nz/maonze/transcript?ag_id=1942#ew_0_1295389,0.31,310,5.736572297,,
5812,oa,g_25;em_12_2100;n_32714-n_32715;p_19;#=ew_69_153959;prefix=04847-;[0]=ew_0_17826,K002M,PresentElder,46.395,46.085,https://labbcat.canterbury.ac.nz/maonze/transcript?ag_id=25#ew_0_17826,0.31,310,5.736572297,forced aligner error,y
5937,oa,g_351;em_12_33864;n_57988-n_7017871;p_87;#=ew_69_211032;prefix=59573-;[0]=ew_0_227932,MU03M,Historical,134.436,134.126,https://labbcat.canterbury.ac.nz/maonze/transcript?ag_id=351#ew_0_227932,0.31,310,5.736572297,,
6067,oa,g_471;em_12_48741;n_70680-n_70681;p_120;#=ew_69_166579;prefix=16592-;[0]=ew_0_303448,K008M,PresentElder,125.76,125.45,https://labbcat.canterbury.ac.nz/maonze/transcript?ag_id=471#ew_0_303448,0.31,310,5.736572297,,
6325,oa,g_665;em_12_70475;n_89269-n_89270;p_148;#=ew_69_207391;prefix=55486-;[0]=ew_0_421693,L2Y05M,L2,60.25,59.94,https://labbcat.canterbury.ac.nz/maonze/transcript?ag_id=665#ew_0_421693,0.31,310,5.736572297,,
6350,oa,g_81;em_12_5562;n_35637-n_35638;p_37;#=ew_69_160216;prefix=10652-;[0]=ew_0_55593,K005M,PresentElder,116.129,115.819,https://labbcat.canterbury.ac.nz/maonze/transcript?ag_id=81#ew_0_55593,0.31,310,5.736572297,,
6600,oa,g_965;em_12_92591;n_16146-n_16147;p_183;#=ew_69_222774;prefix=69840-;[0]=ew_0_599647,R003M,PresentElder,94.639,94.329,https://labbcat.canterbury.ac.nz/maonze/transcript?ag_id=965#ew_0_599647,0.31,310,5.736572297,,
6790,ua,g_1021;em_12_96051;n_17123-n_6670595;p_188;#=ew_69_230911;prefix=77516-;[0]=ew_0_629836,R007M,PresentElder,311.468,311.158,https://labbcat.canterbury.ac.nz/maonze/transcript?ag_id=1021#ew_0_629836,0.31,310,5.736572297,,
7842,ua,g_1639;em_12_133128;n_27055-n_135349;p_288;#=ew_69_196754;prefix=44671-;[0]=ew_0_942071,L2H03M,L2,118.668,118.358,https://labbcat.canterbury.ac.nz/maonze/transcript?ag_id=1639#ew_0_942071,0.31,310,5.736572297,,
7909,ua,g_1649;em_12_133797;n_135914-n_135915;p_300;#=ew_69_193732;prefix=42600-;[0]=ew_0_947205,L2H02M,L2,211.892,211.582,https://labbcat.canterbury.ac.nz/maonze/transcript?ag_id=1649#ew_0_947205,0.31,310,5.736572297,,
8049,ua,g_1675;em_12_135199;n_136947-n_136948;p_307;#=ew_69_200434;prefix=48710-;[0]=ew_0_959749,L2H05M,L2,156.493,156.183,https://labbcat.canterbury.ac.nz/maonze/transcript?ag_id=1675#ew_0_959749,0.31,310,5.736572297,,
8436,ua,g_1921;em_12_162526;n_6278410-n_6278417;p_337;#=ew_69_216613;prefix=64177-;[0]=ew_0_1267447,MU11M,Historical,36.923,36.613,https://labbcat.canterbury.ac.nz/maonze/transcript?ag_id=1921#ew_0_1267447,0.31,310,5.736572297,,
8520,ua,g_22;em_12_1806;n_32423-n_32424;p_19;#=ew_69_153337;prefix=04082-;[0]=ew_0_1232212,K002M,PresentElder,50.826,50.516,https://labbcat.canterbury.ac.nz/maonze/transcript?ag_id=22#ew_0_1232212,0.31,310,5.736572297,,
8873,ua,g_374;em_12_36709;n_60521-n_60522;p_92;#=ew_69_213474;prefix=61345-;[0]=ew_0_1117028,MU04M,Historical,89.406,89.096,https://labbcat.canterbury.ac.nz/maonze/transcript?ag_id=374#ew_0_1117028,0.31,310,5.736572297,,
8955,ua,g_448;em_12_161423;n_6125904-n_6125906;p_110;#=ew_69_155261;prefix=06417-;[0]=ew_0_1254786,K003M,PresentElder,215.256,214.946,https://labbcat.canterbury.ac.nz/maonze/transcript?ag_id=448#ew_0_1254786,0.31,310,5.736572297,,
9069,ua,g_473;em_12_48954;n_70888-n_70889;p_120;#=ew_69_165410;prefix=15486-;[0]=ew_0_1091292,K008M,PresentElder,238.827,238.517,https://labbcat.canterbury.ac.nz/maonze/transcript?ag_id=473#ew_0_1091292,0.31,310,5.736572297,forced aligner error,y
9092,ua,g_478;em_12_49212;n_71127-n_71128;p_121;#=ew_69_167563;prefix=17849-;[0]=ew_0_307594,K009M,PresentElder,155.586,155.276,https://labbcat.canterbury.ac.nz/maonze/transcript?ag_id=478#ew_0_307594,0.31,310,5.736572297,,
9099,ua,g_479;em_12_49272;n_71178-n_71179;p_121;#=ew_69_168050;prefix=18033-;[0]=ew_0_308360,K009M,PresentElder,199.427,199.117,https://labbcat.canterbury.ac.nz/maonze/transcript?ag_id=479#ew_0_308360,0.31,310,5.736572297,forced aligner error,y
9572,ua,g_636;em_12_66569;n_10561-n_85957;p_145;#=ew_69_201521;prefix=49259-;[0]=ew_0_1109091,L2Y01M,L2,232.936,232.626,https://labbcat.canterbury.ac.nz/maonze/transcript?ag_id=636#ew_0_1109091,0.31,310,5.736572297,,
9703,ua,g_666;em_12_70518;n_89311-n_89312;p_148;#=ew_69_207563;prefix=55700-;[0]=ew_0_422409,L2Y05M,L2,113.277,112.967,https://labbcat.canterbury.ac.nz/maonze/transcript?ag_id=666#ew_0_422409,0.31,310,5.736572297,,
9716,ua,g_668;em_12_70597;n_89386-n_89387;p_148;#=ew_69_208260;prefix=56149-;[0]=ew_0_423797,L2Y05M,L2,176.849,176.539,https://labbcat.canterbury.ac.nz/maonze/transcript?ag_id=668#ew_0_423797,0.31,310,5.736572297,,
9879,ua,g_861;em_12_86291;n_14710-n_101231;p_168;#=ew_69_173300;prefix=22604-;[0]=ew_0_547527,L1H02M,L1,156.108,155.798,https://labbcat.canterbury.ac.nz/maonze/transcript?ag_id=861#ew_0_547527,0.31,310,5.736572297,,
10323,ua,g_937;em_12_91102;n_104879-n_104880;p_179;#=ew_69_218898;prefix=66003-;[0]=ew_0_584981,R001M,PresentElder,243.05,242.74,https://labbcat.canterbury.ac.nz/maonze/transcript?ag_id=937#ew_0_584981,0.31,310,5.736572297,,
10465,ua,g_959;em_12_163455;n_6553025-n_6553027;p_183;#=ew_69_221882;prefix=68842-;[0]=ew_0_1279601,R003M,PresentElder,44.389,44.079,https://labbcat.canterbury.ac.nz/maonze/transcript?ag_id=959#ew_0_1279601,0.31,310,5.736572297,forced aligner error,y
2558,ea,g_939;em_12_91188;n_104961-n_104962;p_179;#=ew_69_218976;prefix=66206-;[0]=ew_0_585684,R001M,PresentElder,11.223,10.913,https://labbcat.canterbury.ac.nz/maonze/transcript?ag_id=939#ew_0_585684,0.31,310,5.736572297,,
8693,ua,g_325;em_12_148521;n_3841737-n_3841763;p_89;#=ew_69_188521;prefix=38036-;[0]=ew_0_1094742,L1Y04M,L1,13.653,13.343,https://labbcat.canterbury.ac.nz/maonze/transcript?ag_id=325#ew_0_1094742,0.31,310,5.736572297,,
3595,ia,g_1841;em_12_149017;n_3847945-n_3847954;p_49;#=ew_69_204203;prefix=52473-;[0]=ew_0_1101159,L2Y03M,L2,2.64,2.33,https://labbcat.canterbury.ac.nz/maonze/transcript?ag_id=1841#ew_0_1101159,0.31,310,5.736572297,,
689,ea,g_1630;em_12_132589;n_134856-n_134857;p_299;#=ew_69_193158;prefix=41889-;[0]=ew_0_938921,L2H01M,L2,21.543,21.233,https://labbcat.canterbury.ac.nz/maonze/transcript?ag_id=1630#ew_0_938921,0.31,310,5.736572297,,
5760,oa,g_1922;em_12_162627;n_6278529-n_6278534;p_337;#=ew_69_216823;prefix=64199-;[0]=ew_0_1267743,MU11M,Historical,18.695,18.385,https://labbcat.canterbury.ac.nz/maonze/transcript?ag_id=1922#ew_0_1267743,0.31,310,5.736572297,,
3922,ia,g_334;em_12_33280;n_57531-n_57532;p_85;#=ew_69_184978;prefix=34193-;[0]=ew_0_221369,L1Y02M,L1,59.224,58.914,https://labbcat.canterbury.ac.nz/maonze/transcript?ag_id=334#ew_0_221369,0.31,310,5.736572297,,
5864,oa,g_318;em_12_31015;n_55640-n_55643;p_89;#=ew_69_187821;prefix=36824-;[0]=ew_0_213280,L1Y04M,L1,72.115,71.805,https://labbcat.canterbury.ac.nz/maonze/transcript?ag_id=318#ew_0_213280,0.31,310,5.736572297,,
6013,oa,g_385;em_12_38917;n_62713-n_62714;p_95;#=ew_69_215096;prefix=62526-;[0]=ew_0_247752,MU06M,Historical,70.347,70.037,https://labbcat.canterbury.ac.nz/maonze/transcript?ag_id=385#ew_0_247752,0.31,310,5.736572297,,
1801,ea,g_52;em_12_3750;n_5388473-n_34084;p_32;#=ew_69_158065;prefix=08150-;[0]=ew_0_34628,K004M,PresentElder,195.39,195.08,https://labbcat.canterbury.ac.nz/maonze/transcript?ag_id=52#ew_0_34628,0.31,310,5.736572297,,
421,ea,g_1239;em_12_111441;n_21671-n_21672;p_249;#=ew_69_180667;prefix=30299-;[0]=ew_0_744917,L1H06M,L1,179.882,179.582,https://labbcat.canterbury.ac.nz/maonze/transcript?ag_id=1239#ew_0_744917,0.3,300,5.703782475,,
704,ea,g_1639;em_12_133156;n_6997993-n_135373;p_288;#=ew_69_196834;prefix=44741-;[0]=ew_0_942337,L2H03M,L2,239.126,238.826,https://labbcat.canterbury.ac.nz/maonze/transcript?ag_id=1639#ew_0_942337,0.3,300,5.703782475,,
895,ea,g_1679;em_12_135509;n_137199-n_137200;p_307;#=ew_69_200011;prefix=48238-;[0]=ew_0_961860,L2H05M,L2,190.497,190.197,https://labbcat.canterbury.ac.nz/maonze/transcript?ag_id=1679#ew_0_961860,0.3,300,5.703782475,,
1186,ea,g_1944;em_12_165798;n_6847138-n_6847150;p_28;#=ew_69_150276;prefix=01403-;[0]=ew_0_1297001,K001M,PresentElder,153.745,153.445,https://labbcat.canterbury.ac.nz/maonze/transcript?ag_id=1944#ew_0_1297001,0.3,300,5.703782475,,
1298,ea,g_27;em_12_2270;n_32877-n_32878;p_19;#=ew_69_154997;prefix=05345-;[0]=ew_0_19320,K002M,PresentElder,314.029,313.729,https://labbcat.canterbury.ac.nz/maonze/transcript?ag_id=27#ew_0_19320,0.3,300,5.703782475,forced aligner error,y
1379,ea,g_319;em_12_31286;n_55889-n_55891;p_89;#=ew_69_188050;prefix=37067-;[0]=ew_0_214158,L1Y04M,L1,263.23,262.93,https://labbcat.canterbury.ac.nz/maonze/transcript?ag_id=319#ew_0_214158,0.3,300,5.703782475,,
1771,ea,g_497;em_12_51492;n_72823-n_72824;p_122;#=ew_69_170554;prefix=20491-;[0]=ew_0_319520,K010M,PresentElder,96.796,96.496,https://labbcat.canterbury.ac.nz/maonze/transcript?ag_id=497#ew_0_319520,0.3,300,5.703782475,,
1878,ea,g_60;em_12_158386;n_5388119-n_5388126;p_32;#=ew_69_159213;prefix=09913-;[0]=ew_0_1209602,K004M,PresentElder,222.246,221.946,https://labbcat.canterbury.ac.nz/maonze/transcript?ag_id=60#ew_0_1209602,0.3,300,5.703782475,,
1884,ea,g_602;em_12_64229;n_83824-n_83825;p_140;#=ew_69_190313;prefix=39244-;[0]=ew_0_384211,L1Y05M,L1,254.62,254.32,https://labbcat.canterbury.ac.nz/maonze/transcript?ag_id=602#ew_0_384211,0.3,300,5.703782475,,
1973,ea,g_621;em_12_65174;n_84721-n_84722;p_142;#=ew_69_183143;prefix=32349-;[0]=ew_0_394362,L1Y01M,L1,154.704,154.404,https://labbcat.canterbury.ac.nz/maonze/transcript?ag_id=621#ew_0_394362,0.3,300,5.703782475,,
2200,ea,g_8;em_12_490;n_31144-n_31145;p_28;#=ew_69_149807;prefix=01124-;[0]=ew_0_4602,K001M,PresentElder,151.601,151.301,https://labbcat.canterbury.ac.nz/maonze/transcript?ag_id=8#ew_0_4602,0.3,300,5.703782475,,
2328,ea,g_865;em_12_86628;n_101479-n_101480;p_168;#=ew_69_173643;prefix=23324-;[0]=ew_0_550366,L1H02M,L1,259.166,258.866,https://labbcat.canterbury.ac.nz/maonze/transcript?ag_id=865#ew_0_550366,0.3,300,5.703782475,,
3536,ia,g_1667;em_12_134880;n_136692-n_136693;p_302;#=ew_69_198029;prefix=46477-;[0]=ew_0_955910,L2H04M,L2,165.883,165.583,https://labbcat.canterbury.ac.nz/maonze/transcript?ag_id=1667#ew_0_955910,0.3,300,5.703782475,,
4262,ia,g_58;em_12_162181;n_6217263-n_6217264;p_32;#=ew_69_159782;prefix=09470-;[0]=ew_0_1262260,K004M,PresentElder,217.304,217.004,https://labbcat.canterbury.ac.nz/maonze/transcript?ag_id=58#ew_0_1262260,0.3,300,5.703782475,,
4299,ia,g_603;em_12_64280;n_83874-n_83875;p_140;#=ew_69_190789;prefix=39466-;[0]=ew_0_384878,L1Y05M,L1,230.565,230.265,https://labbcat.canterbury.ac.nz/maonze/transcript?ag_id=603#ew_0_384878,0.3,300,5.703782475,,
4923,ia,g_993;em_12_94194;n_4619916-n_107230;p_182;#=ew_69_227205;prefix=73782-;[0]=ew_0_613995,R005M,PresentElder,128.252,127.952,https://labbcat.canterbury.ac.nz/maonze/transcript?ag_id=993#ew_0_613995,0.3,300,5.703782475,,
5489,oa,g_1667;em_12_134884;n_136696-n_136697;p_302;#=ew_69_198037;prefix=46484-;[0]=ew_0_955948,L2H04M,L2,187.241,186.941,https://labbcat.canterbury.ac.nz/maonze/transcript?ag_id=1667#ew_0_955948,0.3,300,5.703782475,,
5515,oa,g_1685;em_12_135898;n_27738-n_137436;p_307;#=ew_69_199188;prefix=47472-;[0]=ew_0_964692,L2H05M,L2,88.51,88.21,https://labbcat.canterbury.ac.nz/maonze/transcript?ag_id=1685#ew_0_964692,0.3,300,5.703782475,,
5776,oa,g_1943;em_12_165700;n_6846157-n_6846167;p_19;#=ew_69_151998;prefix=02655-;[0]=ew_0_1296165,K002M,PresentElder,151.484,151.184,https://labbcat.canterbury.ac.nz/maonze/transcript?ag_id=1943#ew_0_1296165,0.3,300,5.703782475,,
6299,oa,g_645;em_12_67182;n_86392-n_86393;p_145;#=ew_69_202015;prefix=50195-;[0]=ew_0_411633,L2Y01M,L2,134.69,134.39,https://labbcat.canterbury.ac.nz/maonze/transcript?ag_id=645#ew_0_411633,0.3,300,5.703782475,,
6650,oa,g_980;em_12_93626;n_106768-n_106769;p_184;#=ew_69_224697;prefix=71974-;[0]=ew_0_607719,R004M,PresentElder,151.116,150.816,https://labbcat.canterbury.ac.nz/maonze/transcript?ag_id=980#ew_0_607719,0.3,300,5.703782475,,
7241,ua,g_116;em_12_8419;n_37977-n_37978;p_43;#=ew_69_212121;prefix=59199-;[0]=ew_0_81569,MU02M,Historical,416.869,416.569,https://labbcat.canterbury.ac.nz/maonze/transcript?ag_id=116#ew_0_81569,0.3,300,5.703782475,,
7334,ua,g_1231;em_12_110857;n_21140-n_5826898;p_249;#=ew_69_180063;prefix=29529-;[0]=ew_0_740241,L1H06M,L1,129.06,128.76,https://labbcat.canterbury.ac.nz/maonze/transcript?ag_id=1231#ew_0_740241,0.3,300,5.703782475,,
7380,ua,g_1240;em_12_111506;n_21730-n_21731;p_249;#=ew_69_181188;prefix=30404-;[0]=ew_0_1228080,L1H06M,L1,152.531,152.231,https://labbcat.canterbury.ac.nz/maonze/transcript?ag_id=1240#ew_0_1228080,0.3,300,5.703782475,,
7676,ua,g_1531;em_12_126482;n_130430-n_130431;p_200;#=ew_69_216187;prefix=63484-;[0]=ew_0_891635,MU08M,Historical,263.091,262.791,https://labbcat.canterbury.ac.nz/maonze/transcript?ag_id=1531#ew_0_891635,0.3,300,5.703782475,,
7861,ua,g_1642;em_12_133298;n_135507-n_135508;p_288;#=ew_69_196422;prefix=45046-;[0]=ew_0_943478,L2H03M,L2,105.93,105.63,https://labbcat.canterbury.ac.nz/maonze/transcript?ag_id=1642#ew_0_943478,0.3,300,5.703782475,,
8022,ua,g_1669;em_12_134974;n_136775-n_136776;p_302;#=ew_69_198657;prefix=46841-;[0]=ew_0_957204,L2H04M,L2,243.877,243.577,https://labbcat.canterbury.ac.nz/maonze/transcript?ag_id=1642#ew_0_943478,0.3,300,5.703782475,,
8046,ua,g_1674;em_12_163243;n_6459892-n_6459893;p_307;#=ew_69_200561;prefix=48826-;[0]=ew_0_1277557,L2H05M,L2,169.86,169.56,https://labbcat.canterbury.ac.nz/maonze/transcript?ag_id=1674#ew_0_1277557,0.3,300,5.703782475,,
8106,ua,g_1747;em_12_139693;n_140401-n_28499;p_318;#=ew_69_230984;prefix=77719-;[0]=ew_0_1001821,R008M,PresentElder,133.9,133.6,https://labbcat.canterbury.ac.nz/maonze/transcript?ag_id=1747#ew_0_1001821,0.3,300,5.703782475,,
9015,ua,g_456;em_12_47112;n_69449-n_69450;p_112;#=ew_69_161655;prefix=11784-;[0]=ew_0_295143,K006M,PresentElder,176.179,175.879,https://labbcat.canterbury.ac.nz/maonze/transcript?ag_id=456#ew_0_295143,0.3,300,5.703782475,,
10263,ua,g_927;em_12_90340;n_104159-n_7029489;p_179;#=ew_69_217281;prefix=64731-;[0]=ew_0_580507,R001M,PresentElder,157.96,157.66,https://labbcat.canterbury.ac.nz/maonze/transcript?ag_id=927#ew_0_580507,0.3,300,5.703782475,,
10423,ua,g_949;em_12_91739;n_6521878-n_105402;p_181;#=ew_69_220568;prefix=67622-;[0]=ew_0_590788,R002M,PresentElder,178.007,177.707,https://labbcat.canterbury.ac.nz/maonze/transcript?ag_id=949#ew_0_590788,0.3,300,5.703782475,,
106,ea,g_1032;em_12_96508;n_108835-n_108836;p_190;#=ew_69_233408;prefix=80372-;[0]=ew_0_636454,R009M,PresentElder,49.679,49.379,https://labbcat.canterbury.ac.nz/maonze/transcript?ag_id=1032#ew_0_636454,0.3,300,5.703782475,,
1315,ea,g_305;em_12_29732;n_54577-n_54578;p_81;#=ew_69_186543;prefix=35027-;[0]=ew_0_1265241,L1Y03M,L1,49.917,49.617,https://labbcat.canterbury.ac.nz/maonze/transcript?ag_id=305#ew_0_1265241,0.3,300,5.703782475,,
4123,ia,g_466;em_12_48031;n_70064-n_70065;p_120;#=ew_69_165459;prefix=15911-;[0]=ew_0_300414,K008M,PresentElder,47.1,46.8,https://labbcat.canterbury.ac.nz/maonze/transcript?ag_id=466#ew_0_300414,0.3,300,5.703782475,forced aligner error,y
7103,ua,g_1081;em_12_100068;n_18378-n_18379;p_208;#=ew_69_246896;prefix=92433-;[0]=ew_0_664714,WU07M,Historical,54.481,54.181,https://labbcat.canterbury.ac.nz/maonze/transcript?ag_id=1081#ew_0_664714,0.3,300,5.703782475,,
7935,ua,g_1655;em_12_134279;n_27301-n_136254;p_300;#=ew_69_194293;prefix=43310-;[0]=ew_0_949941,L2H02M,L2,56.975,56.675,https://labbcat.canterbury.ac.nz/maonze/transcript?ag_id=1655#ew_0_949941,0.3,300,5.703782475,,
271,ea,g_109;em_12_7473;n_37274-n_37275;p_41;#=ew_69_165118;prefix=15141-;[0]=ew_0_75120,K007M,PresentElder,16.994,16.694,https://labbcat.canterbury.ac.nz/maonze/transcript?ag_id=109#ew_0_75120,0.3,300,5.703782475,,
883,ea,g_1677;em_12_135316;n_137051-n_137052;p_307;#=ew_69_199640;prefix=48369-;[0]=ew_0_960487,L2H05M,L2,12.371,12.071,https://labbcat.canterbury.ac.nz/maonze/transcript?ag_id=1677#ew_0_960487,0.3,300,5.703782475,,
2857,ia,g_1007;em_12_95249;n_108209-n_108210;p_284;#=ew_69_210453;prefix=58126-;[0]=ew_0_623505,MU01M,Historical,31.63,31.33,https://labbcat.canterbury.ac.nz/maonze/transcript?ag_id=1007#ew_0_623505,0.3,300,5.703782475,,
4688,ia,g_912;em_12_89324;n_15613-n_103316;p_173;#=ew_69_176479;prefix=25968-;[0]=ew_0_572575,L1H04M,L1,22.058,21.758,https://labbcat.canterbury.ac.nz/maonze/transcript?ag_id=912#ew_0_572575,0.3,300,5.703782475,,
5312,oa,g_1518;em_12_125831;n_25254-n_129904;p_287;#=ew_69_227789;prefix=74173-;[0]=ew_0_883784,R006M,PresentElder,24.299,23.999,https://labbcat.canterbury.ac.nz/maonze/transcript?ag_id=1518#ew_0_883784,0.3,300,5.703782475,,
5469,oa,g_1658;em_12_134456;n_136377-n_136378;p_300;#=ew_69_195043;prefix=43614-;[0]=ew_0_951337,L2H02M,L2,21.611,21.311,https://labbcat.canterbury.ac.nz/maonze/transcript?ag_id=1658#ew_0_951337,0.3,300,5.703782475,,
5671,oa,g_19;em_12_1476;n_32096-n_32097;p_19;#=ew_69_152392;prefix=02765-;[0]=ew_0_12895,K002M,PresentElder,28.755,28.455,https://labbcat.canterbury.ac.nz/maonze/transcript?ag_id=19#ew_0_12895,0.3,300,5.703782475,,
5686,oa,g_1901;em_12_156380;n_5277678-n_5277699;p_333;#=ew_69_239037;prefix=85192-;[0]=ew_0_1185319,R012M,PresentElder,16.518,16.218,https://labbcat.canterbury.ac.nz/maonze/transcript?ag_id=1901#ew_0_1185319,0.3,300,5.703782475,,
4425,ia,g_664;em_12_70434;n_11148-n_89230;p_148;#=ew_69_207191;prefix=55297-;[0]=ew_0_421003,L2Y05M,L2,2.21,1.91,https://labbcat.canterbury.ac.nz/maonze/transcript?ag_id=664#ew_0_421003,0.3,300,5.703782475,,
273,ea,g_109;em_12_7487;n_790-n_37285;p_41;#=ew_69_165142;prefix=15165-;[0]=ew_0_75216,K007M,PresentElder,50.711,50.411,https://labbcat.canterbury.ac.nz/maonze/transcript?ag_id=109#ew_0_75216,0.3,300,5.703782475,,
593,ea,g_1526;em_12_126232;n_130249-n_130250;p_287;#=ew_69_228943;prefix=75668-;[0]=ew_0_888657,R006M,PresentElder,104.829,104.529,https://labbcat.canterbury.ac.nz/maonze/transcript?ag_id=1526#ew_0_888657,0.3,300,5.703782475,,
823,ea,g_1666;em_12_134830;n_136655-n_136656;p_302;#=ew_69_197833;prefix=46304-;[0]=ew_0_1276537,L2H04M,L2,65.615,65.315,https://labbcat.canterbury.ac.nz/maonze/transcript?ag_id=1666#ew_0_1276537,0.3,300,5.703782475,,
899,ea,g_1680;em_12_135531;n_137214-n_137215;p_307;#=ew_69_199507;prefix=47885-;[0]=ew_0_962001,L2H05M,L2,19.176,18.876,https://labbcat.canterbury.ac.nz/maonze/transcript?ag_id=1680#ew_0_962001,0.3,300,5.703782475,,
1346,ea,g_316;em_12_30644;n_55285-n_3841118;p_89;#=ew_69_187410;prefix=36495-;[0]=ew_0_211856,L1Y04M,L1,55.018,54.718,https://labbcat.canterbury.ac.nz/maonze/transcript?ag_id=316#ew_0_211856,0.3,300,5.703782475,,
1483,ea,g_341;em_12_33487;n_7086911-n_57703;p_85;#=ew_69_184384;prefix=33738-;[0]=ew_0_224133,L1Y02M,L1,60.814,60.514,https://labbcat.canterbury.ac.nz/maonze/transcript?ag_id=341#ew_0_224133,0.3,300,5.703782475,,
1638,ea,g_460;em_12_47408;n_69606-n_69607;p_112;#=ew_69_162030;prefix=12178-;[0]=ew_0_297012,K006M,PresentElder,67.572,67.272,https://labbcat.canterbury.ac.nz/maonze/transcript?ag_id=460#ew_0_297012,0.3,300,5.703782475,,
2039,ea,g_633;em_12_66230;n_85679-n_85680;p_143;#=ew_69_202758;prefix=51723-;[0]=ew_0_402547,L2Y02M,L2,51.326,51.026,https://labbcat.canterbury.ac.nz/maonze/transcript?ag_id=633#ew_0_402547,0.3,300,5.703782475,,
2180,ea,g_671;em_12_70698;n_89476-n_89477;p_148;#=ew_69_208689;prefix=56573-;[0]=ew_0_425588,L2Y05M,L2,92.925,92.625,https://labbcat.canterbury.ac.nz/maonze/transcript?ag_id=671#ew_0_425588,0.3,300,5.703782475,,
2354,ea,g_869;em_12_86932;n_101663-n_101664;p_168;#=ew_69_174351;prefix=23950-;[0]=ew_0_552616,L1H02M,L1,88.196,87.896,https://labbcat.canterbury.ac.nz/maonze/transcript?ag_id=671#ew_0_425588,0.3,300,5.703782475,,
2616,ea,g_950;em_12_91780;n_105435-n_105436;p_181;#=ew_69_220342;prefix=67789-;[0]=ew_0_591368,R002M,PresentElder,112.943,112.643,https://labbcat.canterbury.ac.nz/maonze/transcript?ag_id=950#ew_0_591368,0.3,300,5.703782475,,
2625,ea,g_951;em_12_91821;n_6522054-n_105466;p_181;#=ew_69_220040;prefix=67898-;[0]=ew_0_591830,R002M,PresentElder,59.079,58.779,https://labbcat.canterbury.ac.nz/maonze/transcript?ag_id=951#ew_0_591830,0.3,300,5.703782475,,
2662,ea,g_962;em_12_92375;n_16058-n_105922;p_183;#=ew_69_222353;prefix=69391-;[0]=ew_0_597783,R003M,PresentElder,91.083,90.783,https://labbcat.canterbury.ac.nz/maonze/transcript?ag_id=962#ew_0_597783,0.3,300,5.703782475,,
2892,ia,g_1018;em_12_163643;n_6670264-n_6670271;p_188;#=ew_69_230420;prefix=77211-;[0]=ew_0_1281866,R007M,PresentElder,50.579,50.279,https://labbcat.canterbury.ac.nz/maonze/transcript?ag_id=1018#ew_0_1281866,0.3,300,5.703782475,forced aligner error,y
2937,ia,g_1029;em_12_96371;n_108734-n_108735;p_190;#=ew_69_233478;prefix=79880-;[0]=ew_0_634500,R009M,PresentElder,38.473,38.173,https://labbcat.canterbury.ac.nz/maonze/transcript?ag_id=1029#ew_0_634500,0.3,300,5.703782475,,
4969,oa,g_1020;em_12_96021;n_108504-n_108506;p_188;#=ew_69_230309;prefix=77366-;[0]=ew_0_629259,R007M,PresentElder,102.136,101.836,https://labbcat.canterbury.ac.nz/maonze/transcript?ag_id=1020#ew_0_629259,0.3,300,5.703782475,,
5632,oa,g_1884;em_12_155145;n_5259826-n_5259833;p_334;#=ew_69_237274;prefix=83451-;[0]=ew_0_1171014,R011M,PresentElder,106.237,105.937,https://labbcat.canterbury.ac.nz/maonze/transcript?ag_id=1884#ew_0_1171014,0.3,300,5.703782475,,
5807,oa,g_23;em_12_1905;n_32521-n_32522;p_19;#=ew_69_153071;prefix=04349-;[0]=ew_0_16267,K002M,PresentElder,85.166,84.866,https://labbcat.canterbury.ac.nz/maonze/transcript?ag_id=23#ew_0_16267,0.3,300,5.703782475,,
6060,oa,g_466;em_12_48052;n_70083-n_70084;p_120;#=ew_69_165488;prefix=15940-;[0]=ew_0_300542,K008M,PresentElder,98.419,98.119,https://labbcat.canterbury.ac.nz/maonze/transcript?ag_id=466#ew_0_300542,0.3,300,5.703782475,,
7195,ua,g_1090;em_12_100614;n_111657-n_111658;p_208;#=ew_69_248036;prefix=93697-;[0]=ew_0_669789,WU07M,Historical,123.878,123.578,https://labbcat.canterbury.ac.nz/maonze/transcript?ag_id=1090#ew_0_669789,0.3,300,5.703782475,,
7293,ua,g_1200;em_12_108644;n_117448-n_117449;p_244;#=ew_69_242962;prefix=89082-;[0]=ew_0_724298,WU04M,Historical,101.253,100.953,https://labbcat.canterbury.ac.nz/maonze/transcript?ag_id=1200#ew_0_724298,0.3,300,5.703782475,,
28,ea,g_1010;em_12_95432;n_108319-n_6650528;p_188;#=ew_69_230180;prefix=76475-;[0]=ew_0_625049,R007M,PresentElder,169.106,168.806,https://labbcat.canterbury.ac.nz/maonze/transcript?ag_id=1010#ew_0_625049,0.3,300,5.703782475,,
595,ea,g_1526;em_12_126238;n_130255-n_130256;p_287;#=ew_69_228965;prefix=75690-;[0]=ew_0_888735,R006M,PresentElder,138.92,138.62,https://labbcat.canterbury.ac.nz/maonze/transcript?ag_id=1526#ew_0_888735,0.3,300,5.703782475,,
3462,ia,g_1637;em_12_132998;n_135230-n_135231;p_288;#=ew_69_195953;prefix=44411-;[0]=ew_0_941144,L2H03M,L2,209.82,209.52,https://labbcat.canterbury.ac.nz/maonze/transcript?ag_id=1637#ew_0_941144,0.3,300,5.703782475,,
6258,oa,g_631;em_12_66005;n_85472-n_85473;p_143;#=ew_69_202325;prefix=51305-;[0]=ew_0_400850,L2Y02M,L2,148.54,148.24,https://labbcat.canterbury.ac.nz/maonze/transcript?ag_id=631#ew_0_400850,0.3,300,5.703782475,forced aligner error,y
7266,ua,g_117;em_12_8504;n_38061-n_4017018;p_43;#=ew_69_211614;prefix=58726-;[0]=ew_0_82548,MU02M,Historical,170.731,170.431,https://labbcat.canterbury.ac.nz/maonze/transcript?ag_id=117#ew_0_82548,0.3,300,5.703782475,,
7448,ua,g_137;em_12_9598;n_39071-n_39072;p_284;#=ew_69_210255;prefix=57653-;[0]=ew_0_92357,MU01M,Historical,164.551,164.251,https://labbcat.canterbury.ac.nz/maonze/transcript?ag_id=137#ew_0_92357,0.3,300,5.703782475,,
9991,ua,g_876;em_12_87362;n_101985-n_101986;p_169;#=ew_69_175227;prefix=24660-;[0]=ew_0_555520,L1H03M,L1,180.825,180.525,https://labbcat.canterbury.ac.nz/maonze/transcript?ag_id=876#ew_0_555520,0.3,300,5.703782475,,
1014,ea,g_1849;em_12_149521;n_3854655-n_3854669;p_49;#=ew_69_205254;prefix=53540-;[0]=ew_0_1106849,L2Y03M,L2,347.061,346.761,https://labbcat.canterbury.ac.nz/maonze/transcript?ag_id=1849#ew_0_1106849,0.3,300,5.703782475,,
1785,ea,g_500;em_12_51994;n_73256-n_4464944;p_97;#=ew_69_215639;prefix=63128-;[0]=ew_0_321285,MU07M,Historical,287.335,287.035,https://labbcat.canterbury.ac.nz/maonze/transcript?ag_id=500#ew_0_321285,0.3,300,5.703782475,,
1899,ea,g_605;em_12_64415;n_84001-n_84002;p_140;#=ew_69_191020;prefix=39957-;[0]=ew_0_386528,L1Y05M,L1,281.544,281.244,https://labbcat.canterbury.ac.nz/maonze/transcript?ag_id=605#ew_0_386528,0.3,300,5.703782475,,
2843,ea,g_994;em_12_94263;n_107290-n_107291;p_182;#=ew_69_227212;prefix=74035-;[0]=ew_0_614801,R005M,PresentElder,256.311,256.011,https://labbcat.canterbury.ac.nz/maonze/transcript?ag_id=994#ew_0_614801,0.3,300,5.703782475,,
9733,ua,g_669;em_12_70650;n_89432-n_89433;p_148;#=ew_69_208908;prefix=56347-;[0]=ew_0_424708,L2Y05M,L2,278.78,278.48,https://labbcat.canterbury.ac.nz/maonze/transcript?ag_id=669#ew_0_424708,0.3,300,5.703782475,,
71,ea,g_1023;em_12_171428;n_7051692-n_7051693;p_190;#=ew_69_232825;prefix=79019-;[0]=ew_0_1344316,R009M,PresentElder,227.972,227.682,https://labbcat.canterbury.ac.nz/maonze/transcript?ag_id=1023#ew_0_1344316,0.29,290,5.669880923,,
867,ea,g_1672;em_12_163198;n_6399202-n_6399208;p_302;#=ew_69_198723;prefix=47259-;[0]=ew_0_1276285,L2H04M,L2,233.937,233.647,https://labbcat.canterbury.ac.nz/maonze/transcript?ag_id=1672#ew_0_1276285,0.29,290,5.669880923,,
1389,ea,g_320;em_12_31503;n_56092-n_56093;p_89;#=ew_69_188355;prefix=37209-;[0]=ew_0_214836,L1Y04M,L1,262.932,262.642,https://labbcat.canterbury.ac.nz/maonze/transcript?ag_id=320#ew_0_214836,0.29,290,5.669880923,,
2633,ea,g_954;em_12_91977;n_105598-n_105599;p_181;#=ew_69_221345;prefix=68109-;[0]=ew_0_593810,R002M,PresentElder,148.353,148.063,https://labbcat.canterbury.ac.nz/maonze/transcript?ag_id=954#ew_0_593810,0.29,290,5.669880923,,
4451,ia,g_669;em_12_70648;n_89430-n_89431;p_148;#=ew_69_208897;prefix=56339-;[0]=ew_0_424665,L2Y05M,L2,263.858,263.568,https://labbcat.canterbury.ac.nz/maonze/transcript?ag_id=669#ew_0_424665,0.29,290,5.669880923,,
4528,ia,g_858;em_12_86161;n_101138-n_101139;p_167;#=ew_69_172440;prefix=22287-;[0]=ew_0_546542,L1H01M,L1,293.933,293.643,https://labbcat.canterbury.ac.nz/maonze/transcript?ag_id=858#ew_0_546542,0.29,290,5.669880923,,
4764,ia,g_946;em_12_91611;n_105289-n_105290;p_181;#=ew_69_220146;prefix=67153-;[0]=ew_0_588970,R002M,PresentElder,177.199,176.909,https://labbcat.canterbury.ac.nz/maonze/transcript?ag_id=946#ew_0_588970,0.29,290,5.669880923,,
5651,oa,g_1895;em_12_155866;n_5271199-n_5271221;p_334;#=ew_69_238891;prefix=84391-;[0]=ew_0_1179977,R011M,PresentElder,304.416,304.126,https://labbcat.canterbury.ac.nz/maonze/transcript?ag_id=1895#ew_0_1179977,0.29,290,5.669880923,,
5781,oa,g_1944;em_12_165774;n_6847615-n_6847627;p_28;#=ew_69_150394;prefix=01268-;[0]=ew_0_1296740,K001M,PresentElder,314.666,314.376,https://labbcat.canterbury.ac.nz/maonze/transcript?ag_id=1944#ew_0_1296740,0.29,290,5.669880923,,
7505,ua,g_1385;em_12_118946;n_124438-n_124439;p_262;#=ew_69_248632;prefix=94202-;[0]=ew_0_821163,WU08M,Historical,168.99,168.7,https://labbcat.canterbury.ac.nz/maonze/transcript?ag_id=1385#ew_0_821163,0.29,290,5.669880923,,
7905,ua,g_1649;em_12_133771;n_135896-n_135897;p_300;#=ew_69_193607;prefix=42552-;[0]=ew_0_947012,L2H02M,L2,134.229,133.939,https://labbcat.canterbury.ac.nz/maonze/transcript?ag_id=1649#ew_0_947012,0.29,290,5.669880923,,
7948,ua,g_1658;em_12_134492;n_27368-n_136400;p_300;#=ew_69_195125;prefix=43692-;[0]=ew_0_951643,L2H02M,L2,153.866,153.576,https://labbcat.canterbury.ac.nz/maonze/transcript?ag_id=1658#ew_0_951643,0.29,290,5.669880923,,
10578,ua,g_977;em_12_163543;n_6612099-n_6612103;p_184;#=ew_69_224801;prefix=71594-;[0]=ew_0_1280411,R004M,PresentElder,225.383,225.093,https://labbcat.canterbury.ac.nz/maonze/transcript?ag_id=977#ew_0_1280411,0.29,290,5.669880923,,
1207,ea,g_1947;em_12_166032;n_6850327-n_6850346;p_121;#=ew_69_168585;prefix=18366-;[0]=ew_0_1299449,K009M,PresentElder,71.796,71.506,https://labbcat.canterbury.ac.nz/maonze/transcript?ag_id=1947#ew_0_1299449,0.29,290,5.669880923,,
2263,ea,g_854;em_12_85800;n_100804-n_100805;p_167;#=ew_69_171746;prefix=21537-;[0]=ew_0_543866,L1H01M,L1,112.14,111.85,https://labbcat.canterbury.ac.nz/maonze/transcript?ag_id=854#ew_0_543866,0.29,290,5.669880923,,
2690,ea,g_97;em_12_162859;n_6281983-n_6281988;p_41;#=ew_69_163142;prefix=12801-;[0]=ew_0_1268462,K007M,PresentElder,102.203,101.913,https://labbcat.canterbury.ac.nz/maonze/transcript?ag_id=97#ew_0_1268462,0.29,290,5.669880923,,
3320,ia,g_1391;em_12_151906;n_4711940-n_4711945;p_262;#=ew_69_249103;prefix=95020-;[0]=ew_0_1134630,WU08M,Historical,127.512,127.222,https://labbcat.canterbury.ac.nz/maonze/transcript?ag_id=1391#ew_0_1134630,0.29,290,5.669880923,,
4368,ia,g_631;em_12_65992;n_85459-n_85460;p_143;#=ew_69_202298;prefix=51284-;[0]=ew_0_400761,L2Y02M,L2,120.629,120.339,https://labbcat.canterbury.ac.nz/maonze/transcript?ag_id=631#ew_0_400761,0.29,290,5.669880923,,
5300,oa,g_14;em_12_1099;n_31733-n_31734;p_19;#=ew_69_151744;prefix=03136-;[0]=ew_0_9488,K002M,PresentElder,100.515,100.225,https://labbcat.canterbury.ac.nz/maonze/transcript?ag_id=14#ew_0_9488,0.29,290,5.669880923,,
5419,oa,g_1634;em_12_132749;n_134995-n_27030;p_288;#=ew_69_195524;prefix=43946-;[0]=ew_0_939884,L2H03M,L2,49.09,48.8,https://labbcat.canterbury.ac.nz/maonze/transcript?ag_id=1634#ew_0_939884,0.29,290,5.669880923,,
5900,oa,g_329;em_12_33188;n_57456-n_57457;p_85;#=ew_69_184682;prefix=34019-;[0]=ew_0_1349381,L1Y02M,L1,122.156,121.866,https://labbcat.canterbury.ac.nz/maonze/transcript?ag_id=329#ew_0_1349381,0.29,290,5.669880923,,
6438,oa,g_877;em_12_87412;n_102014-n_102015;p_169;#=ew_69_175326;prefix=24742-;[0]=ew_0_555802,L1H03M,L1,91.058,90.768,https://labbcat.canterbury.ac.nz/maonze/transcript?ag_id=877#ew_0_555802,0.29,290,5.669880923,,
8084,ua,g_1686;em_12_135973;n_137474-n_27775;p_307;#=ew_69_199081;prefix=47371-;[0]=ew_0_965204,L2H05M,L2,113.409,113.119,https://labbcat.canterbury.ac.nz/maonze/transcript?ag_id=1686#ew_0_965204,0.29,290,5.669880923,,
8232,ua,g_1857;em_12_150760;n_4613033-n_4613049;p_97;#=ew_69_215979;prefix=63354-;[0]=ew_0_1126918,MU07M,Historical,87.221,86.931,https://labbcat.canterbury.ac.nz/maonze/transcript?ag_id=1857#ew_0_1126918,0.29,290,5.669880923,,
8337,ua,g_1903;em_12_156488;n_5279676-n_5279689;p_333;#=ew_69_239906;prefix=85505-;[0]=ew_0_1186701,R012M,PresentElder,61.447,61.157,https://labbcat.canterbury.ac.nz/maonze/transcript?ag_id=1903#ew_0_1186701,0.29,290,5.669880923,,
8718,ua,g_330;em_12_33203;n_57468-n_57469;p_85;#=ew_69_185308;prefix=34413-;[0]=ew_0_220366,L1Y02M,L1,71.863,71.573,https://labbcat.canterbury.ac.nz/maonze/transcript?ag_id=330#ew_0_220366,0.29,290,5.669880923,,
5205,oa,g_1228;em_12_110669;n_119144-n_119145;p_249;#=ew_69_179737;prefix=29244-;[0]=ew_0_738634,L1H06M,L1,19.062,18.772,https://labbcat.canterbury.ac.nz/maonze/transcript?ag_id=1228#ew_0_738634,0.29,290,5.669880923,,
1967,ea,g_621;em_12_65142;n_84691-n_84692;p_142;#=ew_69_182991;prefix=32257-;[0]=ew_0_394005,L1Y01M,L1,11.736,11.446,https://labbcat.canterbury.ac.nz/maonze/transcript?ag_id=621#ew_0_394005,0.29,290,5.669880923,,
4880,ia,g_986;em_12_93879;n_106960-n_106961;p_182;#=ew_69_226005;prefix=72760-;[0]=ew_0_610105,R005M,PresentElder,11.496,11.206,https://labbcat.canterbury.ac.nz/maonze/transcript?ag_id=986#ew_0_610105,0.29,290,5.669880923,,
6466,oa,g_892;em_12_88332;n_102609-n_102610;p_174;#=ew_69_179161;prefix=28631-;[0]=ew_0_1224421,L1H05M,L1,8.223,7.933,https://labbcat.canterbury.ac.nz/maonze/transcript?ag_id=892#ew_0_1224421,0.29,290,5.669880923,,
65,ea,g_1021;em_12_96027;n_108510-n_108511;p_188;#=ew_69_230796;prefix=77403-;[0]=ew_0_1282647,R007M,PresentElder,6.313,6.023,https://labbcat.canterbury.ac.nz/maonze/transcript?ag_id=1021#ew_0_1282647,0.29,290,5.669880923,,
4089,ia,g_451;em_12_46630;n_69094-n_69095;p_110;#=ew_69_156270;prefix=06942-;[0]=ew_0_291635,K003M,PresentElder,6.56,6.27,https://labbcat.canterbury.ac.nz/maonze/transcript?ag_id=451#ew_0_291635,0.29,290,5.669880923,,
8366,ua,g_1907;em_12_156735;n_5283525-n_5283546;p_333;#=ew_69_239732;prefix=86183-;[0]=ew_0_1190493,R012M,PresentElder,4.67,4.38,https://labbcat.canterbury.ac.nz/maonze/transcript?ag_id=1907#ew_0_1190493,0.29,290,5.669880923,,
1073,ea,g_1897;em_12_155996;n_5273856-n_5273866;p_333;#=ew_69_238396;prefix=84635-;[0]=ew_0_1182720,R012M,PresentElder,54.217,53.927,https://labbcat.canterbury.ac.nz/maonze/transcript?ag_id=1897#ew_0_1182720,0.29,290,5.669880923,,
1518,ea,g_369;em_12_35858;n_7019177-n_59685;p_92;#=ew_69_212928;prefix=60576-;[0]=ew_0_238077,MU04M,Historical,38.309,38.019,https://labbcat.canterbury.ac.nz/maonze/transcript?ag_id=369#ew_0_238077,0.29,290,5.669880923,,
2217,ea,g_83;em_12_5644;n_35702-n_35703;p_37;#=ew_69_160328;prefix=10884-;[0]=ew_0_56687,K005M,PresentElder,22.541,22.251,https://labbcat.canterbury.ac.nz/maonze/transcript?ag_id=83#ew_0_56687,0.29,290,5.669880923,,
2786,ea,g_982;em_12_93733;n_106839-n_106840;p_184;#=ew_69_225316;prefix=72174-;[0]=ew_0_608573,R004M,PresentElder,62.568,62.278,https://labbcat.canterbury.ac.nz/maonze/transcript?ag_id=982#ew_0_608573,0.29,290,5.669880923,,
2877,ia,g_1012;em_12_95528;n_108367-n_108368;p_188;#=ew_69_229887;prefix=76606-;[0]=ew_0_625648,R007M,PresentElder,14.337,14.047,https://labbcat.canterbury.ac.nz/maonze/transcript?ag_id=1012#ew_0_625648,0.29,290,5.669880923,,
3341,ia,g_14;em_12_1084;n_31718-n_31719;p_19;#=ew_69_151700;prefix=03097-;[0]=ew_0_9377,K002M,PresentElder,39.265,38.975,https://labbcat.canterbury.ac.nz/maonze/transcript?ag_id=14#ew_0_9377,0.29,290,5.669880923,,
3538,ia,g_1668;em_12_134896;n_136707-n_136708;p_302;#=ew_69_198231;prefix=46521-;[0]=ew_0_956083,L2H04M,L2,19.567,19.277,https://labbcat.canterbury.ac.nz/maonze/transcript?ag_id=1668#ew_0_956083,0.29,290,5.669880923,,
4415,ia,g_654;em_12_68555;n_87604-n_87605;p_146;#=ew_69_205774;prefix=54226-;[0]=ew_0_415765,L2Y04M,L2,30.006,29.716,https://labbcat.canterbury.ac.nz/maonze/transcript?ag_id=654#ew_0_415765,0.29,290,5.669880923,,
4601,ia,g_886;em_12_88038;n_102379-n_102380;p_169;#=ew_69_175684;prefix=25463-;[0]=ew_0_559462,L1H03M,L1,37.256,36.966,https://labbcat.canterbury.ac.nz/maonze/transcript?ag_id=886#ew_0_559462,0.29,290,5.669880923,,
5085,oa,g_1072;em_12_99595;n_110809-n_110810;p_206;#=ew_69_245815;prefix=91358-;[0]=ew_0_660330,WU06M,Historical,40.157,39.867,https://labbcat.canterbury.ac.nz/maonze/transcript?ag_id=1072#ew_0_660330,0.29,290,5.669880923,,
5206,oa,g_1228;em_12_110670;n_119145-n_119146;p_249;#=ew_69_179740;prefix=29247-;[0]=ew_0_738655,L1H06M,L1,29.503,29.213,https://labbcat.canterbury.ac.nz/maonze/transcript?ag_id=1228#ew_0_738655,0.29,290,5.669880923,,
5511,oa,g_1680;em_12_135532;n_137215-n_137216;p_307;#=ew_69_199510;prefix=47888-;[0]=ew_0_962007,L2H05M,L2,20.956,20.666,https://labbcat.canterbury.ac.nz/maonze/transcript?ag_id=1680#ew_0_962007,0.29,290,5.669880923,,
5527,oa,g_1689;em_12_136113;n_137574-n_137575;p_307;#=ew_69_200315;prefix=48886-;[0]=ew_0_1277375,L2H05M,L2,45.06,44.77,https://labbcat.canterbury.ac.nz/maonze/transcript?ag_id=1689#ew_0_1277375,0.29,290,5.669880923,,
5564,oa,g_1756;em_12_140337;n_140950-n_140951;p_318;#=ew_69_231907;prefix=78678-;[0]=ew_0_1005273,R008M,PresentElder,39.982,39.692,https://labbcat.canterbury.ac.nz/maonze/transcript?ag_id=1756#ew_0_1005273,0.29,290,5.669880923,,
5570,oa,g_1840;em_12_148950;n_3847101-n_3847117;p_49;#=ew_69_204460;prefix=52322-;[0]=ew_0_1100453,L2Y03M,L2,57.874,57.584,https://labbcat.canterbury.ac.nz/maonze/transcript?ag_id=1840#ew_0_1100453,0.29,290,5.669880923,,
5654,oa,g_1896;em_12_155888;n_5271324-n_5271349;p_334;#=ew_69_238337;prefix=84516-;[0]=ew_0_1181810,R011M,PresentElder,21.99,21.7,https://labbcat.canterbury.ac.nz/maonze/transcript?ag_id=1896#ew_0_1181810,0.29,290,5.669880923,,
5897,oa,g_325;em_12_148520;n_3841713-n_3841737;p_89;#=ew_69_188520;prefix=38035-;[0]=ew_0_1094737,L1Y04M,L1,12.415,12.125,https://labbcat.canterbury.ac.nz/maonze/transcript?ag_id=325#ew_0_1094737,0.29,290,5.669880923,,
6585,oa,g_954;em_12_91961;n_6536532-n_105583;p_181;#=ew_69_221218;prefix=68042-;[0]=ew_0_593583,R002M,PresentElder,47.585,47.295,https://labbcat.canterbury.ac.nz/maonze/transcript?ag_id=954#ew_0_593583,0.29,290,5.669880923,,
6588,oa,g_955;em_12_92003;n_6536246-n_105624;p_181;#=ew_69_221225;prefix=68246-;[0]=ew_0_594230,R002M,PresentElder,61.655,61.365,https://labbcat.canterbury.ac.nz/maonze/transcript?ag_id=955#ew_0_594230,0.29,290,5.669880923,,
8928,ua,g_4;em_12_122;n_30793-n_30794;p_28;#=ew_69_150782;prefix=01983-;[0]=ew_0_1833,K001M,PresentElder,40.086,39.796,https://labbcat.canterbury.ac.nz/maonze/transcript?ag_id=4#ew_0_1833,0.29,290,5.669880923,,
9006,ua,g_455;em_12_158555;n_5392035-n_5392044;p_112;#=ew_69_161092;prefix=11641-;[0]=ew_0_1210896,K006M,PresentElder,53.663,53.373,https://labbcat.canterbury.ac.nz/maonze/transcript?ag_id=455#ew_0_1210896,0.29,290,5.669880923,,
9664,ua,g_661;em_12_70264;n_89074-n_89075;p_146;#=ew_69_206993;prefix=54942-;[0]=ew_0_419538,L2Y04M,L2,44.245,43.955,https://labbcat.canterbury.ac.nz/maonze/transcript?ag_id=661#ew_0_419538,0.29,290,5.669880923,,
9803,ua,g_84;em_12_5695;n_35746-n_35747;p_37;#=ew_69_160842;prefix=11082-;[0]=ew_0_57509,K005M,PresentElder,40.41,40.12,https://labbcat.canterbury.ac.nz/maonze/transcript?ag_id=84#ew_0_57509,0.29,290,5.669880923,,
10534,ua,g_970;em_12_92867;n_106244-n_106245;p_184;#=ew_69_223351;prefix=70370-;[0]=ew_0_601906,R004M,PresentElder,56.513,56.223,https://labbcat.canterbury.ac.nz/maonze/transcript?ag_id=970#ew_0_601906,0.29,290,5.669880923,,
10675,ua,g_990;em_12_94051;n_107106-n_107107;p_182;#=ew_69_226726;prefix=73398-;[0]=ew_0_612193,R005M,PresentElder,17.798,17.508,https://labbcat.canterbury.ac.nz/maonze/transcript?ag_id=990#ew_0_612193,0.29,290,5.669880923,,
148,ea,g_104;em_12_7223;n_37064-n_37065;p_41;#=ew_69_164587;prefix=14296-;[0]=ew_0_72066,K007M,PresentElder,195.617,195.327,https://labbcat.canterbury.ac.nz/maonze/transcript?ag_id=104#ew_0_72066,0.29,290,5.669880923,,
398,ea,g_1233;em_12_111023;n_119173-n_119174;p_249;#=ew_69_180814;prefix=29819-;[0]=ew_0_1225972,L1H06M,L1,182.73,182.44,https://labbcat.canterbury.ac.nz/maonze/transcript?ag_id=1233#ew_0_1225972,0.29,290,5.669880923,,
640,ea,g_16;em_12_1263;n_31890-n_31891;p_19;#=ew_69_152281;prefix=02280-;[0]=ew_0_11017,K002M,PresentElder,184.118,183.828,https://labbcat.canterbury.ac.nz/maonze/transcript?ag_id=16#ew_0_11017,0.29,290,5.669880923,,
771,ea,g_1654;em_12_134256;n_136238-n_136239;p_300;#=ew_69_194858;prefix=43287-;[0]=ew_0_949821,L2H02M,L2,237.213,236.923,https://labbcat.canterbury.ac.nz/maonze/transcript?ag_id=1654#ew_0_949821,0.29,290,5.669880923,,
814,ea,g_1664;em_12_134747;n_136581-n_136582;p_302;#=ew_69_197281;prefix=46037-;[0]=ew_0_954320,L2H04M,L2,145.737,145.447,https://labbcat.canterbury.ac.nz/maonze/transcript?ag_id=1664#ew_0_954320,0.29,290,5.669880923,,
996,ea,g_1846;em_12_149374;n_3852745-n_3852759;p_49;#=ew_69_205185;prefix=53223-;[0]=ew_0_1105235,L2Y03M,L2,148.87,148.58,https://labbcat.canterbury.ac.nz/maonze/transcript?ag_id=1846#ew_0_1105235,0.29,290,5.669880923,,
1081,ea,g_19;em_12_1507;n_32126-n_5878192;p_19;#=ew_69_152546;prefix=02865-;[0]=ew_0_1232894,K002M,PresentElder,156.137,155.847,https://labbcat.canterbury.ac.nz/maonze/transcript?ag_id=19#ew_0_1232894,0.29,290,5.669880923,,
1488,ea,g_342;em_12_33536;n_57740-n_57741;p_85;#=ew_69_185030;prefix=34139-;[0]=ew_0_224771,L1Y02M,L1,168.629,168.339,https://labbcat.canterbury.ac.nz/maonze/transcript?ag_id=342#ew_0_224771,0.29,290,5.669880923,,
1503,ea,g_346;em_12_33668;n_6082-n_57814;p_85;#=ew_69_185132;prefix=34267-;[0]=ew_0_226378,L1Y02M,L1,130.162,129.872,https://labbcat.canterbury.ac.nz/maonze/transcript?ag_id=346#ew_0_226378,0.29,290,5.669880923,,
2094,ea,g_653;em_12_68463;n_87527-n_87528;p_146;#=ew_69_205912;prefix=54177-;[0]=ew_0_415536,L2Y04M,L2,185.588,185.298,https://labbcat.canterbury.ac.nz/maonze/transcript?ag_id=653#ew_0_415536,0.29,290,5.669880923,,
2112,ea,g_659;em_12_69837;n_11075-n_88706;p_146;#=ew_69_206472;prefix=54779-;[0]=ew_0_418716,L2Y04M,L2,152.816,152.526,https://labbcat.canterbury.ac.nz/maonze/transcript?ag_id=659#ew_0_418716,0.29,290,5.669880923,,
2303,ea,g_859;em_12_86221;n_101185-n_101186;p_167;#=ew_69_172573;prefix=22373-;[0]=ew_0_546938,L1H01M,L1,132.861,132.571,https://labbcat.canterbury.ac.nz/maonze/transcript?ag_id=859#ew_0_546938,0.29,290,5.669880923,,
2473,ea,g_901;em_12_88866;n_103056-n_15421;p_173;#=ew_69_177271;prefix=26886-;[0]=ew_0_567367,L1H04M,L1,210.868,210.578,https://labbcat.canterbury.ac.nz/maonze/transcript?ag_id=901#ew_0_567367,0.29,290,5.669880923,,
2919,ia,g_1026;em_12_96236;n_108659-n_108660;p_190;#=ew_69_232468;prefix=79436-;[0]=ew_0_632675,R009M,PresentElder,99.758,99.468,https://labbcat.canterbury.ac.nz/maonze/transcript?ag_id=1026#ew_0_632675,0.29,290,5.669880923,,
3252,ia,g_1241;em_12_160203;n_5827917-n_5827926;p_249;#=ew_69_181067;prefix=30562-;[0]=ew_0_1228186,L1H06M,L1,146.069,145.779,https://labbcat.canterbury.ac.nz/maonze/transcript?ag_id=1241#ew_0_1228186,0.29,290,5.669880923,,
3514,ia,g_1661;em_12_134610;n_136472-n_27414;p_302;#=ew_69_197611;prefix=45664-;[0]=ew_0_952918,L2H04M,L2,222.22,221.93,https://labbcat.canterbury.ac.nz/maonze/transcript?ag_id=1661#ew_0_952918,0.29,290,5.669880923,,
4186,ia,g_488;em_12_50057;n_71824-n_71825;p_122;#=ew_69_169362;prefix=19379-;[0]=ew_0_313658,K010M,PresentElder,81.612,81.322,https://labbcat.canterbury.ac.nz/maonze/transcript?ag_id=488#ew_0_313658,0.29,290,5.669880923,,
4285,ia,g_60;em_12_158393;n_5388004-n_5388009;p_32;#=ew_69_159139;prefix=09841-;[0]=ew_0_1208184,K004M,PresentElder,95.109,94.819,https://labbcat.canterbury.ac.nz/maonze/transcript?ag_id=60#ew_0_1208184,0.29,290,5.669880923,,
4426,ia,g_664;em_12_70456;n_89251-n_4423196;p_148;#=ew_69_207293;prefix=55391-;[0]=ew_0_1340871,L2Y05M,L2,175.48,175.19,https://labbcat.canterbury.ac.nz/maonze/transcript?ag_id=664#ew_0_1340871,0.29,290,5.669880923,,
4593,ia,g_880;em_12_87653;n_102164-n_15107;p_169;#=ew_69_175499;prefix=24992-;[0]=ew_0_557230,L1H03M,L1,183.04,182.75,https://labbcat.canterbury.ac.nz/maonze/transcript?ag_id=880#ew_0_557230,0.29,290,5.669880923,,
4841,ia,g_972;em_12_93014;n_106375-n_106376;p_184;#=ew_69_223841;prefix=70733-;[0]=ew_0_603202,R004M,PresentElder,153.926,153.636,https://labbcat.canterbury.ac.nz/maonze/transcript?ag_id=972#ew_0_603202,0.29,290,5.669880923,,
4974,oa,g_1021;em_12_96043;n_108524-n_108525;p_188;#=ew_69_230865;prefix=77472-;[0]=ew_0_1282655,R007M,PresentElder,197.845,197.555,https://labbcat.canterbury.ac.nz/maonze/transcript?ag_id=1021#ew_0_1282655,0.29,290,5.669880923,,
5858,oa,g_318;em_12_149603;n_3956214-n_3956216;p_89;#=ew_69_187969;prefix=36901-;[0]=ew_0_1109900,L1Y04M,L1,201.225,200.935,https://labbcat.canterbury.ac.nz/maonze/transcript?ag_id=318#ew_0_1109900,0.29,290,5.669880923,,
6068,oa,g_471;em_12_48800;n_70739-n_70740;p_120;#=ew_69_166626;prefix=16639-;[0]=ew_0_303648,K008M,PresentElder,247.53,247.24,https://labbcat.canterbury.ac.nz/maonze/transcript?ag_id=471#ew_0_303648,0.29,290,5.669880923,,
6182,oa,g_602;em_12_64194;n_83789-n_83790;p_140;#=ew_69_190076;prefix=39126-;[0]=ew_0_383807,L1Y05M,L1,71.824,71.534,https://labbcat.canterbury.ac.nz/maonze/transcript?ag_id=602#ew_0_383807,0.29,290,5.669880923,,
6376,oa,g_854;em_12_85825;n_100829-n_14646;p_167;#=ew_69_171808;prefix=21597-;[0]=ew_0_544048,L1H01M,L1,192.816,192.526,https://labbcat.canterbury.ac.nz/maonze/transcript?ag_id=854#ew_0_544048,0.29,290,5.669880923,,
6382,oa,g_857;em_12_86050;n_101034-n_101035;p_167;#=ew_69_172567;prefix=22082-;[0]=ew_0_545831,L1H01M,L1,222.53,222.24,https://labbcat.canterbury.ac.nz/maonze/transcript?ag_id=857#ew_0_545831,0.29,290,5.669880923,,
6641,oa,g_978;em_12_93514;n_6612102-n_16426;p_184;#=ew_69_225115;prefix=71733-;[0]=ew_0_606686,R004M,PresentElder,143.757,143.467,https://labbcat.canterbury.ac.nz/maonze/transcript?ag_id=978#ew_0_606686,0.29,290,5.669880923,,
6787,ua,g_1020;em_12_96020;n_6670062-n_6670069;p_188;#=ew_69_230321;prefix=77372-;[0]=ew_0_629235,R007M,PresentElder,128.322,128.032,https://labbcat.canterbury.ac.nz/maonze/transcript?ag_id=1020#ew_0_629235,0.29,290,5.669880923,,
7559,ua,g_15;em_12_1197;n_31825-n_31826;p_19;#=ew_69_151432;prefix=02122-;[0]=ew_0_10318,K002M,PresentElder,172.929,172.639,https://labbcat.canterbury.ac.nz/maonze/transcript?ag_id=15#ew_0_10318,0.29,290,5.669880923,,
8001,ua,g_1667;em_12_134869;n_27461-n_136684;p_302;#=ew_69_198004;prefix=46453-;[0]=ew_0_955811,L2H04M,L2,115.222,114.932,https://labbcat.canterbury.ac.nz/maonze/transcript?ag_id=1667#ew_0_955811,0.29,290,5.669880923,,
8168,ua,g_1840;em_12_148983;n_3847496-n_3847506;p_49;#=ew_69_204614;prefix=52396-;[0]=ew_0_1100776,L2Y03M,L2,196.791,196.501,https://labbcat.canterbury.ac.nz/maonze/transcript?ag_id=1840#ew_0_1100776,0.29,290,5.669880923,,
8612,ua,g_309;em_12_30112;n_54892-n_5503;p_81;#=ew_69_185928;prefix=35786-;[0]=ew_0_208134,L1Y03M,L1,82.193,81.903,https://labbcat.canterbury.ac.nz/maonze/transcript?ag_id=309#ew_0_208134,0.29,290,5.669880923,,
9902,ua,g_864;em_12_159471;n_5655827-n_5655832;p_168;#=ew_69_173741;prefix=23176-;[0]=ew_0_1220028,L1H02M,L1,146.513,146.223,https://labbcat.canterbury.ac.nz/maonze/transcript?ag_id=864#ew_0_1220028,0.29,290,5.669880923,,
10006,ua,g_880;em_12_170088;n_6964689-n_6964690;p_169;#=ew_69_175449;prefix=25031-;[0]=ew_0_1330183,L1H03M,L1,64.49,64.2,https://labbcat.canterbury.ac.nz/maonze/transcript?ag_id=880#ew_0_1330183,0.29,290,5.669880923,,
10147,ua,g_902;em_12_88922;n_103094-n_103095;p_173;#=ew_69_177529;prefix=27011-;[0]=ew_0_567781,L1H04M,L1,183.402,183.112,https://labbcat.canterbury.ac.nz/maonze/transcript?ag_id=902#ew_0_567781,0.29,290,5.669880923,,
10204,ua,g_909;em_12_89242;n_103280-n_15567;p_173;#=ew_69_176369;prefix=26372-;[0]=ew_0_571369,L1H04M,L1,166.142,165.852,https://labbcat.canterbury.ac.nz/maonze/transcript?ag_id=909#ew_0_571369,0.29,290,5.669880923,,
971,ea,g_1843;em_12_149216;n_3850505-n_3850516;p_49;#=ew_69_204520;prefix=52882-;[0]=ew_0_1103322,L2Y03M,L2,259.881,259.591,https://labbcat.canterbury.ac.nz/maonze/transcript?ag_id=1843#ew_0_1103322,0.29,290,5.669880923,,
1524,ea,g_369;em_12_35936;n_59762-n_59763;p_92;#=ew_69_213160;prefix=60744-;[0]=ew_0_238593,MU04M,Historical,282.429,282.139,https://labbcat.canterbury.ac.nz/maonze/transcript?ag_id=369#ew_0_238593,0.29,290,5.669880923,,
4103,ia,g_453;em_12_46980;n_6123912-n_69351;p_110;#=ew_69_157070;prefix=07474-;[0]=ew_0_294266,K003M,PresentElder,269.436,269.146,https://labbcat.canterbury.ac.nz/maonze/transcript?ag_id=453#ew_0_294266,0.29,290,5.669880923,,
4258,ia,g_58;em_12_162154;n_6217272-n_6217273;p_32;#=ew_69_159824;prefix=09505-;[0]=ew_0_1262314,K004M,PresentElder,265.325,265.035,https://labbcat.canterbury.ac.nz/maonze/transcript?ag_id=58#ew_0_1262314,0.29,290,5.669880923,,
10256,ua,g_925;em_12_90186;n_104007-n_104008;p_179;#=ew_69_217243;prefix=64432-;[0]=ew_0_579511,R001M,PresentElder,265.109,264.819,https://labbcat.canterbury.ac.nz/maonze/transcript?ag_id=925#ew_0_579511,0.29,290,5.669880923,,
1542,ea,g_370;em_12_36067;n_59892-n_59893;p_92;#=ew_69_214156;prefix=61021-;[0]=ew_0_239404,MU04M,Historical,307.468,307.188,https://labbcat.canterbury.ac.nz/maonze/transcript?ag_id=370#ew_0_239404,0.28,280,5.634789603,,
2394,ea,g_887;em_12_88190;n_102488-n_102489;p_169;#=ew_69_176071;prefix=25649-;[0]=ew_0_560356,L1H03M,L1,304.37,304.09,https://labbcat.canterbury.ac.nz/maonze/transcript?ag_id=887#ew_0_560356,0.28,280,5.634789603,,
342,ea,g_1201;em_12_108795;n_117598-n_117599;p_244;#=ew_69_243458;prefix=89350-;[0]=ew_0_725073,WU04M,Historical,213.862,213.582,https://labbcat.canterbury.ac.nz/maonze/transcript?ag_id=1201#ew_0_725073,0.28,280,5.634789603,,
378,ea,g_1213;em_12_109839;n_118552-n_118553;p_244;#=ew_69_244938;prefix=90968-;[0]=ew_0_731448,WU04M,Historical,50.741,50.461,https://labbcat.canterbury.ac.nz/maonze/transcript?ag_id=1213#ew_0_731448,0.28,280,5.634789603,,
389,ea,g_1229;em_12_110726;n_21016-n_5826735;p_249;#=ew_69_179860;prefix=29367-;[0]=ew_0_739180,L1H06M,L1,153.799,153.519,https://labbcat.canterbury.ac.nz/maonze/transcript?ag_id=1229#ew_0_739180,0.28,280,5.634789603,,
400,ea,g_1233;em_12_160019;n_5824667-n_5824680;p_249;#=ew_69_180803;prefix=29810-;[0]=ew_0_1226239,L1H06M,L1,169.492,169.212,https://labbcat.canterbury.ac.nz/maonze/transcript?ag_id=1233#ew_0_1226239,0.28,280,5.634789603,,
525,ea,g_1395;em_12_119286;n_124744-n_124745;p_262;#=ew_69_249955;prefix=95543-;[0]=ew_0_826118,WU08M,Historical,156.798,156.518,https://labbcat.canterbury.ac.nz/maonze/transcript?ag_id=1395#ew_0_826118,0.28,280,5.634789603,,
554,ea,g_1521;em_12_126012;n_130056-n_130057;p_284;#=ew_69_210598;prefix=58419-;[0]=ew_0_885608,MU01M,Historical,70.978,70.698,https://labbcat.canterbury.ac.nz/maonze/transcript?ag_id=1521#ew_0_885608,0.28,280,5.634789603,,
555,ea,g_1521;em_12_126022;n_130066-n_130067;p_284;#=ew_69_210625;prefix=58444-;[0]=ew_0_885696,MU01M,Historical,118.021,117.741,https://labbcat.canterbury.ac.nz/maonze/transcript?ag_id=1521#ew_0_885696,0.28,280,5.634789603,,
619,ea,g_1536;em_12_126760;n_7026312-n_130542;p_200;#=ew_69_216286;prefix=63609-;[0]=ew_0_894336,MU08M,Historical,125.539,125.259,https://labbcat.canterbury.ac.nz/maonze/transcript?ag_id=1536#ew_0_894336,0.28,280,5.634789603,,
770,ea,g_1654;em_12_134254;n_27293-n_136237;p_300;#=ew_69_194825;prefix=43279-;[0]=ew_0_949796,L2H02M,L2,228.486,228.206,https://labbcat.canterbury.ac.nz/maonze/transcript?ag_id=1654#ew_0_949796,0.28,280,5.634789603,,
825,ea,g_1666;em_12_134843;n_6399063-n_30569;p_302;#=ew_69_197940;prefix=46395-;[0]=ew_0_955552,L2H04M,L2,234.978,234.698,https://labbcat.canterbury.ac.nz/maonze/transcript?ag_id=1666#ew_0_955552,0.28,280,5.634789603,,
854,ea,g_1670;em_12_134989;n_136783-n_136784;p_302;#=ew_69_198175;prefix=46911-;[0]=ew_0_957431,L2H04M,L2,96.722,96.442,https://labbcat.canterbury.ac.nz/maonze/transcript?ag_id=1670#ew_0_957431,0.28,280,5.634789603,,
957,ea,g_1841;em_12_149025;n_3848044-n_3848054;p_49;#=ew_69_204223;prefix=52493-;[0]=ew_0_1101239,L2Y03M,L2,38.134,37.854,https://labbcat.canterbury.ac.nz/maonze/transcript?ag_id=1841#ew_0_1101239,0.28,280,5.634789603,,
1436,ea,g_328;em_12_33142;n_57423-n_57424;p_85;#=ew_69_184538;prefix=33634-;[0]=ew_0_219603,L1Y02M,L1,54.65,54.37,https://labbcat.canterbury.ac.nz/maonze/transcript?ag_id=328#ew_0_219603,0.28,280,5.634789603,,
1451,ea,g_334;em_12_161023;n_6031611-n_6031614;p_85;#=ew_69_185057;prefix=34236-;[0]=ew_0_1243004,L1Y02M,L1,121.403,121.123,https://labbcat.canterbury.ac.nz/maonze/transcript?ag_id=334#ew_0_1243004,0.28,280,5.634789603,,
1563,ea,g_386;em_12_39225;n_63020-n_63021;p_95;#=ew_69_215741;prefix=62806-;[0]=ew_0_248866,MU06M,Historical,141.663,141.383,https://labbcat.canterbury.ac.nz/maonze/transcript?ag_id=386#ew_0_248866,0.28,280,5.634789603,,
1764,ea,g_495;em_12_51271;n_72659-n_72660;p_122;#=ew_69_170751;prefix=20353-;[0]=ew_0_318620,K010M,PresentElder,228.066,227.786,https://labbcat.canterbury.ac.nz/maonze/transcript?ag_id=495#ew_0_318620,0.28,280,5.634789603,,
1969,ea,g_621;em_12_65146;n_84695-n_84696;p_142;#=ew_69_183003;prefix=32269-;[0]=ew_0_394045,L1Y01M,L1,27.128,26.848,https://labbcat.canterbury.ac.nz/maonze/transcript?ag_id=621#ew_0_394045,0.28,280,5.634789603,,
2163,ea,g_670;em_12_70670;n_89451-n_89452;p_148;#=ew_69_208528;prefix=56428-;[0]=ew_0_425077,L2Y05M,L2,161.829,161.549,https://labbcat.canterbury.ac.nz/maonze/transcript?ag_id=670#ew_0_425077,0.28,280,5.634789603,,
2214,ea,g_81;em_12_5576;n_35651-n_35652;p_37;#=ew_69_160383;prefix=10700-;[0]=ew_0_55769,K005M,PresentElder,202.772,202.492,https://labbcat.canterbury.ac.nz/maonze/transcript?ag_id=81#ew_0_55769,0.28,280,5.634789603,,
2536,ea,g_935;em_12_90828;n_104628-n_104629;p_179;#=ew_69_218227;prefix=65465-;[0]=ew_0_583126,R001M,PresentElder,13.787,13.507,https://labbcat.canterbury.ac.nz/maonze/transcript?ag_id=935#ew_0_583126,0.28,280,5.634789603,,
2602,ea,g_949;em_12_91716;n_105384-n_15937;p_181;#=ew_69_220417;prefix=67538-;[0]=ew_0_590473,R002M,PresentElder,46.447,46.167,https://labbcat.canterbury.ac.nz/maonze/transcript?ag_id=949#ew_0_590473,0.28,280,5.634789603,,
2707,ea,g_971;em_12_92960;n_106336-n_6582828;p_184;#=ew_69_223643;prefix=70645-;[0]=ew_0_602790,R004M,PresentElder,206.962,206.682,https://labbcat.canterbury.ac.nz/maonze/transcript?ag_id=971#ew_0_602790,0.28,280,5.634789603,,
2740,ea,g_977;em_12_163560;n_6612103-n_6612108;p_184;#=ew_69_224812;prefix=71597-;[0]=ew_0_1280892,R004M,PresentElder,231.172,230.892,https://labbcat.canterbury.ac.nz/maonze/transcript?ag_id=977#ew_0_1280892,0.28,280,5.634789603,,
2770,ea,g_980;em_12_93604;n_106748-n_106749;p_184;#=ew_69_224575;prefix=71925-;[0]=ew_0_607507,R004M,PresentElder,19.892,19.612,https://labbcat.canterbury.ac.nz/maonze/transcript?ag_id=980#ew_0_607507,0.28,280,5.634789603,,
2775,ea,g_981;em_12_93668;n_106801-n_106802;p_184;#=ew_69_224660;prefix=72059-;[0]=ew_0_608041,R004M,PresentElder,72.586,72.306,https://labbcat.canterbury.ac.nz/maonze/transcript?ag_id=981#ew_0_608041,0.28,280,5.634789603,,
2783,ea,g_982;em_12_93727;n_16498-n_106834;p_184;#=ew_69_225287;prefix=72147-;[0]=ew_0_608508,R004M,PresentElder,41.075,40.795,https://labbcat.canterbury.ac.nz/maonze/transcript?ag_id=982#ew_0_608508,0.28,280,5.634789603,,
2804,ea,g_985;em_12_93863;n_16520-n_7042945;p_182;#=ew_69_226315;prefix=72693-;[0]=ew_0_609919,R005M,PresentElder,180.06,179.78,https://labbcat.canterbury.ac.nz/maonze/transcript?ag_id=985#ew_0_609919,0.28,280,5.634789603,,
3117,ia,g_1088;em_12_100501;n_4699158-n_111592;p_208;#=ew_69_247559;prefix=93473-;[0]=ew_0_668834,WU07M,Historical,28.081,27.801,https://labbcat.canterbury.ac.nz/maonze/transcript?ag_id=1088#ew_0_668834,0.28,280,5.634789603,,
3443,ia,g_1629;em_12_132557;n_134831-n_134832;p_299;#=ew_69_193031;prefix=41842-;[0]=ew_0_938735,L2H01M,L2,188.267,187.987,https://labbcat.canterbury.ac.nz/maonze/transcript?ag_id=1629#ew_0_938735,0.28,280,5.634789603,,
3533,ia,g_1666;em_12_163183;n_6398952-n_6398957;p_302;#=ew_69_197859;prefix=46319-;[0]=ew_0_1276165,L2H04M,L2,94.895,94.615,https://labbcat.canterbury.ac.nz/maonze/transcript?ag_id=1666#ew_0_1276165,0.28,280,5.634789603,,
3574,ia,g_1749;em_12_139801;n_140493-n_28515;p_318;#=ew_69_231267;prefix=77892-;[0]=ew_0_1002439,R008M,PresentElder,51.318,51.038,https://labbcat.canterbury.ac.nz/maonze/transcript?ag_id=1749#ew_0_1002439,0.28,280,5.634789603,,
3763,ia,g_1923;em_12_163378;n_6538487-n_6538493;p_181;#=ew_69_221040;prefix=68584-;[0]=ew_0_1279129,R002M,PresentElder,154.701,154.421,https://labbcat.canterbury.ac.nz/maonze/transcript?ag_id=1923#ew_0_1279129,0.28,280,5.634789603,,
3767,ia,g_1942;em_12_165516;n_6842426-n_6842437;p_41;#=ew_69_164970;prefix=15117-;[0]=ew_0_1294657,K007M,PresentElder,222.401,222.121,https://labbcat.canterbury.ac.nz/maonze/transcript?ag_id=1942#ew_0_1294657,0.28,280,5.634789603,,
3960,ia,g_366;em_12_35431;n_59267-n_7018958;p_92;#=ew_69_212327;prefix=60169-;[0]=ew_0_1124095,MU04M,Historical,171.764,171.484,https://labbcat.canterbury.ac.nz/maonze/transcript?ag_id=366#ew_0_1124095,0.28,280,5.634789603,,
4320,ia,g_61;em_12_4204;n_34523-n_34524;p_32;#=ew_69_159260;prefix=09960-;[0]=ew_0_41796,K004M,PresentElder,95.105,94.825,https://labbcat.canterbury.ac.nz/maonze/transcript?ag_id=61#ew_0_41796,0.28,280,5.634789603,,
4465,ia,g_671;em_12_70694;n_89472-n_89473;p_148;#=ew_69_208658;prefix=56553-;[0]=ew_0_425536,L2Y05M,L2,65.444,65.164,https://labbcat.canterbury.ac.nz/maonze/transcript?ag_id=671#ew_0_425536,0.28,280,5.634789603,,
4615,ia,g_890;em_12_88277;n_102560-n_102561;p_174;#=ew_69_179049;prefix=28966-;[0]=ew_0_561038,L1H05M,L1,103.425,103.145,https://labbcat.canterbury.ac.nz/maonze/transcript?ag_id=890#ew_0_561038,0.28,280,5.634789603,,
4692,ia,g_913;em_12_89372;n_103332-n_15645;p_173;#=ew_69_176399;prefix=25890-;[0]=ew_0_573218,L1H04M,L1,69.674,69.394,https://labbcat.canterbury.ac.nz/maonze/transcript?ag_id=913#ew_0_573218,0.28,280,5.634789603,,
4702,ia,g_927;em_12_90306;n_104125-n_104126;p_179;#=ew_69_217188;prefix=64668-;[0]=ew_0_580281,R001M,PresentElder,64.806,64.526,https://labbcat.canterbury.ac.nz/maonze/transcript?ag_id=927#ew_0_580281,0.28,280,5.634789603,,
4718,ia,g_930;em_12_90684;n_104499-n_104500;p_179;#=ew_69_218168;prefix=65326-;[0]=ew_0_582432,R001M,PresentElder,232.953,232.673,https://labbcat.canterbury.ac.nz/maonze/transcript?ag_id=930#ew_0_582432,0.28,280,5.634789603,,
4732,ia,g_935;em_12_90904;n_104700-n_104701;p_179;#=ew_69_218653;prefix=65604-;[0]=ew_0_583605,R001M,PresentElder,192.637,192.357,https://labbcat.canterbury.ac.nz/maonze/transcript?ag_id=935#ew_0_583605,0.28,280,5.634789603,,
4945,oa,g_1012;em_12_95527;n_108366-n_108367;p_188;#=ew_69_229858;prefix=76603-;[0]=ew_0_625640,R007M,PresentElder,10.961,10.681,https://labbcat.canterbury.ac.nz/maonze/transcript?ag_id=1012#ew_0_625640,0.28,280,5.634789603,,
4956,oa,g_1016;em_12_163673;n_6670641-n_6670648;p_188;#=ew_69_230610;prefix=77046-;[0]=ew_0_1281840,R007M,PresentElder,202.497,202.217,https://labbcat.canterbury.ac.nz/maonze/transcript?ag_id=1016#ew_0_1281840,0.28,280,5.634789603,,
5053,oa,g_1043;em_12_97343;n_17591-n_109293;p_193;#=ew_69_235742;prefix=82339-;[0]=ew_0_644556,R010M,PresentElder,58.976,58.696,https://labbcat.canterbury.ac.nz/maonze/transcript?ag_id=1043#ew_0_644556,0.28,280,5.634789603,,
5060,oa,g_1045;em_12_97451;n_109381-n_109382;p_193;#=ew_69_236542;prefix=82669-;[0]=ew_0_646134,R010M,PresentElder,179.159,178.879,https://labbcat.canterbury.ac.nz/maonze/transcript?ag_id=1045#ew_0_646134,0.28,280,5.634789603,,
5414,oa,g_1627;em_12_132479;n_134771-n_134772;p_299;#=ew_69_192728;prefix=41671-;[0]=ew_0_938140,L2H01M,L2,149.743,149.463,https://labbcat.canterbury.ac.nz/maonze/transcript?ag_id=1627#ew_0_938140,0.28,280,5.634789603,,
5544,oa,g_1748;em_12_139744;n_140445-n_28506;p_318;#=ew_69_231170;prefix=77801-;[0]=ew_0_1002118,R008M,PresentElder,93.31,93.03,https://labbcat.canterbury.ac.nz/maonze/transcript?ag_id=1748#ew_0_1002118,0.28,280,5.634789603,,
5788,oa,g_1946;em_12_165983;n_6849334-n_6849348;p_121;#=ew_69_167436;prefix=17139-;[0]=ew_0_1298396,K009M,PresentElder,56.65,56.37,https://labbcat.canterbury.ac.nz/maonze/transcript?ag_id=1946#ew_0_1298396,0.28,280,5.634789603,,
5867,oa,g_319;em_12_31138;n_55755-n_55756;p_89;#=ew_69_187832;prefix=36965-;[0]=ew_0_213659,L1Y04M,L1,64.227,63.947,https://labbcat.canterbury.ac.nz/maonze/transcript?ag_id=319#ew_0_213659,0.28,280,5.634789603,,
5879,oa,g_321;em_12_31652;n_56227-n_56228;p_89;#=ew_69_188150;prefix=37334-;[0]=ew_0_215279,L1Y04M,L1,175.164,174.884,https://labbcat.canterbury.ac.nz/maonze/transcript?ag_id=321#ew_0_215279,0.28,280,5.634789603,,
5905,oa,g_330;em_12_33213;n_57478-n_57479;p_85;#=ew_69_185394;prefix=34458-;[0]=ew_0_220504,L1Y02M,L1,130.57,130.29,https://labbcat.canterbury.ac.nz/maonze/transcript?ag_id=330#ew_0_220504,0.28,280,5.634789603,,
6056,oa,g_462;em_12_47617;n_69735-n_69736;p_112;#=ew_69_162306;prefix=12396-;[0]=ew_0_298115,K006M,PresentElder,89.09,88.81,https://labbcat.canterbury.ac.nz/maonze/transcript?ag_id=462#ew_0_298115,0.28,280,5.634789603,,
6070,oa,g_473;em_12_48936;n_70870-n_70871;p_120;#=ew_69_165379;prefix=15457-;[0]=ew_0_304249,K008M,PresentElder,188.684,188.404,https://labbcat.canterbury.ac.nz/maonze/transcript?ag_id=473#ew_0_304249,0.28,280,5.634789603,,
6090,oa,g_480;em_12_49318;n_71216-n_71217;p_121;#=ew_69_168586;prefix=18192-;[0]=ew_0_308919,K009M,PresentElder,168.882,168.602,https://labbcat.canterbury.ac.nz/maonze/transcript?ag_id=480#ew_0_308919,0.28,280,5.634789603,,
6221,oa,g_617;em_12_65024;n_84583-n_84584;p_142;#=ew_69_182973;prefix=31907-;[0]=ew_0_392510,L1Y01M,L1,169.363,169.083,https://labbcat.canterbury.ac.nz/maonze/transcript?ag_id=617#ew_0_392510,0.28,280,5.634789603,,
6241,oa,g_626;em_12_65333;n_84852-n_84853;p_142;#=ew_69_183644;prefix=32850-;[0]=ew_0_396307,L1Y01M,L1,9.005,8.725,https://labbcat.canterbury.ac.nz/maonze/transcript?ag_id=626#ew_0_396307,0.28,280,5.634789603,,
6372,oa,g_853;em_12_85695;n_100703-n_100704;p_167;#=ew_69_171529;prefix=21331-;[0]=ew_0_543026,L1H01M,L1,14.989,14.709,https://labbcat.canterbury.ac.nz/maonze/transcript?ag_id=853#ew_0_543026,0.28,280,5.634789603,,
6544,oa,g_938;em_12_91119;n_104895-n_104896;p_179;#=ew_69_218687;prefix=66039-;[0]=ew_0_585109,R001M,PresentElder,39.209,38.929,https://labbcat.canterbury.ac.nz/maonze/transcript?ag_id=938#ew_0_585109,0.28,280,5.634789603,,
6621,oa,g_972;em_12_93035;n_106396-n_106397;p_184;#=ew_69_224005;prefix=70774-;[0]=ew_0_603330,R004M,PresentElder,216.392,216.112,https://labbcat.canterbury.ac.nz/maonze/transcript?ag_id=972#ew_0_603330,0.28,280,5.634789603,,
6666,oa,g_990;em_12_94063;n_107118-n_107119;p_182;#=ew_69_226835;prefix=73447-;[0]=ew_0_612348,R005M,PresentElder,93.476,93.196,https://labbcat.canterbury.ac.nz/maonze/transcript?ag_id=990#ew_0_612348,0.28,280,5.634789603,,
6849,ua,g_1031;em_12_96482;n_108816-n_108817;p_190;#=ew_69_234244;prefix=80299-;[0]=ew_0_636101,R009M,PresentElder,155.894,155.614,https://labbcat.canterbury.ac.nz/maonze/transcript?ag_id=1031#ew_0_636101,0.28,280,5.634789603,,
7307,ua,g_1205;em_12_109231;n_118030-n_118031;p_244;#=ew_69_244500;prefix=89874-;[0]=ew_0_727340,WU04M,Historical,127.025,126.745,https://labbcat.canterbury.ac.nz/maonze/transcript?ag_id=1205#ew_0_727340,0.28,280,5.634789603,,
7354,ua,g_1235;em_12_111113;n_21371-n_5824858;p_249;#=ew_69_180863;prefix=29868-;[0]=ew_0_742287,L1H06M,L1,36.18,35.9,https://labbcat.canterbury.ac.nz/maonze/transcript?ag_id=1235#ew_0_742287,0.28,280,5.634789603,,
7567,ua,g_1511;em_12_151510;n_4677419-n_4677421;p_276;#=ew_69_242373;prefix=88433-;[0]=ew_0_1131128,WU03M,Historical,48.753,48.473,https://labbcat.canterbury.ac.nz/maonze/transcript?ag_id=1511#ew_0_1131128,0.28,280,5.634789603,,
7746,ua,g_1620;em_12_131939;n_134391-n_134392;p_299;#=ew_69_191805;prefix=40887-;[0]=ew_0_934559,L2H01M,L2,164.848,164.568,https://labbcat.canterbury.ac.nz/maonze/transcript?ag_id=1620#ew_0_934559,0.28,280,5.634789603,,
7869,ua,g_1642;em_12_133332;n_135541-n_135542;p_288;#=ew_69_196576;prefix=45130-;[0]=ew_0_943765,L2H03M,L2,240.018,239.738,https://labbcat.canterbury.ac.nz/maonze/transcript?ag_id=1642#ew_0_943765,0.28,280,5.634789603,,
7951,ua,g_1658;em_12_134517;n_136410-n_136411;p_300;#=ew_69_195163;prefix=43728-;[0]=ew_0_951789,L2H02M,L2,223.361,223.081,https://labbcat.canterbury.ac.nz/maonze/transcript?ag_id=1658#ew_0_951789,0.28,280,5.634789603,,
8118,ua,g_1749;em_12_139794;n_140486-n_140487;p_318;#=ew_69_231250;prefix=77875-;[0]=ew_0_1002382,R008M,PresentElder,16.257,15.977,https://labbcat.canterbury.ac.nz/maonze/transcript?ag_id=1749#ew_0_1002382,0.28,280,5.634789603,,
8287,ua,g_1898;em_12_156014;n_5275378-n_5275394;p_333;#=ew_69_238254;prefix=84913-;[0]=ew_0_1183658,R012M,PresentElder,234.476,234.196,https://labbcat.canterbury.ac.nz/maonze/transcript?ag_id=1898#ew_0_1183658,0.28,280,5.634789603,,
8687,ua,g_324;em_12_148755;n_3841303-n_56841;p_89;#=ew_69_188377;prefix=37761-;[0]=ew_0_1095145,L1Y04M,L1,22.911,22.631,https://labbcat.canterbury.ac.nz/maonze/transcript?ag_id=324#ew_0_1095145,0.28,280,5.634789603,,
8779,ua,g_343;em_12_33551;n_57752-n_57753;p_85;#=ew_69_185329;prefix=34556-;[0]=ew_0_224980,L1Y02M,L1,78.139,77.859,https://labbcat.canterbury.ac.nz/maonze/transcript?ag_id=343#ew_0_224980,0.28,280,5.634789603,,
8795,ua,g_344;em_12_33604;n_6050-n_57788;p_85;#=ew_69_184127;prefix=33480-;[0]=ew_0_1241606,L1Y02M,L1,185.29,185.01,https://labbcat.canterbury.ac.nz/maonze/transcript?ag_id=344#ew_0_1241606,0.28,280,5.634789603,,
9695,ua,g_665;em_12_70485;n_89279-n_89280;p_148;#=ew_69_207643;prefix=55536-;[0]=ew_0_421843,L2Y05M,L2,141.217,140.937,https://labbcat.canterbury.ac.nz/maonze/transcript?ag_id=665#ew_0_421843,0.28,280,5.634789603,,
10045,ua,g_884;em_12_87911;n_102311-n_102312;p_169;#=ew_69_175644;prefix=25354-;[0]=ew_0_558804,L1H03M,L1,101.183,100.903,https://labbcat.canterbury.ac.nz/maonze/transcript?ag_id=884#ew_0_558804,0.28,280,5.634789603,,
10092,ua,g_896;em_12_88581;n_102818-n_102819;p_174;#=ew_69_178269;prefix=28064-;[0]=ew_0_564785,L1H05M,L1,210.418,210.138,https://labbcat.canterbury.ac.nz/maonze/transcript?ag_id=896#ew_0_564785,0.28,280,5.634789603,,
10382,ua,g_943;em_12_91502;n_105193-n_105194;p_179;#=ew_69_219525;prefix=66868-;[0]=ew_0_587996,R001M,PresentElder,105.973,105.693,https://labbcat.canterbury.ac.nz/maonze/transcript?ag_id=943#ew_0_587996,0.28,280,5.634789603,,
10550,ua,g_971;em_12_92959;n_106335-n_106336;p_184;#=ew_69_223638;prefix=70640-;[0]=ew_0_602766,R004M,PresentElder,196.483,196.203,https://labbcat.canterbury.ac.nz/maonze/transcript?ag_id=971#ew_0_602766,0.28,280,5.634789603,,
5907,oa,g_331;em_12_33221;n_5975-n_57486;p_85;#=ew_69_184139;prefix=33289-;[0]=ew_0_220612,L1Y02M,L1,1.87,1.59,https://labbcat.canterbury.ac.nz/maonze/transcript?ag_id=331#ew_0_220612,0.28,280,5.634789603,,
10034,ua,g_883;em_12_87813;n_15165-n_102265;p_169;#=ew_69_175739;prefix=25244-;[0]=ew_0_558235,L1H03M,L1,2.72,2.44,https://labbcat.canterbury.ac.nz/maonze/transcript?ag_id=883#ew_0_558235,0.28,280,5.634789603,,
857,ea,g_1670;em_12_163160;n_6399115-n_6399122;p_302;#=ew_69_198075;prefix=46850-;[0]=ew_0_1276570,L2H04M,L2,6.43,6.15,https://labbcat.canterbury.ac.nz/maonze/transcript?ag_id=1670#ew_0_1276570,0.28,280,5.634789603,,
2075,ea,g_645;em_12_67159;n_7006049-n_86374;p_145;#=ew_69_201935;prefix=50140-;[0]=ew_0_411369,L2Y01M,L2,8.27,7.99,https://labbcat.canterbury.ac.nz/maonze/transcript?ag_id=645#ew_0_411369,0.28,280,5.634789603,,
4648,ia,g_898;em_12_88643;n_102878-n_102879;p_174;#=ew_69_178509;prefix=27600-;[0]=ew_0_565559,L1H05M,L1,16.505,16.225,https://labbcat.canterbury.ac.nz/maonze/transcript?ag_id=898#ew_0_565559,0.28,280,5.634789603,,
5563,oa,g_1756;em_12_140334;n_140947-n_140948;p_318;#=ew_69_231896;prefix=78675-;[0]=ew_0_1005252,R008M,PresentElder,26.011,25.731,https://labbcat.canterbury.ac.nz/maonze/transcript?ag_id=1756#ew_0_1005252,0.28,280,5.634789603,,
10185,ua,g_908;em_12_89174;n_15519-n_15520;p_173;#=ew_69_176955;prefix=26420-;[0]=ew_0_570528,L1H04M,L1,17.031,16.751,https://labbcat.canterbury.ac.nz/maonze/transcript?ag_id=908#ew_0_570528,0.28,280,5.634789603,,
3070,ia,g_1077;em_12_99843;n_111035-n_111036;p_208;#=ew_69_246349;prefix=92011-;[0]=ew_0_662875,WU07M,Historical,32.983,32.703,https://labbcat.canterbury.ac.nz/maonze/transcript?ag_id=1077#ew_0_662875,0.28,280,5.634789603,,
4344,ia,g_619;em_12_65074;n_84631-n_84632;p_142;#=ew_69_182616;prefix=32083-;[0]=ew_0_1246543,L1Y01M,L1,54.355,54.075,https://labbcat.canterbury.ac.nz/maonze/transcript?ag_id=619#ew_0_1246543,0.28,280,5.634789603,,
6310,oa,g_657;em_12_69331;n_88259-n_88260;p_146;#=ew_69_206712;prefix=54523-;[0]=ew_0_417542,L2Y04M,L2,59.855,59.575,https://labbcat.canterbury.ac.nz/maonze/transcript?ag_id=657#ew_0_417542,0.28,280,5.634789603,,
7205,ua,g_11;em_12_792;n_31438-n_31439;p_28;#=ew_69_149242;prefix=00279-;[0]=ew_0_1231548,K001M,PresentElder,52.227,51.947,https://labbcat.canterbury.ac.nz/maonze/transcript?ag_id=11#ew_0_1231548,0.28,280,5.634789603,,
8844,ua,g_367;em_12_35516;n_4519216-n_4519590;p_92;#=ew_69_212363;prefix=60243-;[0]=ew_0_1123549,MU04M,Historical,40.785,40.505,https://labbcat.canterbury.ac.nz/maonze/transcript?ag_id=367#ew_0_1123549,0.28,280,5.634789603,,
2578,ea,g_943;em_12_91497;n_105188-n_105189;p_179;#=ew_69_219518;prefix=66861-;[0]=ew_0_587957,R001M,PresentElder,88.826,88.546,https://labbcat.canterbury.ac.nz/maonze/transcript?ag_id=943#ew_0_587957,0.28,280,5.634789603,,
4417,ia,g_658;em_12_69605;n_88490-n_88491;p_146;#=ew_69_206824;prefix=54639-;[0]=ew_0_418069,L2Y04M,L2,101.073,100.793,https://labbcat.canterbury.ac.nz/maonze/transcript?ag_id=658#ew_0_418069,0.28,280,5.634789603,,
5904,oa,g_330;em_12_33212;n_57477-n_57478;p_85;#=ew_69_185384;prefix=34452-;[0]=ew_0_220486,L1Y02M,L1,123.591,123.311,https://labbcat.canterbury.ac.nz/maonze/transcript?ag_id=330#ew_0_220486,0.28,280,5.634789603,,
7828,ua,g_1637;em_12_132978;n_135210-n_135211;p_288;#=ew_69_195885;prefix=44375-;[0]=ew_0_941001,L2H03M,L2,125.82,125.54,https://labbcat.canterbury.ac.nz/maonze/transcript?ag_id=1637#ew_0_941001,0.28,280,5.634789603,,
8096,ua,g_1746;em_12_139598;n_140311-n_140312;p_318;#=ew_69_231041;prefix=77616-;[0]=ew_0_1001349,R008M,PresentElder,64.829,64.549,https://labbcat.canterbury.ac.nz/maonze/transcript?ag_id=1746#ew_0_1001349,0.28,280,5.634789603,,
1917,ea,g_61;em_12_4252;n_348-n_34568;p_32;#=ew_69_159377;prefix=10075-;[0]=ew_0_42219,K004M,PresentElder,304.515,304.235,https://labbcat.canterbury.ac.nz/maonze/transcript?ag_id=61#ew_0_42219,0.28,280,5.634789603,,
2154,ea,g_669;em_12_70648;n_89430-n_89431;p_148;#=ew_69_208900;prefix=56342-;[0]=ew_0_424670,L2Y05M,L2,266.428,266.148,https://labbcat.canterbury.ac.nz/maonze/transcript?ag_id=669#ew_0_424670,0.28,280,5.634789603,,
2155,ea,g_669;em_12_70650;n_89432-n_89433;p_148;#=ew_69_208912;prefix=56351-;[0]=ew_0_424723,L2Y05M,L2,284.09,283.81,https://labbcat.canterbury.ac.nz/maonze/transcript?ag_id=669#ew_0_424723,0.28,280,5.634789603,,
2580,ea,g_943;em_12_91542;n_105233-n_105234;p_179;#=ew_69_219608;prefix=66950-;[0]=ew_0_588345,R001M,PresentElder,288.95,288.67,https://labbcat.canterbury.ac.nz/maonze/transcript?ag_id=943#ew_0_588345,0.28,280,5.634789603,,
2814,ea,g_989;em_12_150920;n_4619489-n_16547;p_182;#=ew_69_225942;prefix=73379-;[0]=ew_0_1127988,R005M,PresentElder,260.065,259.785,https://labbcat.canterbury.ac.nz/maonze/transcript?ag_id=989#ew_0_1127988,0.28,280,5.634789603,,
3428,ia,g_1622;em_12_170971;n_6993118-n_6993119;p_299;#=ew_69_191853;prefix=41146-;[0]=ew_0_1337864,L2H01M,L2,256.186,255.906,https://labbcat.canterbury.ac.nz/maonze/transcript?ag_id=1622#ew_0_1337864,0.28,280,5.634789603,,
4017,ia,g_385;em_12_39107;n_62903-n_62904;p_95;#=ew_69_215349;prefix=62671-;[0]=ew_0_248384,MU06M,Historical,309.428,309.148,https://labbcat.canterbury.ac.nz/maonze/transcript?ag_id=385#ew_0_248384,0.28,280,5.634789603,,
4378,ia,g_633;em_12_66263;n_85712-n_85713;p_143;#=ew_69_202961;prefix=51795-;[0]=ew_0_402812,L2Y02M,L2,142.509,142.229,https://labbcat.canterbury.ac.nz/maonze/transcript?ag_id=633#ew_0_402812,0.28,280,5.634789603,,
6578,oa,g_949;em_12_91758;n_6521907-n_29845;p_181;#=ew_69_220751;prefix=67718-;[0]=ew_0_591094,R002M,PresentElder,308.453,308.173,https://labbcat.canterbury.ac.nz/maonze/transcript?ag_id=949#ew_0_591094,0.28,280,5.634789603,,
9624,ua,g_642;em_12_67020;n_86262-n_86263;p_145;#=ew_69_201253;prefix=50112-;[0]=ew_0_1107837,L2Y01M,L2,266.383,266.103,https://labbcat.canterbury.ac.nz/maonze/transcript?ag_id=642#ew_0_1107837,0.28,280,5.634789603,,
10404,ua,g_948;em_12_163316;n_6521820-n_6521676;p_181;#=ew_69_220266;prefix=67510-;[0]=ew_0_1278229,R002M,PresentElder,269.299,269.019,https://labbcat.canterbury.ac.nz/maonze/transcript?ag_id=948#ew_0_1278229,0.28,280,5.634789603,,
4908,ia,g_99;em_12_162778;n_6282037-n_6282042;p_41;#=ew_69_163778;prefix=13181-;[0]=ew_0_1271412,K007M,PresentElder,289.083,288.813,https://labbcat.canterbury.ac.nz/maonze/transcript?ag_id=99#ew_0_1271412,0.27,270,5.598421959,,
8196,ua,g_1845;em_12_149331;n_3852115-n_3852133;p_49;#=ew_69_205077;prefix=53122-;[0]=ew_0_1104696,L2Y03M,L2,302.408,302.138,https://labbcat.canterbury.ac.nz/maonze/transcript?ag_id=1845#ew_0_1104696,0.27,270,5.598421959,,
125,ea,g_1036;em_12_96699;n_108985-n_108986;p_193;#=ew_69_235244;prefix=81252-;[0]=ew_0_639382,R010M,PresentElder,207.949,207.679,https://labbcat.canterbury.ac.nz/maonze/transcript?ag_id=1036#ew_0_639382,0.27,270,5.598421959,,
392,ea,g_1230;em_12_160234;n_5827250-n_21103;p_249;#=ew_69_180279;prefix=29506-;[0]=ew_0_1228487,L1H06M,L1,231.321,231.051,https://labbcat.canterbury.ac.nz/maonze/transcript?ag_id=1230#ew_0_1228487,0.27,270,5.598421959,,
412,ea,g_1236;em_12_111200;n_119193-n_21451;p_249;#=ew_69_180453;prefix=30016-;[0]=ew_0_743048,L1H06M,L1,96.867,96.597,https://labbcat.canterbury.ac.nz/maonze/transcript?ag_id=1236#ew_0_743048,0.27,270,5.598421959,,
451,ea,g_13;em_12_1042;n_31677-n_31678;p_19;#=ew_69_152787;prefix=03472-;[0]=ew_0_9112,K002M,PresentElder,247.899,247.629,https://labbcat.canterbury.ac.nz/maonze/transcript?ag_id=13#ew_0_9112,0.27,270,5.598421959,,
556,ea,g_1521;em_12_126042;n_130086-n_130087;p_284;#=ew_69_210702;prefix=58507-;[0]=ew_0_885924,MU01M,Historical,219.198,218.928,https://labbcat.canterbury.ac.nz/maonze/transcript?ag_id=1521#ew_0_885924,0.27,270,5.598421959,,
768,ea,g_1654;em_12_134251;n_136235-n_136236;p_300;#=ew_69_194811;prefix=43274-;[0]=ew_0_949778,L2H02M,L2,221.58,221.31,https://labbcat.canterbury.ac.nz/maonze/transcript?ag_id=1654#ew_0_949778,0.27,270,5.598421959,,
837,ea,g_1668;em_12_134917;n_136728-n_136729;p_302;#=ew_69_198330;prefix=46585-;[0]=ew_0_956345,L2H04M,L2,135.556,135.286,https://labbcat.canterbury.ac.nz/maonze/transcript?ag_id=1668#ew_0_956345,0.27,270,5.598421959,,
865,ea,g_1672;em_12_135069;n_136836-n_136843;p_302;#=ew_69_198674;prefix=47211-;[0]=ew_0_1276238,L2H04M,L2,134.126,133.856,https://labbcat.canterbury.ac.nz/maonze/transcript?ag_id=1672#ew_0_1276238,0.27,270,5.598421959,,
897,ea,g_1679;em_12_135524;n_137210-n_30582;p_307;#=ew_69_200094;prefix=48259-;[0]=ew_0_961961,L2H05M,L2,239.882,239.612,https://labbcat.canterbury.ac.nz/maonze/transcript?ag_id=1679#ew_0_961961,0.27,270,5.598421959,,
1465,ea,g_336;em_12_33344;n_57577-n_57578;p_85;#=ew_69_184366;prefix=33528-;[0]=ew_0_222165,L1Y02M,L1,90.986,90.716,https://labbcat.canterbury.ac.nz/maonze/transcript?ag_id=336#ew_0_222165,0.27,270,5.598421959,,
2058,ea,g_634;em_12_66378;n_85814-n_85815;p_143;#=ew_69_204025;prefix=52092-;[0]=ew_0_403813,L2Y02M,L2,187.071,186.801,https://labbcat.canterbury.ac.nz/maonze/transcript?ag_id=634#ew_0_403813,0.27,270,5.598421959,,
2092,ea,g_652;em_12_68147;n_87260-n_87261;p_146;#=ew_69_206048;prefix=54048-;[0]=ew_0_414851,L2Y04M,L2,117.879,117.609,https://labbcat.canterbury.ac.nz/maonze/transcript?ag_id=652#ew_0_414851,0.27,270,5.598421959,,
2295,ea,g_858;em_12_86094;n_101075-n_101076;p_167;#=ew_69_172157;prefix=22161-;[0]=ew_0_546112,L1H01M,L1,83.608,83.338,https://labbcat.canterbury.ac.nz/maonze/transcript?ag_id=858#ew_0_546112,0.27,270,5.598421959,,
2355,ea,g_869;em_12_86935;n_6962423-n_101667;p_168;#=ew_69_174376;prefix=23956-;[0]=ew_0_552635,L1H02M,L1,96.974,96.704,https://labbcat.canterbury.ac.nz/maonze/transcript?ag_id=869#ew_0_552635,0.27,270,5.598421959,,
2489,ea,g_907;em_12_89153;n_103249-n_15509;p_173;#=ew_69_177373;prefix=26580-;[0]=ew_0_570209,L1H04M,L1,105.459,105.189,https://labbcat.canterbury.ac.nz/maonze/transcript?ag_id=907#ew_0_570209,0.27,270,5.598421959,,
2575,ea,g_942;em_12_91456;n_105158-n_105159;p_179;#=ew_69_219438;prefix=66782-;[0]=ew_0_587730,R001M,PresentElder,110.742,110.472,https://labbcat.canterbury.ac.nz/maonze/transcript?ag_id=942#ew_0_587730,0.27,270,5.598421959,,
2607,ea,g_949;em_12_91738;n_105400-n_6521875;p_181;#=ew_69_220563;prefix=67617-;[0]=ew_0_590761,R002M,PresentElder,167.281,167.011,https://labbcat.canterbury.ac.nz/maonze/transcript?ag_id=949#ew_0_590761,0.27,270,5.598421959,,
2867,ia,g_1009;em_12_95347;n_108278-n_16671;p_188;#=ew_69_229771;prefix=76307-;[0]=ew_0_624482,R007M,PresentElder,147.435,147.165,https://labbcat.canterbury.ac.nz/maonze/transcript?ag_id=1009#ew_0_624482,0.27,270,5.598421959,,
2880,ia,g_1013;em_12_95633;n_16791-n_108444;p_188;#=ew_69_229898;prefix=76805-;[0]=ew_0_626493,R007M,PresentElder,144.441,144.171,https://labbcat.canterbury.ac.nz/maonze/transcript?ag_id=1013#ew_0_626493,0.27,270,5.598421959,,
2889,ia,g_1016;em_12_95856;n_108491-n_6670659;p_188;#=ew_69_230617;prefix=77053-;[0]=ew_0_1281915,R007M,PresentElder,241.876,241.606,https://labbcat.canterbury.ac.nz/maonze/transcript?ag_id=1016#ew_0_1281915,0.27,270,5.598421959,,
3224,ia,g_1206;em_12_109388;n_118178-n_118179;p_244;#=ew_69_244525;prefix=90117-;[0]=ew_0_728198,WU04M,Historical,247.275,247.005,https://labbcat.canterbury.ac.nz/maonze/transcript?ag_id=1206#ew_0_728198,0.27,270,5.598421959,,
3861,ia,g_307;em_12_160723;n_5999860-n_5999864;p_81;#=ew_69_186454;prefix=35552-;[0]=ew_0_1238493,L1Y03M,L1,122.959,122.689,https://labbcat.canterbury.ac.nz/maonze/transcript?ag_id=307#ew_0_1238493,0.27,270,5.598421959,,
4139,ia,g_471;em_12_48762;n_70701-n_70702;p_120;#=ew_69_166599;prefix=16612-;[0]=ew_0_303516,K008M,PresentElder,167.047,166.777,https://labbcat.canterbury.ac.nz/maonze/transcript?ag_id=471#ew_0_303516,0.27,270,5.598421959,,
4240,ia,g_55;em_12_161974;n_6214553-n_6214524;p_32;#=ew_69_158727;prefix=08953-;[0]=ew_0_1259752,K004M,PresentElder,138.364,138.094,https://labbcat.canterbury.ac.nz/maonze/transcript?ag_id=55#ew_0_1259752,0.27,270,5.598421959,,
4333,ia,g_615;em_12_64933;n_84496-n_84497;p_142;#=ew_69_182633;prefix=31668-;[0]=ew_0_391497,L1Y01M,L1,155.455,155.185,https://labbcat.canterbury.ac.nz/maonze/transcript?ag_id=615#ew_0_391497,0.27,270,5.598421959,,
4456,ia,g_670;em_12_70678;n_89459-n_89460;p_148;#=ew_69_208570;prefix=56470-;[0]=ew_0_425223,L2Y05M,L2,228.151,227.881,https://labbcat.canterbury.ac.nz/maonze/transcript?ag_id=670#ew_0_425223,0.27,270,5.598421959,,
4777,ia,g_949;em_12_91746;n_105408-n_105409;p_181;#=ew_69_220623;prefix=67649-;[0]=ew_0_590897,R002M,PresentElder,226.116,225.846,https://labbcat.canterbury.ac.nz/maonze/transcript?ag_id=949#ew_0_590897,0.27,270,5.598421959,,
4985,oa,g_1024;em_12_96159;n_108608-n_108609;p_190;#=ew_69_233179;prefix=79153-;[0]=ew_0_631481,R009M,PresentElder,148.228,147.958,https://labbcat.canterbury.ac.nz/maonze/transcript?ag_id=1024#ew_0_631481,0.27,270,5.598421959,,
5196,oa,g_1210;em_12_109684;n_118463-n_118464;p_244;#=ew_69_244659;prefix=90608-;[0]=ew_0_729997,WU04M,Historical,106.108,105.838,https://labbcat.canterbury.ac.nz/maonze/transcript?ag_id=1210#ew_0_729997,0.27,270,5.598421959,,
5434,oa,g_1644;em_12_133424;n_27074-n_135626;p_288;#=ew_69_196242;prefix=45329-;[0]=ew_0_944509,L2H03M,L2,107.68,107.41,https://labbcat.canterbury.ac.nz/maonze/transcript?ag_id=1644#ew_0_944509,0.27,270,5.598421959,,
5465,oa,g_1656;em_12_134372;n_136310-n_136311;p_300;#=ew_69_194382;prefix=43455-;[0]=ew_0_950676,L2H02M,L2,141.476,141.206,https://labbcat.canterbury.ac.nz/maonze/transcript?ag_id=1656#ew_0_950676,0.27,270,5.598421959,,
5709,oa,g_1906;em_12_156699;n_5282915-n_5282939;p_333;#=ew_69_239182;prefix=85994-;[0]=ew_0_1189654,R012M,PresentElder,110.427,110.157,https://labbcat.canterbury.ac.nz/maonze/transcript?ag_id=1906#ew_0_1189654,0.27,270,5.598421959,,
5991,oa,g_375;em_12_36967;n_60774-n_60775;p_92;#=ew_69_213360;prefix=61576-;[0]=ew_0_1117717,MU04M,Historical,176.989,176.719,https://labbcat.canterbury.ac.nz/maonze/transcript?ag_id=375#ew_0_1117717,0.27,270,5.598421959,,
7305,ua,g_1205;em_12_109212;n_118011-n_118012;p_244;#=ew_69_244356;prefix=89825-;[0]=ew_0_727172,WU04M,Historical,66.43,66.16,https://labbcat.canterbury.ac.nz/maonze/transcript?ag_id=1205#ew_0_727172,0.27,270,5.598421959,,
7346,ua,g_1232;em_12_159963;n_5824672-n_21230;p_249;#=ew_69_179976;prefix=29676-;[0]=ew_0_1228732,L1H06M,L1,143.853,143.583,https://labbcat.canterbury.ac.nz/maonze/transcript?ag_id=1232#ew_0_1228732,0.27,270,5.598421959,,
7849,ua,g_1640;em_12_133198;n_135411-n_135412;p_288;#=ew_69_196100;prefix=44804-;[0]=ew_0_942670,L2H03M,L2,155.835,155.565,https://labbcat.canterbury.ac.nz/maonze/transcript?ag_id=1640#ew_0_942670,0.27,270,5.598421959,,
7874,ua,g_1644;em_12_133424;n_27074-n_135626;p_288;#=ew_69_196241;prefix=45328-;[0]=ew_0_944508,L2H03M,L2,107.37,107.1,https://labbcat.canterbury.ac.nz/maonze/transcript?ag_id=1644#ew_0_944508,0.27,270,5.598421959,,
7992,ua,g_1665;em_12_134815;n_136642-n_136643;p_302;#=ew_69_197827;prefix=46242-;[0]=ew_0_955034,L2H04M,L2,218.833,218.563,https://labbcat.canterbury.ac.nz/maonze/transcript?ag_id=1665#ew_0_955034,0.27,270,5.598421959,,
8014,ua,g_1668;em_12_134931;n_136742-n_7001114;p_302;#=ew_69_198401;prefix=46640-;[0]=ew_0_956530,L2H04M,L2,210.542,210.272,https://labbcat.canterbury.ac.nz/maonze/transcript?ag_id=1668#ew_0_956530,0.27,270,5.598421959,,
8725,ua,g_330;em_12_33220;n_57485-n_29226;p_85;#=ew_69_185464;prefix=34491-;[0]=ew_0_1242268,L1Y02M,L1,178.053,177.783,https://labbcat.canterbury.ac.nz/maonze/transcript?ag_id=330#ew_0_1242268,0.27,270,5.598421959,,
8747,ua,g_337;em_12_33374;n_57604-n_57605;p_85;#=ew_69_184810;prefix=33910-;[0]=ew_0_1242167,L1Y02M,L1,82.242,81.972,https://labbcat.canterbury.ac.nz/maonze/transcript?ag_id=337#ew_0_1242167,0.27,270,5.598421959,,
9208,ua,g_50;em_12_158334;n_5387878-n_5387885;p_32;#=ew_69_157611;prefix=07856-;[0]=ew_0_1209086,K004M,PresentElder,137.382,137.112,https://labbcat.canterbury.ac.nz/maonze/transcript?ag_id=50#ew_0_1209086,0.27,270,5.598421959,,
9352,ua,g_607;em_12_64540;n_84116-n_84117;p_140;#=ew_69_191182;prefix=40165-;[0]=ew_0_387366,L1Y05M,L1,141.477,141.207,https://labbcat.canterbury.ac.nz/maonze/transcript?ag_id=607#ew_0_387366,0.27,270,5.598421959,,
9961,ua,g_870;em_12_87032;n_101736-n_101737;p_168;#=ew_69_174589;prefix=24125-;[0]=ew_0_553384,L1H02M,L1,153.703,153.433,https://labbcat.canterbury.ac.nz/maonze/transcript?ag_id=870#ew_0_553384,0.27,270,5.598421959,,
10218,ua,g_911;em_12_89312;n_103307-n_103308;p_173;#=ew_69_176703;prefix=26128-;[0]=ew_0_572355,L1H04M,L1,162.821,162.551,https://labbcat.canterbury.ac.nz/maonze/transcript?ag_id=911#ew_0_572355,0.27,270,5.598421959,,
668,ea,g_1624;em_12_132224;n_134614-n_6993286;p_299;#=ew_69_192963;prefix=41276-;[0]=ew_0_936369,L2H01M,L2,34.387,34.117,https://labbcat.canterbury.ac.nz/maonze/transcript?ag_id=1624#ew_0_936369,0.27,270,5.598421959,,
840,ea,g_1669;em_12_134945;n_136754-n_136755;p_302;#=ew_69_198445;prefix=46703-;[0]=ew_0_956727,L2H04M,L2,51.707,51.437,https://labbcat.canterbury.ac.nz/maonze/transcript?ag_id=1669#ew_0_956727,0.27,270,5.598421959,,
1729,ea,g_485;em_12_49739;n_71558-n_71559;p_121;#=ew_69_168222;prefix=19090-;[0]=ew_0_311989,K009M,PresentElder,44.115,43.845,https://labbcat.canterbury.ac.nz/maonze/transcript?ag_id=485#ew_0_311989,0.27,270,5.598421959,,
2064,ea,g_637;em_12_66618;n_10582-n_85985;p_145;#=ew_69_200998;prefix=49325-;[0]=ew_0_405641,L2Y01M,L2,50.582,50.312,https://labbcat.canterbury.ac.nz/maonze/transcript?ag_id=637#ew_0_405641,0.27,270,5.598421959,,
2623,ea,g_951;em_12_91818;n_105462-n_105463;p_181;#=ew_69_219997;prefix=67886-;[0]=ew_0_591785,R002M,PresentElder,40.386,40.116,https://labbcat.canterbury.ac.nz/maonze/transcript?ag_id=951#ew_0_591785,0.27,270,5.598421959,,
3742,ia,g_1912;em_12_157042;n_5288339-n_5288351;p_333;#=ew_69_240102;prefix=87247-;[0]=ew_0_1194967,R012M,PresentElder,19.481,19.211,https://labbcat.canterbury.ac.nz/maonze/transcript?ag_id=1912#ew_0_1194967,0.27,270,5.598421959,,
4490,ia,g_80;em_12_5513;n_35592-n_35593;p_37;#=ew_69_160054;prefix=10506-;[0]=ew_0_54942,K005M,PresentElder,51.048,50.778,https://labbcat.canterbury.ac.nz/maonze/transcript?ag_id=80#ew_0_54942,0.27,270,5.598421959,,
4782,ia,g_950;em_12_91768;n_105425-n_105426;p_181;#=ew_69_220212;prefix=67746-;[0]=ew_0_591205,R002M,PresentElder,43.965,43.695,https://labbcat.canterbury.ac.nz/maonze/transcript?ag_id=950#ew_0_591205,0.27,270,5.598421959,,
5499,oa,g_1672;em_12_135056;n_136829-n_136830;p_302;#=ew_69_198604;prefix=47175-;[0]=ew_0_958358,L2H04M,L2,63.621,63.351,https://labbcat.canterbury.ac.nz/maonze/transcript?ag_id=1672#ew_0_958358,0.27,270,5.598421959,,
6649,oa,g_980;em_12_93605;n_106749-n_106750;p_184;#=ew_69_224577;prefix=71927-;[0]=ew_0_607517,R004M,PresentElder,24.818,24.548,https://labbcat.canterbury.ac.nz/maonze/transcript?ag_id=980#ew_0_607517,0.27,270,5.598421959,,
7647,ua,g_1527;em_12_126267;n_130281-n_130282;p_287;#=ew_69_229096;prefix=75811-;[0]=ew_0_889209,R006M,PresentElder,61.469,61.199,https://labbcat.canterbury.ac.nz/maonze/transcript?ag_id=1527#ew_0_889209,0.27,270,5.598421959,,
7777,ua,g_1625;em_12_132300;n_134655-n_26921;p_299;#=ew_69_192433;prefix=41404-;[0]=ew_0_936935,L2H01M,L2,59.311,59.041,https://labbcat.canterbury.ac.nz/maonze/transcript?ag_id=1625#ew_0_936935,0.27,270,5.598421959,,
8594,ua,g_307;em_12_160750;n_5999769-n_5999773;p_81;#=ew_69_186382;prefix=35606-;[0]=ew_0_1238994,L1Y03M,L1,62.38,62.11,https://labbcat.canterbury.ac.nz/maonze/transcript?ag_id=307#ew_0_1238994,0.27,270,5.598421959,,
9022,ua,g_461;em_12_47505;n_69673-n_7896;p_112;#=ew_69_162167;prefix=12279-;[0]=ew_0_1210238,K006M,PresentElder,32.438,32.168,https://labbcat.canterbury.ac.nz/maonze/transcript?ag_id=461#ew_0_1210238,0.27,270,5.598421959,,
215,ea,g_1073;em_12_99644;n_110857-n_110858;p_206;#=ew_69_245214;prefix=91535-;[0]=ew_0_660966,WU06M,Historical,18.499,18.229,https://labbcat.canterbury.ac.nz/maonze/transcript?ag_id=1073#ew_0_660966,0.27,270,5.598421959,,
262,ea,g_1087;em_12_100438;n_111537-n_111538;p_208;#=ew_69_247646;prefix=93302-;[0]=ew_0_668175,WU07M,Historical,22.805,22.535,https://labbcat.canterbury.ac.nz/maonze/transcript?ag_id=1087#ew_0_668175,0.27,270,5.598421959,,
856,ea,g_1670;em_12_163160;n_6399115-n_6399122;p_302;#=ew_69_198074;prefix=46849-;[0]=ew_0_1275962,L2H04M,L2,5.32,5.05,https://labbcat.canterbury.ac.nz/maonze/transcript?ag_id=1670#ew_0_1275962,0.27,270,5.598421959,,
2008,ea,g_629;em_12_65599;n_85098-n_85099;p_143;#=ew_69_202520;prefix=50632-;[0]=ew_0_398305,L2Y02M,L2,8.075,7.805,https://labbcat.canterbury.ac.nz/maonze/transcript?ag_id=629#ew_0_398305,0.27,270,5.598421959,,
2443,ea,g_898;em_12_88644;n_102879-n_102880;p_174;#=ew_69_178539;prefix=27608-;[0]=ew_0_565582,L1H05M,L1,23.069,22.799,https://labbcat.canterbury.ac.nz/maonze/transcript?ag_id=898#ew_0_565582,0.27,270,5.598421959,,
2824,ea,g_99;em_12_6918;n_741-n_36765;p_41;#=ew_69_163235;prefix=13035-;[0]=ew_0_67431,K007M,PresentElder,3.64,3.37,https://labbcat.canterbury.ac.nz/maonze/transcript?ag_id=99#ew_0_67431,0.27,270,5.598421959,,
3907,ia,g_328;em_12_33131;n_5959-n_57413;p_85;#=ew_69_184476;prefix=33580-;[0]=ew_0_219437,L1Y02M,L1,1.33,1.06,https://labbcat.canterbury.ac.nz/maonze/transcript?ag_id=328#ew_0_219437,0.27,270,5.598421959,,
4973,oa,g_1021;em_12_96028;n_108511-n_108512;p_188;#=ew_69_230798;prefix=77405-;[0]=ew_0_1282589,R007M,PresentElder,14.668,14.398,https://labbcat.canterbury.ac.nz/maonze/transcript?ag_id=1021#ew_0_1282589,0.27,270,5.598421959,,
5562,oa,g_1756;em_12_140332;n_140945-n_140946;p_318;#=ew_69_231888;prefix=78670-;[0]=ew_0_1005238,R008M,PresentElder,17.31,17.04,https://labbcat.canterbury.ac.nz/maonze/transcript?ag_id=1756#ew_0_1005238,0.27,270,5.598421959,,
7079,ua,g_1077;em_12_99841;n_111033-n_111034;p_208;#=ew_69_246345;prefix=92007-;[0]=ew_0_662866,WU07M,Historical,26.323,26.053,https://labbcat.canterbury.ac.nz/maonze/transcript?ag_id=1077#ew_0_662866,0.27,270,5.598421959,,
8439,ua,g_1922;em_12_162548;n_6278534-n_6278544;p_337;#=ew_69_216826;prefix=64202-;[0]=ew_0_1267931,MU11M,Historical,23.552,23.282,https://labbcat.canterbury.ac.nz/maonze/transcript?ag_id=1922#ew_0_1267931,0.27,270,5.598421959,,
8736,ua,g_334;em_12_33269;n_5984-n_57523;p_85;#=ew_69_184906;prefix=34153-;[0]=ew_0_221248,L1Y02M,L1,5.45,5.18,https://labbcat.canterbury.ac.nz/maonze/transcript?ag_id=334#ew_0_221248,0.27,270,5.598421959,,
8952,ua,g_447;em_12_46165;n_68656-n_68657;p_110;#=ew_69_155356;prefix=06018-;[0]=ew_0_287870,K003M,PresentElder,31.489,31.219,https://labbcat.canterbury.ac.nz/maonze/transcript?ag_id=447#ew_0_287870,0.27,270,5.598421959,,
1152,ea,g_1923;em_12_163384;n_6538326-n_6538338;p_181;#=ew_69_220965;prefix=68547-;[0]=ew_0_1279432,R002M,PresentElder,87.988,87.718,https://labbcat.canterbury.ac.nz/maonze/transcript?ag_id=1923#ew_0_1279432,0.27,270,5.598421959,,
1556,ea,g_383;em_12_38501;n_62299-n_62300;p_95;#=ew_69_214951;prefix=62154-;[0]=ew_0_246297,MU06M,Historical,62.723,62.453,https://labbcat.canterbury.ac.nz/maonze/transcript?ag_id=383#ew_0_246297,0.27,270,5.598421959,,
2388,ea,g_885;em_12_87982;n_102345-n_102346;p_169;#=ew_69_175561;prefix=25412-;[0]=ew_0_559176,L1H03M,L1,88.353,88.083,https://labbcat.canterbury.ac.nz/maonze/transcript?ag_id=885#ew_0_559176,0.27,270,5.598421959,,
2477,ea,g_902;em_12_88892;n_103070-n_15431;p_173;#=ew_69_177414;prefix=26944-;[0]=ew_0_567533,L1H04M,L1,72.469,72.199,https://labbcat.canterbury.ac.nz/maonze/transcript?ag_id=902#ew_0_567533,0.27,270,5.598421959,,
3828,ia,g_23;em_12_1914;n_32530-n_32531;p_19;#=ew_69_153113;prefix=04369-;[0]=ew_0_16330,K002M,PresentElder,118.312,118.042,https://labbcat.canterbury.ac.nz/maonze/transcript?ag_id=23#ew_0_16330,0.27,270,5.598421959,,
3921,ia,g_334;em_12_161023;n_6031611-n_6031614;p_85;#=ew_69_185059;prefix=34238-;[0]=ew_0_1242758,L1Y02M,L1,123.493,123.223,https://labbcat.canterbury.ac.nz/maonze/transcript?ag_id=334#ew_0_1242758,0.27,270,5.598421959,,
4174,ia,g_484;em_12_49696;n_71516-n_71517;p_121;#=ew_69_168980;prefix=18909-;[0]=ew_0_311358,K009M,PresentElder,95.306,95.036,https://labbcat.canterbury.ac.nz/maonze/transcript?ag_id=484#ew_0_311358,0.27,270,5.598421959,,
4634,ia,g_894;em_12_88446;n_102708-n_5774536;p_174;#=ew_69_179130;prefix=28299-;[0]=ew_0_563196,L1H05M,L1,46.504,46.234,https://labbcat.canterbury.ac.nz/maonze/transcript?ag_id=894#ew_0_563196,0.27,270,5.598421959,,
4643,ia,g_896;em_12_88542;n_102786-n_102787;p_174;#=ew_69_178086;prefix=27967-;[0]=ew_0_564361,L1H05M,L1,42.233,41.963,https://labbcat.canterbury.ac.nz/maonze/transcript?ag_id=896#ew_0_564361,0.27,270,5.598421959,,
4894,ia,g_988;em_12_93977;n_107043-n_107044;p_182;#=ew_69_225704;prefix=73170-;[0]=ew_0_611354,R005M,PresentElder,72.844,72.574,https://labbcat.canterbury.ac.nz/maonze/transcript?ag_id=988#ew_0_611354,0.27,270,5.598421959,,
5203,oa,g_1227;em_12_110660;n_119136-n_119137;p_249;#=ew_69_180243;prefix=29199-;[0]=ew_0_738434,L1H06M,L1,122.009,121.739,https://labbcat.canterbury.ac.nz/maonze/transcript?ag_id=1227#ew_0_738434,0.27,270,5.598421959,,
6189,oa,g_604;em_12_64314;n_83907-n_83908;p_140;#=ew_69_191222;prefix=39587-;[0]=ew_0_385284,L1Y05M,L1,84.836,84.566,https://labbcat.canterbury.ac.nz/maonze/transcript?ag_id=604#ew_0_385284,0.27,270,5.598421959,,
6792,ua,g_1022;em_12_96071;n_108544-n_108545;p_190;#=ew_69_232254;prefix=78839-;[0]=ew_0_630151,R009M,PresentElder,109.264,108.994,https://labbcat.canterbury.ac.nz/maonze/transcript?ag_id=1022#ew_0_630151,0.27,270,5.598421959,,
6810,ua,g_1026;em_12_96228;n_17175-n_108652;p_190;#=ew_69_232375;prefix=79398-;[0]=ew_0_632530,R009M,PresentElder,48.513,48.243,https://labbcat.canterbury.ac.nz/maonze/transcript?ag_id=1026#ew_0_632530,0.27,270,5.598421959,,
7325,ua,g_1228;em_12_110670;n_119145-n_119146;p_249;#=ew_69_179742;prefix=29249-;[0]=ew_0_738668,L1H06M,L1,35.653,35.383,https://labbcat.canterbury.ac.nz/maonze/transcript?ag_id=1228#ew_0_738668,0.27,270,5.598421959,,
7848,ua,g_1640;em_12_133190;n_135403-n_135404;p_288;#=ew_69_196081;prefix=44786-;[0]=ew_0_942592,L2H03M,L2,118.562,118.292,https://labbcat.canterbury.ac.nz/maonze/transcript?ag_id=1640#ew_0_942592,0.27,270,5.598421959,,
8100,ua,g_1746;em_12_139614;n_140327-n_140328;p_318;#=ew_69_231061;prefix=77635-;[0]=ew_0_1001437,R008M,PresentElder,124.526,124.256,https://labbcat.canterbury.ac.nz/maonze/transcript?ag_id=1746#ew_0_1001437,0.27,270,5.598421959,,
8804,ua,g_348;em_12_33729;n_57856-n_57857;p_87;#=ew_69_211130;prefix=59770-;[0]=ew_0_227001,MU03M,Historical,124.994,124.724,https://labbcat.canterbury.ac.nz/maonze/transcript?ag_id=348#ew_0_227001,0.27,270,5.598421959,,
8886,ua,g_378;em_12_160450;n_5893984-n_61236;p_94;#=ew_69_214539;prefix=61920-;[0]=ew_0_1234882,MU05M,Historical,62.248,61.978,https://labbcat.canterbury.ac.nz/maonze/transcript?ag_id=378#ew_0_1234882,0.27,270,5.598421959,,
9449,ua,g_623;em_12_65242;n_84785-n_84786;p_142;#=ew_69_183551;prefix=32497-;[0]=ew_0_395213,L1Y01M,L1,116.664,116.394,https://labbcat.canterbury.ac.nz/maonze/transcript?ag_id=623#ew_0_395213,0.27,270,5.598421959,,
10387,ua,g_946;em_12_91602;n_105280-n_105281;p_181;#=ew_69_220044;prefix=67123-;[0]=ew_0_588863,R002M,PresentElder,121.505,121.235,https://labbcat.canterbury.ac.nz/maonze/transcript?ag_id=946#ew_0_588863,0.27,270,5.598421959,,
10532,ua,g_970;em_12_92861;n_106238-n_106239;p_184;#=ew_69_223337;prefix=70357-;[0]=ew_0_601865,R004M,PresentElder,36.437,36.167,https://labbcat.canterbury.ac.nz/maonze/transcript?ag_id=970#ew_0_601865,0.27,270,5.598421959,,
10564,ua,g_974;em_12_93144;n_106474-n_106475;p_184;#=ew_69_224139;prefix=71022-;[0]=ew_0_604168,R004M,PresentElder,77.823,77.553,https://labbcat.canterbury.ac.nz/maonze/transcript?ag_id=974#ew_0_604168,0.27,270,5.598421959,,
327,ea,g_12;em_12_969;n_31605-n_31606;p_28;#=ew_69_149815;prefix=00236-;[0]=ew_0_8556,K001M,PresentElder,328.477,328.207,https://labbcat.canterbury.ac.nz/maonze/transcript?ag_id=12#ew_0_8556,0.27,270,5.598421959,,
671,ea,g_1624;em_12_132273;n_26909-n_134640;p_299;#=ew_69_193142;prefix=41365-;[0]=ew_0_936761,L2H01M,L2,207.694,207.424,https://labbcat.canterbury.ac.nz/maonze/transcript?ag_id=1624#ew_0_936761,0.27,270,5.598421959,,
952,ea,g_1840;em_12_148980;n_3847453-n_3847471;p_49;#=ew_69_204603;prefix=52391-;[0]=ew_0_1100744,L2Y03M,L2,184.552,184.282,https://labbcat.canterbury.ac.nz/maonze/transcript?ag_id=1840#ew_0_1100744,0.27,270,5.598421959,,
1880,ea,g_600;em_12_64119;n_83716-n_29496;p_140;#=ew_69_189945;prefix=38903-;[0]=ew_0_382967,L1Y05M,L1,293.2,292.93,https://labbcat.canterbury.ac.nz/maonze/transcript?ag_id=600#ew_0_382967,0.27,270,5.598421959,,
1982,ea,g_623;em_12_65250;n_84793-n_84794;p_142;#=ew_69_183578;prefix=32524-;[0]=ew_0_395297,L1Y01M,L1,149.623,149.353,https://labbcat.canterbury.ac.nz/maonze/transcript?ag_id=623#ew_0_395297,0.27,270,5.598421959,,
2144,ea,g_668;em_12_70598;n_89387-n_89388;p_148;#=ew_69_208265;prefix=56154-;[0]=ew_0_423806,L2Y05M,L2,180.237,179.967,https://labbcat.canterbury.ac.nz/maonze/transcript?ag_id=668#ew_0_423806,0.27,270,5.598421959,,
2777,ea,g_981;em_12_93684;n_16473-n_106816;p_184;#=ew_69_224737;prefix=72084-;[0]=ew_0_608210,R004M,PresentElder,149.743,149.473,https://labbcat.canterbury.ac.nz/maonze/transcript?ag_id=981#ew_0_608210,0.27,270,5.598421959,,
4664,ia,g_903;em_12_159868;n_5773349-n_5773365;p_174;#=ew_69_177919;prefix=27403-;[0]=ew_0_1224124,L1H05M,L1,149.332,149.062,https://labbcat.canterbury.ac.nz/maonze/transcript?ag_id=903#ew_0_1224124,0.27,270,5.598421959,,
5221,oa,g_1240;em_12_111512;n_21736-n_21737;p_249;#=ew_69_181225;prefix=30416-;[0]=ew_0_745538,L1H06M,L1,167.908,167.638,https://labbcat.canterbury.ac.nz/maonze/transcript?ag_id=1240#ew_0_745538,0.27,270,5.598421959,,
5385,oa,g_1618;em_12_131815;n_6992998-n_6993000;p_299;#=ew_69_192346;prefix=40681-;[0]=ew_0_933495,L2H01M,L2,189.213,188.943,https://labbcat.canterbury.ac.nz/maonze/transcript?ag_id=1618#ew_0_933495,0.27,270,5.598421959,,
5480,oa,g_1663;em_12_134696;n_136533-n_136534;p_302;#=ew_69_197369;prefix=45893-;[0]=ew_0_953813,L2H04M,L2,148.355,148.085,https://labbcat.canterbury.ac.nz/maonze/transcript?ag_id=1663#ew_0_953813,0.27,270,5.598421959,,
5501,oa,g_1672;em_12_135068;n_6399099-n_6399112;p_302;#=ew_69_198702;prefix=47239-;[0]=ew_0_958621,L2H04M,L2,188.206,187.936,https://labbcat.canterbury.ac.nz/maonze/transcript?ag_id=1672#ew_0_958621,0.27,270,5.598421959,,
6086,oa,g_478;em_12_49215;n_71130-n_71131;p_121;#=ew_69_167602;prefix=17861-;[0]=ew_0_307635,K009M,PresentElder,173.778,173.508,https://labbcat.canterbury.ac.nz/maonze/transcript?ag_id=478#ew_0_307635,0.27,270,5.598421959,,
6405,oa,g_865;em_12_86594;n_101454-n_101455;p_168;#=ew_69_173565;prefix=23284-;[0]=ew_0_550085,L1H02M,L1,149.034,148.764,https://labbcat.canterbury.ac.nz/maonze/transcript?ag_id=865#ew_0_550085,0.27,270,5.598421959,,
6407,oa,g_865;em_12_86626;n_101477-n_101478;p_168;#=ew_69_173634;prefix=23316-;[0]=ew_0_550341,L1H02M,L1,250.462,250.192,https://labbcat.canterbury.ac.nz/maonze/transcript?ag_id=865#ew_0_550341,0.27,270,5.598421959,,
6646,oa,g_979;em_12_163514;n_6611446-n_6611451;p_184;#=ew_69_225000;prefix=71919-;[0]=ew_0_1280423,R004M,PresentElder,182.426,182.156,https://labbcat.canterbury.ac.nz/maonze/transcript?ag_id=979#ew_0_1280423,0.27,270,5.598421959,,
7009,ua,g_1068;em_12_99361;n_110650-n_110651;p_244;#=ew_69_242593;prefix=88644-;[0]=ew_0_658333,WU04M,Historical,199.736,199.466,https://labbcat.canterbury.ac.nz/maonze/transcript?ag_id=1068#ew_0_658333,0.27,270,5.598421959,,
7220,ua,g_115;em_12_8247;n_37806-n_37807;p_43;#=ew_69_211210;prefix=59397-;[0]=ew_0_79945,MU02M,Historical,141.313,141.043,https://labbcat.canterbury.ac.nz/maonze/transcript?ag_id=115#ew_0_79945,0.27,270,5.598421959,,
7290,ua,g_12;em_12_940;n_31576-n_31577;p_28;#=ew_69_149617;prefix=00159-;[0]=ew_0_8319,K001M,PresentElder,242.725,242.455,https://labbcat.canterbury.ac.nz/maonze/transcript?ag_id=12#ew_0_8319,0.27,270,5.598421959,,
8078,ua,g_1682;em_12_135716;n_137337-n_137338;p_307;#=ew_69_199464;prefix=47741-;[0]=ew_0_963313,L2H05M,L2,185.284,185.014,https://labbcat.canterbury.ac.nz/maonze/transcript?ag_id=1682#ew_0_963313,0.27,270,5.598421959,,
9070,ua,g_474;em_12_170047;n_6954965-n_70959;p_121;#=ew_69_167356;prefix=17109-;[0]=ew_0_305159,K009M,PresentElder,268.167,267.897,https://labbcat.canterbury.ac.nz/maonze/transcript?ag_id=474#ew_0_305159,0.27,270,5.598421959,,
3418,ia,g_1620;em_12_131964;n_134412-n_134413;p_299;#=ew_69_191892;prefix=40921-;[0]=ew_0_934760,L2H01M,L2,263.345,263.085,https://labbcat.canterbury.ac.nz/maonze/transcript?ag_id=1620#ew_0_934760,0.26,260,5.560681631,,
19,ea,g_1009;em_12_95354;n_16674-n_108282;p_188;#=ew_69_229800;prefix=76323-;[0]=ew_0_624532,R007M,PresentElder,180.241,179.981,https://labbcat.canterbury.ac.nz/maonze/transcript?ag_id=1009#ew_0_624532,0.26,260,5.560681631,,
655,ea,g_1621;em_12_132033;n_6993105-n_134467;p_299;#=ew_69_191859;prefix=41028-;[0]=ew_0_935164,L2H01M,L2,204.002,203.742,https://labbcat.canterbury.ac.nz/maonze/transcript?ag_id=1621#ew_0_935164,0.26,260,5.560681631,,
778,ea,g_1655;em_12_134327;n_27324-n_136279;p_300;#=ew_69_194435;prefix=43365-;[0]=ew_0_950268,L2H02M,L2,192.913,192.653,https://labbcat.canterbury.ac.nz/maonze/transcript?ag_id=1655#ew_0_950268,0.26,260,5.560681631,,
1585,ea,g_445;em_12_169595;n_6943961-n_6943962;p_110;#=ew_69_155831;prefix=05591-;[0]=ew_0_1325225,K003M,PresentElder,210.931,210.671,https://labbcat.canterbury.ac.nz/maonze/transcript?ag_id=445#ew_0_1325225,0.26,260,5.560681631,,
4599,ia,g_884;em_12_87940;n_102328-n_6965052;p_169;#=ew_69_175673;prefix=25379-;[0]=ew_0_558977,L1H03M,L1,206.562,206.302,https://labbcat.canterbury.ac.nz/maonze/transcript?ag_id=884#ew_0_558977,0.26,260,5.560681631,,
4715,ia,g_929;em_12_90582;n_104399-n_104400;p_179;#=ew_69_217058;prefix=65188-;[0]=ew_0_581949,R001M,PresentElder,187.937,187.677,https://labbcat.canterbury.ac.nz/maonze/transcript?ag_id=929#ew_0_581949,0.26,260,5.560681631,,
5933,oa,g_349;em_12_33767;n_57893-n_57894;p_87;#=ew_69_211385;prefix=59835-;[0]=ew_0_227297,MU03M,Historical,173.478,173.218,https://labbcat.canterbury.ac.nz/maonze/transcript?ag_id=349#ew_0_227297,0.26,260,5.560681631,,
6300,oa,g_645;em_12_67191;n_86401-n_86402;p_145;#=ew_69_202048;prefix=50227-;[0]=ew_0_411749,L2Y01M,L2,201.865,201.605,https://labbcat.canterbury.ac.nz/maonze/transcript?ag_id=645#ew_0_411749,0.26,260,5.560681631,,
6613,oa,g_971;em_12_92951;n_6582811-n_106328;p_184;#=ew_69_223620;prefix=70623-;[0]=ew_0_602685,R004M,PresentElder,155.763,155.503,https://labbcat.canterbury.ac.nz/maonze/transcript?ag_id=971#ew_0_602685,0.26,260,5.560681631,,
6765,ua,g_1018;em_12_95954;n_17055-n_17056;p_188;#=ew_69_230460;prefix=77249-;[0]=ew_0_628707,R007M,PresentElder,135.966,135.706,https://labbcat.canterbury.ac.nz/maonze/transcript?ag_id=1018#ew_0_628707,0.26,260,5.560681631,,
6832,ua,g_1029;em_12_96397;n_108754-n_108755;p_190;#=ew_69_233752;prefix=79990-;[0]=ew_0_634922,R009M,PresentElder,206.151,205.891,https://labbcat.canterbury.ac.nz/maonze/transcript?ag_id=1029#ew_0_634922,0.26,260,5.560681631,,
7234,ua,g_116;em_12_8363;n_37921-n_37922;p_43;#=ew_69_211972;prefix=59063-;[0]=ew_0_81033,MU02M,Historical,203.531,203.271,https://labbcat.canterbury.ac.nz/maonze/transcript?ag_id=116#ew_0_81033,0.26,260,5.560681631,,
8004,ua,g_1667;em_12_134890;n_136702-n_136703;p_302;#=ew_69_198063;prefix=46508-;[0]=ew_0_956019,L2H04M,L2,222.823,222.563,https://labbcat.canterbury.ac.nz/maonze/transcript?ag_id=1667#ew_0_956019,0.26,260,5.560681631,,
8362,ua,g_1906;em_12_156702;n_5283221-n_5283239;p_333;#=ew_69_239476;prefix=86089-;[0]=ew_0_1189881,R012M,PresentElder,205.335,205.075,https://labbcat.canterbury.ac.nz/maonze/transcript?ag_id=1906#ew_0_1189881,0.26,260,5.560681631,,
8755,ua,g_338;em_12_33412;n_57635-n_57636;p_85;#=ew_69_185211;prefix=34373-;[0]=ew_0_1243010,L1Y02M,L1,142.169,141.909,https://labbcat.canterbury.ac.nz/maonze/transcript?ag_id=338#ew_0_1243010,0.26,260,5.560681631,,
9628,ua,g_645;em_12_67185;n_86395-n_86396;p_145;#=ew_69_202025;prefix=50204-;[0]=ew_0_411670,L2Y01M,L2,152.425,152.165,https://labbcat.canterbury.ac.nz/maonze/transcript?ag_id=645#ew_0_411670,0.26,260,5.560681631,,
9916,ua,g_866;em_12_159557;n_5657092-n_5657095;p_168;#=ew_69_173467;prefix=23409-;[0]=ew_0_1220595,L1H02M,L1,255.729,255.469,https://labbcat.canterbury.ac.nz/maonze/transcript?ag_id=866#ew_0_1220595,0.26,260,5.560681631,,
9939,ua,g_868;em_12_159520;n_5655731-n_5655737;p_168;#=ew_69_174140;prefix=23879-;[0]=ew_0_1220034,L1H02M,L1,143.472,143.212,https://labbcat.canterbury.ac.nz/maonze/transcript?ag_id=868#ew_0_1220034,0.26,260,5.560681631,,
9967,ua,g_870;em_12_87061;n_101759-n_14928;p_168;#=ew_69_174707;prefix=24174-;[0]=ew_0_553607,L1H02M,L1,251.907,251.647,https://labbcat.canterbury.ac.nz/maonze/transcript?ag_id=870#ew_0_553607,0.26,260,5.560681631,,
165,ea,g_1042;em_12_97235;n_17519-n_109271;p_193;#=ew_69_236173;prefix=82246-;[0]=ew_0_643836,R010M,PresentElder,106.834,106.574,https://labbcat.canterbury.ac.nz/maonze/transcript?ag_id=1042#ew_0_643836,0.26,260,5.560681631,,
626,ea,g_1543;em_12_127123;n_130725-n_25718;p_291;#=ew_69_216404;prefix=63798-;[0]=ew_0_897598,MU09M,Historical,79.325,79.065,https://labbcat.canterbury.ac.nz/maonze/transcript?ag_id=1543#ew_0_897598,0.26,260,5.560681631,,
826,ea,g_1666;em_12_163182;n_6398981-n_27451;p_302;#=ew_69_197870;prefix=46330-;[0]=ew_0_1276143,L2H04M,L2,114.875,114.615,https://labbcat.canterbury.ac.nz/maonze/transcript?ag_id=1666#ew_0_1276143,0.26,260,5.560681631,,
864,ea,g_1672;em_12_135055;n_27502-n_136829;p_302;#=ew_69_198600;prefix=47173-;[0]=ew_0_958348,L2H04M,L2,59.639,59.379,https://labbcat.canterbury.ac.nz/maonze/transcript?ag_id=1672#ew_0_958348,0.26,260,5.560681631,,
1203,ea,g_1946;em_12_166008;n_6849376-n_6849393;p_121;#=ew_69_167489;prefix=17153-;[0]=ew_0_1298309,K009M,PresentElder,70.824,70.564,https://labbcat.canterbury.ac.nz/maonze/transcript?ag_id=1946#ew_0_1298309,0.26,260,5.560681631,,
1238,ea,g_23;em_12_1907;n_32523-n_32524;p_19;#=ew_69_153079;prefix=04353-;[0]=ew_0_16283,K002M,PresentElder,93.715,93.455,https://labbcat.canterbury.ac.nz/maonze/transcript?ag_id=23#ew_0_16283,0.26,260,5.560681631,,
1573,ea,g_41;em_12_3292;n_33661-n_33662;p_276;#=ew_69_242435;prefix=88477-;[0]=ew_0_27482,WU03M,Historical,71.811,71.551,https://labbcat.canterbury.ac.nz/maonze/transcript?ag_id=41#ew_0_27482,0.26,260,5.560681631,,
1699,ea,g_478;em_12_49205;n_71120-n_71121;p_121;#=ew_69_167511;prefix=17831-;[0]=ew_0_307525,K009M,PresentElder,114.741,114.481,https://labbcat.canterbury.ac.nz/maonze/transcript?ag_id=478#ew_0_307525,0.26,260,5.560681631,,
1827,ea,g_54;em_12_161937;n_6213622-n_6213623;p_32;#=ew_69_158213;prefix=08644-;[0]=ew_0_1259584,K004M,PresentElder,102.652,102.392,https://labbcat.canterbury.ac.nz/maonze/transcript?ag_id=54#ew_0_1259584,0.26,260,5.560681631,,
1960,ea,g_619;em_12_65082;n_84639-n_84640;p_142;#=ew_69_182699;prefix=32114-;[0]=ew_0_393277,L1Y01M,L1,94.376,94.116,https://labbcat.canterbury.ac.nz/maonze/transcript?ag_id=619#ew_0_393277,0.26,260,5.560681631,,
2319,ea,g_864;em_12_86501;n_101378-n_101379;p_168;#=ew_69_173707;prefix=23057-;[0]=ew_0_549323,L1H02M,L1,94.953,94.693,https://labbcat.canterbury.ac.nz/maonze/transcript?ag_id=864#ew_0_549323,0.26,260,5.560681631,,
3078,ia,g_1079;em_12_99976;n_111146-n_111147;p_208;#=ew_69_246091;prefix=92254-;[0]=ew_0_663966,WU07M,Historical,124.583,124.323,https://labbcat.canterbury.ac.nz/maonze/transcript?ag_id=1079#ew_0_663966,0.26,260,5.560681631,,
3582,ia,g_1753;em_12_140113;n_140764-n_140765;p_318;#=ew_69_231668;prefix=78368-;[0]=ew_0_1004052,R008M,PresentElder,104.488,104.228,https://labbcat.canterbury.ac.nz/maonze/transcript?ag_id=1753#ew_0_1004052,0.26,260,5.560681631,,
3643,ia,g_1883;em_12_155039;n_5258826-n_5258833;p_334;#=ew_69_237029;prefix=83275-;[0]=ew_0_1170108,R011M,PresentElder,87.878,87.618,https://labbcat.canterbury.ac.nz/maonze/transcript?ag_id=1883#ew_0_1170108,0.26,260,5.560681631,,
3754,ia,g_1921;em_12_162528;n_6278447-n_6278455;p_337;#=ew_69_216621;prefix=64184-;[0]=ew_0_1267421,MU11M,Historical,53.435,53.175,https://labbcat.canterbury.ac.nz/maonze/transcript?ag_id=1921#ew_0_1267421,0.26,260,5.560681631,,
3888,ia,g_320;em_12_31351;n_55948-n_55950;p_89;#=ew_69_188249;prefix=37105-;[0]=ew_0_214394,L1Y04M,L1,80.849,80.589,https://labbcat.canterbury.ac.nz/maonze/transcript?ag_id=320#ew_0_214394,0.26,260,5.560681631,,
4149,ia,g_478;em_12_49197;n_71112-n_71113;p_121;#=ew_69_167456;prefix=17813-;[0]=ew_0_307434,K009M,PresentElder,66.784,66.524,https://labbcat.canterbury.ac.nz/maonze/transcript?ag_id=478#ew_0_307434,0.26,260,5.560681631,,
4288,ia,g_600;em_12_64081;n_83678-n_83679;p_140;#=ew_69_189802;prefix=38798-;[0]=ew_0_382570,L1Y05M,L1,89.159,88.899,https://labbcat.canterbury.ac.nz/maonze/transcript?ag_id=600#ew_0_382570,0.26,260,5.560681631,,
4591,ia,g_877;em_12_87425;n_15023-n_102024;p_169;#=ew_69_175348;prefix=24764-;[0]=ew_0_555873,L1H03M,L1,127.168,126.908,https://labbcat.canterbury.ac.nz/maonze/transcript?ag_id=877#ew_0_555873,0.26,260,5.560681631,,
4917,ia,g_991;em_12_94103;n_16557-n_107151;p_182;#=ew_69_226673;prefix=73591-;[0]=ew_0_612875,R005M,PresentElder,89.53,89.27,https://labbcat.canterbury.ac.nz/maonze/transcript?ag_id=991#ew_0_612875,0.26,260,5.560681631,,
5950,oa,g_368;em_12_150116;n_59535-n_4458745;p_92;#=ew_69_212599;prefix=60418-;[0]=ew_0_1122830,MU04M,Historical,50.438,50.178,https://labbcat.canterbury.ac.nz/maonze/transcript?ag_id=368#ew_0_1122830,0.26,260,5.560681631,,
6248,oa,g_629;em_12_171095;n_7007072-n_7007073;p_143;#=ew_69_202734;prefix=50798-;[0]=ew_0_1339638,L2Y02M,L2,87.721,87.461,https://labbcat.canterbury.ac.nz/maonze/transcript?ag_id=629#ew_0_1339638,0.26,260,5.560681631,,
7386,ua,g_1242;em_12_111633;n_21848-n_21849;p_249;#=ew_69_181276;prefix=30619-;[0]=ew_0_1227643,L1H06M,L1,85.459,85.199,https://labbcat.canterbury.ac.nz/maonze/transcript?ag_id=1242#ew_0_1227643,0.26,260,5.560681631,,
7575,ua,g_1513;em_12_125595;n_25193-n_25194;p_276;#=ew_69_241976;prefix=88317-;[0]=ew_0_881668,WU03M,Historical,115.87,115.61,https://labbcat.canterbury.ac.nz/maonze/transcript?ag_id=1513#ew_0_881668,0.26,260,5.560681631,,
7585,ua,g_1514;em_12_125641;n_129761-n_129762;p_276;#=ew_69_241980;prefix=88242-;[0]=ew_0_882101,WU03M,Historical,110.212,109.952,https://labbcat.canterbury.ac.nz/maonze/transcript?ag_id=1514#ew_0_882101,0.26,260,5.560681631,,
8085,ua,g_1686;em_12_135973;n_137474-n_27775;p_307;#=ew_69_199084;prefix=47374-;[0]=ew_0_965209,L2H05M,L2,115.699,115.439,https://labbcat.canterbury.ac.nz/maonze/transcript?ag_id=1686#ew_0_965209,0.26,260,5.560681631,,
8769,ua,g_341;em_12_33496;n_57709-n_57710;p_85;#=ew_69_184452;prefix=33765-;[0]=ew_0_1241863,L1Y02M,L1,112.849,112.589,https://labbcat.canterbury.ac.nz/maonze/transcript?ag_id=341#ew_0_1241863,0.26,260,5.560681631,,
8843,ua,g_367;em_12_150380;n_4458867-n_4519224;p_92;#=ew_69_212437;prefix=60280-;[0]=ew_0_1123681,MU04M,Historical,117.069,116.809,https://labbcat.canterbury.ac.nz/maonze/transcript?ag_id=367#ew_0_1123681,0.26,260,5.560681631,,
8910,ua,g_385;em_12_38949;n_62745-n_62747;p_95;#=ew_69_215150;prefix=62552-;[0]=ew_0_247857,MU06M,Historical,110.641,110.381,https://labbcat.canterbury.ac.nz/maonze/transcript?ag_id=385#ew_0_247857,0.26,260,5.560681631,,
8979,ua,g_451;em_12_46640;n_69104-n_69105;p_110;#=ew_69_156298;prefix=06969-;[0]=ew_0_291703,K003M,PresentElder,46.075,45.815,https://labbcat.canterbury.ac.nz/maonze/transcript?ag_id=451#ew_0_291703,0.26,260,5.560681631,,
9004,ua,g_455;em_12_158527;n_5392108-n_5392115;p_112;#=ew_69_161109;prefix=11657-;[0]=ew_0_1210196,K006M,PresentElder,94.363,94.103,https://labbcat.canterbury.ac.nz/maonze/transcript?ag_id=455#ew_0_1210196,0.26,260,5.560681631,,
9392,ua,g_613;em_12_64810;n_84375-n_84376;p_142;#=ew_69_181686;prefix=31348-;[0]=ew_0_390243,L1Y01M,L1,39.124,38.864,https://labbcat.canterbury.ac.nz/maonze/transcript?ag_id=613#ew_0_390243,0.26,260,5.560681631,,
10600,ua,g_98;em_12_6886;n_36733-n_36734;p_41;#=ew_69_162482;prefix=12902-;[0]=ew_0_66928,K007M,PresentElder,102.375,102.115,https://labbcat.canterbury.ac.nz/maonze/transcript?ag_id=98#ew_0_66928,0.26,260,5.560681631,,
526,ea,g_1396;em_12_119301;n_4742985-n_124757;p_262;#=ew_69_249792;prefix=95574-;[0]=ew_0_826285,WU08M,Historical,19.128,18.868,https://labbcat.canterbury.ac.nz/maonze/transcript?ag_id=1396#ew_0_826285,0.26,260,5.560681631,,
2636,ea,g_955;em_12_91996;n_105616-n_105617;p_181;#=ew_69_221154;prefix=68211-;[0]=ew_0_594119,R002M,PresentElder,20.1,19.84,https://labbcat.canterbury.ac.nz/maonze/transcript?ag_id=955#ew_0_594119,0.26,260,5.560681631,,
3413,ia,g_1619;em_12_131837;n_134309-n_134310;p_299;#=ew_69_191942;prefix=40724-;[0]=ew_0_933687,L2H01M,L2,26.375,26.115,https://labbcat.canterbury.ac.nz/maonze/transcript?ag_id=1619#ew_0_933687,0.26,260,5.560681631,,
5596,oa,g_1846;em_12_149351;n_3852416-n_3852439;p_49;#=ew_69_205132;prefix=53174-;[0]=ew_0_1104957,L2Y03M,L2,29.058,28.798,https://labbcat.canterbury.ac.nz/maonze/transcript?ag_id=1846#ew_0_1104957,0.26,260,5.560681631,,
1594,ea,g_447;em_12_46160;n_68651-n_68652;p_110;#=ew_69_155269;prefix=05999-;[0]=ew_0_287813,K003M,PresentElder,10.622,10.362,https://labbcat.canterbury.ac.nz/maonze/transcript?ag_id=447#ew_0_287813,0.26,260,5.560681631,,
3327,ia,g_1392;em_12_119168;n_124640-n_124641;p_262;#=ew_69_248997;prefix=95084-;[0]=ew_0_824326,WU08M,Historical,7.887,7.627,https://labbcat.canterbury.ac.nz/maonze/transcript?ag_id=1392#ew_0_824326,0.26,260,5.560681631,,
5577,oa,g_1842;em_12_149093;n_3848967-n_3848980;p_49;#=ew_69_204613;prefix=52586-;[0]=ew_0_1102024,L2Y03M,L2,14.34,14.08,https://labbcat.canterbury.ac.nz/maonze/transcript?ag_id=1842#ew_0_1102024,0.26,260,5.560681631,,
8087,ua,g_1688;em_12_136019;n_27794-n_27795;p_307;#=ew_69_199646;prefix=47979-;[0]=ew_0_965540,L2H05M,L2,1.16,0.9,https://labbcat.canterbury.ac.nz/maonze/transcript?ag_id=1688#ew_0_965540,0.26,260,5.560681631,,
8734,ua,g_334;em_12_33269;n_5984-n_57523;p_85;#=ew_69_184902;prefix=34151-;[0]=ew_0_221246,L1Y02M,L1,4.76,4.5,https://labbcat.canterbury.ac.nz/maonze/transcript?ag_id=334#ew_0_221246,0.26,260,5.560681631,,
2158,ea,g_670;em_12_70654;n_89435-n_89436;p_148;#=ew_69_208464;prefix=56366-;[0]=ew_0_424777,L2Y05M,L2,20.266,20.006,https://labbcat.canterbury.ac.nz/maonze/transcript?ag_id=670#ew_0_424777,0.26,260,5.560681631,,
2901,ia,g_1021;em_12_96034;n_108516-n_6670420;p_188;#=ew_69_230816;prefix=77423-;[0]=ew_0_1282049,R007M,PresentElder,54.797,54.537,https://labbcat.canterbury.ac.nz/maonze/transcript?ag_id=1021#ew_0_1282049,0.26,260,5.560681631,,
3615,ia,g_1848;em_12_149460;n_3853895-n_3853917;p_49;#=ew_69_205442;prefix=53414-;[0]=ew_0_1106212,L2Y03M,L2,59.561,59.301,https://labbcat.canterbury.ac.nz/maonze/transcript?ag_id=1848#ew_0_1106212,0.26,260,5.560681631,,
3797,ia,g_20;em_12_1582;n_32201-n_32202;p_19;#=ew_69_153616;prefix=03543-;[0]=ew_0_13805,K002M,PresentElder,24.552,24.292,https://labbcat.canterbury.ac.nz/maonze/transcript?ag_id=20#ew_0_13805,0.26,260,5.560681631,,
3940,ia,g_348;em_12_33712;n_57839-n_57840;p_87;#=ew_69_211072;prefix=59742-;[0]=ew_0_226852,MU03M,Historical,30.049,29.789,https://labbcat.canterbury.ac.nz/maonze/transcript?ag_id=348#ew_0_226852,0.26,260,5.560681631,,
4860,ia,g_979;em_12_93567;n_106726-n_106727;p_184;#=ew_69_224933;prefix=71856-;[0]=ew_0_607074,R004M,PresentElder,61.699,61.439,https://labbcat.canterbury.ac.nz/maonze/transcript?ag_id=979#ew_0_607074,0.26,260,5.560681631,,
5208,oa,g_1228;em_12_110671;n_119146-n_119147;p_249;#=ew_69_179749;prefix=29256-;[0]=ew_0_738691,L1H06M,L1,47.3,47.04,https://labbcat.canterbury.ac.nz/maonze/transcript?ag_id=1228#ew_0_738691,0.26,260,5.560681631,,
5484,oa,g_1666;em_12_134829;n_136654-n_136655;p_302;#=ew_69_197826;prefix=46301-;[0]=ew_0_1276018,L2H04M,L2,62.018,61.758,https://labbcat.canterbury.ac.nz/maonze/transcript?ag_id=1666#ew_0_1276018,0.26,260,5.560681631,,
6373,oa,g_854;em_12_85779;n_100783-n_100784;p_167;#=ew_69_171693;prefix=21488-;[0]=ew_0_543707,L1H01M,L1,43.585,43.325,https://labbcat.canterbury.ac.nz/maonze/transcript?ag_id=854#ew_0_543707,0.26,260,5.560681631,,
6480,oa,g_898;em_12_88649;n_102884-n_102885;p_174;#=ew_69_178569;prefix=27621-;[0]=ew_0_565656,L1H05M,L1,53.217,52.957,https://labbcat.canterbury.ac.nz/maonze/transcript?ag_id=898#ew_0_565656,0.26,260,5.560681631,,
6739,ua,g_1012;em_12_95533;n_16764-n_6650383;p_188;#=ew_69_229916;prefix=76617-;[0]=ew_0_625692,R007M,PresentElder,31.418,31.158,https://labbcat.canterbury.ac.nz/maonze/transcript?ag_id=1012#ew_0_625692,0.26,260,5.560681631,,
8757,ua,g_339;em_12_33429;n_57649-n_57650;p_85;#=ew_69_184018;prefix=33225-;[0]=ew_0_223321,L1Y02M,L1,54.122,53.862,https://labbcat.canterbury.ac.nz/maonze/transcript?ag_id=339#ew_0_223321,0.26,260,5.560681631,,
8818,ua,g_351;em_12_33831;n_57955-n_57956;p_87;#=ew_69_210999;prefix=59545-;[0]=ew_0_1113116,MU03M,Historical,48.863,48.603,https://labbcat.canterbury.ac.nz/maonze/transcript?ag_id=351#ew_0_1113116,0.26,260,5.560681631,,
8924,ua,g_387;em_12_39384;n_63178-n_63179;p_95;#=ew_69_214696;prefix=62953-;[0]=ew_0_249408,MU06M,Historical,57.452,57.192,https://labbcat.canterbury.ac.nz/maonze/transcript?ag_id=387#ew_0_249408,0.26,260,5.560681631,,
10225,ua,g_912;em_12_89327;n_15615-n_15616;p_173;#=ew_69_176495;prefix=25974-;[0]=ew_0_572606,L1H04M,L1,38,37.74,https://labbcat.canterbury.ac.nz/maonze/transcript?ag_id=912#ew_0_572606,0.26,260,5.560681631,,
218,ea,g_1074;em_12_99691;n_110900-n_110901;p_208;#=ew_69_245360;prefix=91675-;[0]=ew_0_661411,WU07M,Historical,72.562,72.302,https://labbcat.canterbury.ac.nz/maonze/transcript?ag_id=1074#ew_0_661411,0.26,260,5.560681631,,
223,ea,g_1074;em_12_99703;n_18325-n_110911;p_208;#=ew_69_245410;prefix=91706-;[0]=ew_0_661566,WU07M,Historical,120.347,120.087,https://labbcat.canterbury.ac.nz/maonze/transcript?ag_id=1074#ew_0_661566,0.26,260,5.560681631,,
286,ea,g_1090;em_12_100624;n_111667-n_111668;p_208;#=ew_69_248060;prefix=93720-;[0]=ew_0_669879,WU07M,Historical,157.215,156.955,https://labbcat.canterbury.ac.nz/maonze/transcript?ag_id=1090#ew_0_669879,0.26,260,5.560681631,,
612,ea,g_1532;em_12_126529;n_25393-n_130459;p_200;#=ew_69_216052;prefix=63497-;[0]=ew_0_892051,MU08M,Historical,212.272,212.012,https://labbcat.canterbury.ac.nz/maonze/transcript?ag_id=1532#ew_0_892051,0.26,260,5.560681631,,
682,ea,g_1627;em_12_132489;n_134781-n_134782;p_299;#=ew_69_192767;prefix=41693-;[0]=ew_0_938238,L2H01M,L2,191.245,190.985,https://labbcat.canterbury.ac.nz/maonze/transcript?ag_id=1627#ew_0_938238,0.26,260,5.560681631,,
808,ea,g_1663;em_12_134695;n_136532-n_136533;p_302;#=ew_69_197362;prefix=45891-;[0]=ew_0_953800,L2H04M,L2,143.072,142.812,https://labbcat.canterbury.ac.nz/maonze/transcript?ag_id=1663#ew_0_953800,0.26,260,5.560681631,,
958,ea,g_1841;em_12_149030;n_3848114-n_3848124;p_49;#=ew_69_204234;prefix=52504-;[0]=ew_0_1101299,L2Y03M,L2,68.431,68.171,https://labbcat.canterbury.ac.nz/maonze/transcript?ag_id=1841#ew_0_1101299,0.26,260,5.560681631,,
1003,ea,g_1847;em_12_149426;n_3853430-n_3853446;p_49;#=ew_69_205489;prefix=53359-;[0]=ew_0_1105820,L2Y03M,L2,173.445,173.185,https://labbcat.canterbury.ac.nz/maonze/transcript?ag_id=1847#ew_0_1105820,0.26,260,5.560681631,,
1536,ea,g_370;em_12_36008;n_59833-n_59834;p_92;#=ew_69_213927;prefix=60894-;[0]=ew_0_239029,MU04M,Historical,119.862,119.602,https://labbcat.canterbury.ac.nz/maonze/transcript?ag_id=370#ew_0_239029,0.26,260,5.560681631,,
1617,ea,g_452;em_12_46802;n_69235-n_69236;p_110;#=ew_69_157274;prefix=07339-;[0]=ew_0_293005,K003M,PresentElder,175.016,174.756,https://labbcat.canterbury.ac.nz/maonze/transcript?ag_id=452#ew_0_293005,0.26,260,5.560681631,,
2009,ea,g_629;em_12_65679;n_85170-n_85171;p_143;#=ew_69_202808;prefix=50665-;[0]=ew_0_398660,L2Y02M,L2,126.472,126.212,https://labbcat.canterbury.ac.nz/maonze/transcript?ag_id=629#ew_0_398660,0.26,260,5.560681631,,
2046,ea,g_633;em_12_66275;n_85724-n_85725;p_143;#=ew_69_203055;prefix=51836-;[0]=ew_0_402934,L2Y02M,L2,180.254,179.994,https://labbcat.canterbury.ac.nz/maonze/transcript?ag_id=633#ew_0_402934,0.26,260,5.560681631,,
2288,ea,g_857;em_12_86010;n_100994-n_100995;p_167;#=ew_69_172405;prefix=22014-;[0]=ew_0_545521,L1H01M,L1,88.225,87.965,https://labbcat.canterbury.ac.nz/maonze/transcript?ag_id=857#ew_0_545521,0.26,260,5.560681631,,
2620,ea,g_950;em_12_91801;n_105448-n_105449;p_181;#=ew_69_220481;prefix=67845-;[0]=ew_0_591579,R002M,PresentElder,211.652,211.392,https://labbcat.canterbury.ac.nz/maonze/transcript?ag_id=950#ew_0_591579,0.26,260,5.560681631,,
3392,ia,g_1548;em_12_127383;n_130889-n_130890;p_293;#=ew_69_216649;prefix=64069-;[0]=ew_0_900137,MU10M,Historical,153.096,152.836,https://labbcat.canterbury.ac.nz/maonze/transcript?ag_id=1548#ew_0_900137,0.26,260,5.560681631,,
3504,ia,g_1654;em_12_134258;n_136240-n_27294;p_300;#=ew_69_194873;prefix=43290-;[0]=ew_0_949836,L2H02M,L2,244.054,243.794,https://labbcat.canterbury.ac.nz/maonze/transcript?ag_id=1654#ew_0_949836,0.26,260,5.560681631,,
3637,ia,g_1868;em_12_154012;n_5221791-n_5221803;p_334;#=ew_69_237192;prefix=83542-;[0]=ew_0_1157696,R011M,PresentElder,197.606,197.346,https://labbcat.canterbury.ac.nz/maonze/transcript?ag_id=1868#ew_0_1157696,0.26,260,5.560681631,,
3645,ia,g_1884;em_12_155125;n_5259951-n_5260493;p_334;#=ew_69_237298;prefix=83483-;[0]=ew_0_1171474,R011M,PresentElder,140.81,140.55,https://labbcat.canterbury.ac.nz/maonze/transcript?ag_id=1884#ew_0_1171474,0.26,260,5.560681631,,
3761,ia,g_1922;em_12_162591;n_6279099-n_6279103;p_337;#=ew_69_217027;prefix=64304-;[0]=ew_0_1267879,MU11M,Historical,279.73,279.47,https://labbcat.canterbury.ac.nz/maonze/transcript?ag_id=1922#ew_0_1267879,0.26,260,5.560681631,,
3768,ia,g_1942;em_12_165516;n_6842426-n_6842437;p_41;#=ew_69_164971;prefix=15118-;[0]=ew_0_1295454,K007M,PresentElder,222.771,222.511,https://labbcat.canterbury.ac.nz/maonze/transcript?ag_id=1942#ew_0_1295454,0.26,260,5.560681631,,
3835,ia,g_24;em_12_2068;n_32683-n_32684;p_19;#=ew_69_154565;prefix=04762-;[0]=ew_0_17599,K002M,PresentElder,355.69,355.43,https://labbcat.canterbury.ac.nz/maonze/transcript?ag_id=24#ew_0_17599,0.26,260,5.560681631,,
3956,ia,g_365;em_12_35286;n_59125-n_59127;p_92;#=ew_69_212849;prefix=60019-;[0]=ew_0_1118456,MU04M,Historical,146.278,146.018,https://labbcat.canterbury.ac.nz/maonze/transcript?ag_id=365#ew_0_1118456,0.26,260,5.560681631,,
4110,ia,g_460;em_12_47479;n_69662-n_69663;p_112;#=ew_69_162121;prefix=12253-;[0]=ew_0_297265,K006M,PresentElder,263.952,263.692,https://labbcat.canterbury.ac.nz/maonze/transcript?ag_id=460#ew_0_297265,0.26,260,5.560681631,,
4446,ia,g_668;em_12_70594;n_89383-n_89384;p_148;#=ew_69_208239;prefix=56128-;[0]=ew_0_423731,L2Y05M,L2,144.828,144.568,https://labbcat.canterbury.ac.nz/maonze/transcript?ag_id=668#ew_0_423731,0.26,260,5.560681631,,
4770,ia,g_948;em_12_163302;n_6521758-n_6521763;p_181;#=ew_69_220089;prefix=67465-;[0]=ew_0_1278265,R002M,PresentElder,178.667,178.407,https://labbcat.canterbury.ac.nz/maonze/transcript?ag_id=948#ew_0_1278265,0.26,260,5.560681631,,
4882,ia,g_986;em_12_93887;n_7043049-n_106969;p_182;#=ew_69_226132;prefix=72793-;[0]=ew_0_610237,R005M,PresentElder,65.133,64.873,https://labbcat.canterbury.ac.nz/maonze/transcript?ag_id=986#ew_0_610237,0.26,260,5.560681631,,
5068,oa,g_1048;em_12_97595;n_109489-n_109490;p_193;#=ew_69_236825;prefix=83117-;[0]=ew_0_647704,R010M,PresentElder,228.995,228.735,https://labbcat.canterbury.ac.nz/maonze/transcript?ag_id=1048#ew_0_647704,0.26,260,5.560681631,,
5346,oa,g_1525;em_12_126192;n_130218-n_130219;p_287;#=ew_69_228736;prefix=75527-;[0]=ew_0_888114,R006M,PresentElder,116.999,116.739,https://labbcat.canterbury.ac.nz/maonze/transcript?ag_id=1525#ew_0_888114,0.26,260,5.560681631,,
5354,oa,g_1526;em_12_126252;n_130267-n_130268;p_287;#=ew_69_229029;prefix=75751-;[0]=ew_0_888960,R006M,PresentElder,222.444,222.184,https://labbcat.canterbury.ac.nz/maonze/transcript?ag_id=1526#ew_0_888960,0.26,260,5.560681631,,
5426,oa,g_1640;em_12_133200;n_135413-n_135414;p_288;#=ew_69_196102;prefix=44806-;[0]=ew_0_942679,L2H03M,L2,161.292,161.032,https://labbcat.canterbury.ac.nz/maonze/transcript?ag_id=1640#ew_0_942679,0.26,260,5.560681631,,
5545,oa,g_1748;em_12_139756;n_140455-n_140456;p_318;#=ew_69_231195;prefix=77823-;[0]=ew_0_1002193,R008M,PresentElder,131.112,130.852,https://labbcat.canterbury.ac.nz/maonze/transcript?ag_id=1748#ew_0_1002193,0.26,260,5.560681631,,
5706,oa,g_1906;em_12_156690;n_5283103-n_5283115;p_333;#=ew_69_239361;prefix=86053-;[0]=ew_0_1190145,R012M,PresentElder,162.242,161.982,https://labbcat.canterbury.ac.nz/maonze/transcript?ag_id=1906#ew_0_1190145,0.26,260,5.560681631,,
6133,oa,g_500;em_12_51988;n_73250-n_73252;p_97;#=ew_69_215603;prefix=63120-;[0]=ew_0_321265,MU07M,Historical,278.377,278.117,https://labbcat.canterbury.ac.nz/maonze/transcript?ag_id=500#ew_0_321265,0.26,260,5.560681631,,
6162,oa,g_59;em_12_162204;n_6219074-n_6219116;p_32;#=ew_69_159544;prefix=09654-;[0]=ew_0_1263481,K004M,PresentElder,229.064,228.804,https://labbcat.canterbury.ac.nz/maonze/transcript?ag_id=59#ew_0_1263481,0.26,260,5.560681631,,
6355,oa,g_848;em_12_85401;n_100418-n_100419;p_167;#=ew_69_170893;prefix=20693-;[0]=ew_0_540465,L1H01M,L1,142.646,142.386,https://labbcat.canterbury.ac.nz/maonze/transcript?ag_id=848#ew_0_540465,0.26,260,5.560681631,,
6393,oa,g_859;em_12_86227;n_14689-n_14690;p_167;#=ew_69_172593;prefix=22383-;[0]=ew_0_546976,L1H01M,L1,147.673,147.413,https://labbcat.canterbury.ac.nz/maonze/transcript?ag_id=859#ew_0_546976,0.26,260,5.560681631,,
6475,oa,g_896;em_12_88585;n_102822-n_102823;p_174;#=ew_69_178290;prefix=28082-;[0]=ew_0_564853,L1H05M,L1,233.678,233.418,https://labbcat.canterbury.ac.nz/maonze/transcript?ag_id=896#ew_0_564853,0.26,260,5.560681631,,
6556,oa,g_941;em_12_91411;n_105120-n_105121;p_179;#=ew_69_219780;prefix=66678-;[0]=ew_0_587386,R001M,PresentElder,202.608,202.348,https://labbcat.canterbury.ac.nz/maonze/transcript?ag_id=941#ew_0_587386,0.26,260,5.560681631,,
6855,ua,g_1032;em_12_96522;n_17271-n_108844;p_190;#=ew_69_233450;prefix=80412-;[0]=ew_0_636675,R009M,PresentElder,128.404,128.144,https://labbcat.canterbury.ac.nz/maonze/transcript?ag_id=1032#ew_0_636675,0.26,260,5.560681631,,
7364,ua,g_1238;em_12_111358;n_21597-n_5825351;p_249;#=ew_69_180533;prefix=30169-;[0]=ew_0_744189,L1H06M,L1,130.381,130.121,https://labbcat.canterbury.ac.nz/maonze/transcript?ag_id=1238#ew_0_744189,0.26,260,5.560681631,,
7950,ua,g_1658;em_12_134515;n_27382-n_136409;p_300;#=ew_69_195158;prefix=43723-;[0]=ew_0_951772,L2H02M,L2,213.902,213.642,https://labbcat.canterbury.ac.nz/maonze/transcript?ag_id=1658#ew_0_951772,0.26,260,5.560681631,,
8089,ua,g_1688;em_12_136051;n_137522-n_137523;p_307;#=ew_69_199803;prefix=48023-;[0]=ew_0_965735,L2H05M,L2,83.63,83.37,https://labbcat.canterbury.ac.nz/maonze/transcript?ag_id=1688#ew_0_965735,0.26,260,5.560681631,,
8195,ua,g_1845;em_12_149329;n_3852093-n_3852104;p_49;#=ew_69_205075;prefix=53120-;[0]=ew_0_1104676,L2Y03M,L2,291.938,291.678,https://labbcat.canterbury.ac.nz/maonze/transcript?ag_id=1845#ew_0_1104676,0.26,260,5.560681631,,
8217,ua,g_1853;em_12_150411;n_4569028-n_4569050;p_148;#=ew_69_207999;prefix=55904-;[0]=ew_0_1124644,L2Y05M,L2,136.403,136.143,https://labbcat.canterbury.ac.nz/maonze/transcript?ag_id=1853#ew_0_1124644,0.26,260,5.560681631,,
8789,ua,g_343;em_12_33562;n_57763-n_57764;p_85;#=ew_69_185455;prefix=34609-;[0]=ew_0_1336509,L1Y02M,L1,149.134,148.874,https://labbcat.canterbury.ac.nz/maonze/transcript?ag_id=343#ew_0_1336509,0.26,260,5.560681631,,
8937,ua,g_446;em_12_169657;n_6944586-n_6944587;p_110;#=ew_69_155766;prefix=05838-;[0]=ew_0_1326063,K003M,PresentElder,166.654,166.394,https://labbcat.canterbury.ac.nz/maonze/transcript?ag_id=446#ew_0_1326063,0.26,260,5.560681631,,
8945,ua,g_447;em_12_169706;n_6945264-n_6945265;p_110;#=ew_69_155862;prefix=06149-;[0]=ew_0_1326664,K003M,PresentElder,191.273,191.013,https://labbcat.canterbury.ac.nz/maonze/transcript?ag_id=447#ew_0_1326664,0.26,260,5.560681631,,
9306,ua,g_602;em_12_64214;n_83809-n_83810;p_140;#=ew_69_190190;prefix=39182-;[0]=ew_0_384023,L1Y05M,L1,181.23,180.97,https://labbcat.canterbury.ac.nz/maonze/transcript?ag_id=602#ew_0_384023,0.26,260,5.560681631,,
9515,ua,g_630;em_12_65827;n_85303-n_85304;p_143;#=ew_69_203583;prefix=50944-;[0]=ew_0_399557,L2Y02M,L2,107.657,107.397,https://labbcat.canterbury.ac.nz/maonze/transcript?ag_id=630#ew_0_399557,0.26,260,5.560681631,,
9934,ua,g_867;em_12_86781;n_101582-n_14833;p_168;#=ew_69_174759;prefix=23650-;[0]=ew_0_551608,L1H02M,L1,238.213,237.953,https://labbcat.canterbury.ac.nz/maonze/transcript?ag_id=867#ew_0_551608,0.26,260,5.560681631,,
9950,ua,g_869;em_12_86944;n_101671-n_101672;p_168;#=ew_69_174406;prefix=23970-;[0]=ew_0_552699,L1H02M,L1,129.126,128.866,https://labbcat.canterbury.ac.nz/maonze/transcript?ag_id=869#ew_0_552699,0.26,260,5.560681631,,
9992,ua,g_876;em_12_87366;n_15001-n_101988;p_169;#=ew_69_175238;prefix=24668-;[0]=ew_0_555537,L1H03M,L1,189.213,188.953,https://labbcat.canterbury.ac.nz/maonze/transcript?ag_id=876#ew_0_555537,0.26,260,5.560681631,,
10216,ua,g_911;em_12_89309;n_15609-n_103305;p_173;#=ew_69_176661;prefix=26108-;[0]=ew_0_572293,L1H04M,L1,134.007,133.747,https://labbcat.canterbury.ac.nz/maonze/transcript?ag_id=911#ew_0_572293,0.26,260,5.560681631,,
10643,ua,g_986;em_12_93906;n_106985-n_16526;p_182;#=ew_69_226405;prefix=72888-;[0]=ew_0_610496,R005M,PresentElder,183.935,183.675,https://labbcat.canterbury.ac.nz/maonze/transcript?ag_id=986#ew_0_610496,0.26,260,5.560681631,,
299,ea,g_11;em_12_853;n_31499-n_31500;p_28;#=ew_69_149397;prefix=00426-;[0]=ew_0_1231556,K001M,PresentElder,281.388,281.138,https://labbcat.canterbury.ac.nz/maonze/transcript?ag_id=11#ew_0_1231556,0.25,250,5.521460918,,
305,ea,g_11;em_12_864;n_31510-n_31511;p_28;#=ew_69_149423;prefix=00451-;[0]=ew_0_7685,K001M,PresentElder,320.35,320.1,https://labbcat.canterbury.ac.nz/maonze/transcript?ag_id=11#ew_0_7685,0.25,250,5.521460918,,
311,ea,g_116;em_12_8387;n_37945-n_37946;p_43;#=ew_69_212034;prefix=59122-;[0]=ew_0_81254,MU02M,Historical,288.576,288.326,https://labbcat.canterbury.ac.nz/maonze/transcript?ag_id=116#ew_0_81254,0.25,250,5.521460918,,
394,ea,g_1231;em_12_110862;n_21144-n_5826958;p_249;#=ew_69_180145;prefix=29548-;[0]=ew_0_740288,L1H06M,L1,146.665,146.415,https://labbcat.canterbury.ac.nz/maonze/transcript?ag_id=1231#ew_0_740288,0.25,250,5.521460918,,
411,ea,g_1236;em_12_111198;n_21450-n_119192;p_249;#=ew_69_180433;prefix=30006-;[0]=ew_0_743013,L1H06M,L1,83.904,83.654,https://labbcat.canterbury.ac.nz/maonze/transcript?ag_id=1236#ew_0_743013,0.25,250,5.521460918,,
443,ea,g_1244;em_12_111723;n_21920-n_21921;p_249;#=ew_69_181471;prefix=30805-;[0]=ew_0_747595,L1H06M,L1,50.422,50.172,https://labbcat.canterbury.ac.nz/maonze/transcript?ag_id=1244#ew_0_747595,0.25,250,5.521460918,,
539,ea,g_1511;em_12_151507;n_4677437-n_4677439;p_276;#=ew_69_242397;prefix=88455-;[0]=ew_0_1131077,WU03M,Historical,120.662,120.412,https://labbcat.canterbury.ac.nz/maonze/transcript?ag_id=1511#ew_0_1131077,0.25,250,5.521460918,,
552,ea,g_1518;em_12_125885;n_129949-n_129950;p_287;#=ew_69_228071;prefix=74314-;[0]=ew_0_884423,R006M,PresentElder,344.572,344.322,https://labbcat.canterbury.ac.nz/maonze/transcript?ag_id=1518#ew_0_884423,0.25,250,5.521460918,,
634,ea,g_1548;em_12_127373;n_25809-n_130884;p_293;#=ew_69_216640;prefix=64060-;[0]=ew_0_900051,MU10M,Historical,107.924,107.674,https://labbcat.canterbury.ac.nz/maonze/transcript?ag_id=1548#ew_0_900051,0.25,250,5.521460918,,
638,ea,g_16;em_12_1251;n_31878-n_31879;p_19;#=ew_69_152258;prefix=02259-;[0]=ew_0_1231900,K002M,PresentElder,136.842,136.592,https://labbcat.canterbury.ac.nz/maonze/transcript?ag_id=16#ew_0_1231900,0.25,250,5.521460918,,
652,ea,g_1621;em_12_131985;n_26834-n_134427;p_299;#=ew_69_191611;prefix=40952-;[0]=ew_0_934869,L2H01M,L2,33.808,33.558,https://labbcat.canterbury.ac.nz/maonze/transcript?ag_id=1621#ew_0_934869,0.25,250,5.521460918,,
674,ea,g_1625;em_12_132295;n_26920-n_134651;p_299;#=ew_69_192426;prefix=41397-;[0]=ew_0_936904,L2H01M,L2,41.053,40.803,https://labbcat.canterbury.ac.nz/maonze/transcript?ag_id=1625#ew_0_936904,0.25,250,5.521460918,,
677,ea,g_1626;em_12_132377;n_134713-n_26940;p_299;#=ew_69_192741;prefix=41510-;[0]=ew_0_937424,L2H01M,L2,88.801,88.551,https://labbcat.canterbury.ac.nz/maonze/transcript?ag_id=1626#ew_0_937424,0.25,250,5.521460918,,
690,ea,g_1633;em_12_132682;n_134933-n_134934;p_288;#=ew_69_195354;prefix=43851-;[0]=ew_0_939514,L2H03M,L2,83.084,82.834,https://labbcat.canterbury.ac.nz/maonze/transcript?ag_id=1633#ew_0_939514,0.25,250,5.521460918,,
851,ea,g_1670;em_12_134981;n_27479-n_6399132;p_302;#=ew_69_198095;prefix=46868-;[0]=ew_0_957297,L2H04M,L2,38.893,38.643,https://labbcat.canterbury.ac.nz/maonze/transcript?ag_id=1670#ew_0_957297,0.25,250,5.521460918,,
903,ea,g_1681;em_12_135600;n_27619-n_137257;p_307;#=ew_69_198931;prefix=47772-;[0]=ew_0_962422,L2H05M,L2,2.005,1.755,https://labbcat.canterbury.ac.nz/maonze/transcript?ag_id=1681#ew_0_962422,0.25,250,5.521460918,,
928,ea,g_1748;em_12_139724;n_140425-n_140426;p_318;#=ew_69_231127;prefix=77760-;[0]=ew_0_1001978,R008M,PresentElder,20.301,20.051,https://labbcat.canterbury.ac.nz/maonze/transcript?ag_id=1748#ew_0_1001978,0.25,250,5.521460918,,
965,ea,g_1842;em_12_149137;n_3849482-n_3849493;p_49;#=ew_69_204844;prefix=52665-;[0]=ew_0_1102453,L2Y03M,L2,197.891,197.641,https://labbcat.canterbury.ac.nz/maonze/transcript?ag_id=1842#ew_0_1102453,0.25,250,5.521460918,,
1148,ea,g_1921;em_12_162535;n_6278467-n_6278473;p_337;#=ew_69_216624;prefix=64187-;[0]=ew_0_1267499,MU11M,Historical,62.841,62.591,https://labbcat.canterbury.ac.nz/maonze/transcript?ag_id=1921#ew_0_1267499,0.25,250,5.521460918,,
1248,ea,g_24;em_12_1997;n_32612-n_32613;p_19;#=ew_69_154349;prefix=04560-;[0]=ew_0_16978,K002M,PresentElder,80.58,80.33,https://labbcat.canterbury.ac.nz/maonze/transcript?ag_id=24#ew_0_16978,0.25,250,5.521460918,,
1519,ea,g_369;em_12_35869;n_59695-n_59696;p_92;#=ew_69_213001;prefix=60608-;[0]=ew_0_238165,MU04M,Historical,76.006,75.756,https://labbcat.canterbury.ac.nz/maonze/transcript?ag_id=369#ew_0_238165,0.25,250,5.521460918,,
1576,ea,g_41;em_12_3296;n_33665-n_33666;p_276;#=ew_69_242448;prefix=88489-;[0]=ew_0_27512,WU03M,Historical,93.941,93.691,https://labbcat.canterbury.ac.nz/maonze/transcript?ag_id=41#ew_0_27512,0.25,250,5.521460918,,
1589,ea,g_446;em_12_169671;n_6944608-n_6944609;p_110;#=ew_69_155948;prefix=05878-;[0]=ew_0_1325853,K003M,PresentElder,243.098,242.848,https://labbcat.canterbury.ac.nz/maonze/transcript?ag_id=446#ew_0_1325853,0.25,250,5.521460918,,
1619,ea,g_452;em_12_46881;n_7672-n_7673;p_110;#=ew_69_157379;prefix=07390-;[0]=ew_0_293622,K003M,PresentElder,437.435,437.185,https://labbcat.canterbury.ac.nz/maonze/transcript?ag_id=452#ew_0_293622,0.25,250,5.521460918,,
1647,ea,g_462;em_12_47613;n_69733-n_69734;p_112;#=ew_69_162298;prefix=12388-;[0]=ew_0_298087,K006M,PresentElder,69.708,69.458,https://labbcat.canterbury.ac.nz/maonze/transcript?ag_id=462#ew_0_298087,0.25,250,5.521460918,,
1700,ea,g_478;em_12_49223;n_71138-n_71139;p_121;#=ew_69_167669;prefix=17882-;[0]=ew_0_307730,K009M,PresentElder,220.84,220.59,https://labbcat.canterbury.ac.nz/maonze/transcript?ag_id=478#ew_0_307730,0.25,250,5.521460918,,
1945,ea,g_616;em_12_64971;n_84531-n_84532;p_142;#=ew_69_182421;prefix=31745-;[0]=ew_0_391864,L1Y01M,L1,115.932,115.682,https://labbcat.canterbury.ac.nz/maonze/transcript?ag_id=616#ew_0_391864,0.25,250,5.521460918,,
1999,ea,g_628;em_12_65569;n_85073-n_85074;p_143;#=ew_69_202755;prefix=50591-;[0]=ew_0_398141,L2Y02M,L2,280.767,280.517,https://labbcat.canterbury.ac.nz/maonze/transcript?ag_id=628#ew_0_398141,0.25,250,5.521460918,,
2083,ea,g_649;em_12_67494;n_86668-n_86669;p_146;#=ew_69_205722;prefix=53741-;[0]=ew_0_413342,L2Y04M,L2,180.068,179.818,https://labbcat.canterbury.ac.nz/maonze/transcript?ag_id=649#ew_0_413342,0.25,250,5.521460918,,
2099,ea,g_654;em_12_68623;n_87668-n_87669;p_146;#=ew_69_205801;prefix=54253-;[0]=ew_0_415884,L2Y04M,L2,97.737,97.487,https://labbcat.canterbury.ac.nz/maonze/transcript?ag_id=654#ew_0_415884,0.25,250,5.521460918,,
2266,ea,g_854;em_12_85813;n_6960143-n_100818;p_167;#=ew_69_171774;prefix=21564-;[0]=ew_0_543952,L1H01M,L1,151.706,151.456,https://labbcat.canterbury.ac.nz/maonze/transcript?ag_id=854#ew_0_543952,0.25,250,5.521460918,,
2372,ea,g_872;em_12_87177;n_101844-n_101845;p_168;#=ew_69_174021;prefix=24388-;[0]=ew_0_554406,L1H02M,L1,155.264,155.014,https://labbcat.canterbury.ac.nz/maonze/transcript?ag_id=872#ew_0_554406,0.25,250,5.521460918,,
2393,ea,g_887;em_12_88188;n_102486-n_102487;p_169;#=ew_69_176064;prefix=25643-;[0]=ew_0_560336,L1H03M,L1,293.997,293.747,https://labbcat.canterbury.ac.nz/maonze/transcript?ag_id=887#ew_0_560336,0.25,250,5.521460918,,
2416,ea,g_894;em_12_88477;n_102733-n_102734;p_174;#=ew_69_179480;prefix=28411-;[0]=ew_0_563581,L1H05M,L1,199.927,199.677,https://labbcat.canterbury.ac.nz/maonze/transcript?ag_id=894#ew_0_563581,0.25,250,5.521460918,,
2426,ea,g_896;em_12_159893;n_5774392-n_5774403;p_174;#=ew_69_178157;prefix=27986-;[0]=ew_0_1224770,L1H05M,L1,97.046,96.796,https://labbcat.canterbury.ac.nz/maonze/transcript?ag_id=896#ew_0_1224770,0.25,250,5.521460918,,
2486,ea,g_905;em_12_89049;n_103204-n_103205;p_173;#=ew_69_177268;prefix=26793-;[0]=ew_0_569306,L1H04M,L1,159.709,159.459,https://labbcat.canterbury.ac.nz/maonze/transcript?ag_id=905#ew_0_569306,0.25,250,5.521460918,,
2566,ea,g_940;em_12_91302;n_105054-n_105055;p_179;#=ew_69_219261;prefix=66458-;[0]=ew_0_586587,R001M,PresentElder,125.399,125.149,https://labbcat.canterbury.ac.nz/maonze/transcript?ag_id=940#ew_0_586587,0.25,250,5.521460918,,
2592,ea,g_947;em_12_91662;n_105337-n_105338;p_181;#=ew_69_220839;prefix=67352-;[0]=ew_0_589704,R002M,PresentElder,249.167,248.917,https://labbcat.canterbury.ac.nz/maonze/transcript?ag_id=947#ew_0_589704,0.25,250,5.521460918,,
2688,ea,g_97;em_12_162851;n_6282056-n_6281867;p_41;#=ew_69_163268;prefix=12728-;[0]=ew_0_1269703,K007M,PresentElder,180.946,180.696,https://labbcat.canterbury.ac.nz/maonze/transcript?ag_id=97#ew_0_1269703,0.25,250,5.521460918,,
2737,ea,g_976;em_12_93292;n_106569-n_16328;p_184;#=ew_69_224369;prefix=71333-;[0]=ew_0_605250,R004M,PresentElder,11.898,11.648,https://labbcat.canterbury.ac.nz/maonze/transcript?ag_id=976#ew_0_605250,0.25,250,5.521460918,,
2754,ea,g_978;em_12_93507;n_106686-n_106687;p_184;#=ew_69_225097;prefix=71715-;[0]=ew_0_606635,R004M,PresentElder,122.259,122.009,https://labbcat.canterbury.ac.nz/maonze/transcript?ag_id=978#ew_0_606635,0.25,250,5.521460918,,
2764,ea,g_98;em_12_162687;n_6281830-n_6281836;p_41;#=ew_69_162617;prefix=12994-;[0]=ew_0_1268366,K007M,PresentElder,231.833,231.583,https://labbcat.canterbury.ac.nz/maonze/transcript?ag_id=98#ew_0_1268366,0.25,250,5.521460918,,
2826,ea,g_99;em_12_6919;n_36765-n_36766;p_41;#=ew_69_163252;prefix=13038-;[0]=ew_0_67458,K007M,PresentElder,12.385,12.135,https://labbcat.canterbury.ac.nz/maonze/transcript?ag_id=99#ew_0_67458,0.25,250,5.521460918,,
2840,ea,g_994;em_12_94232;n_16577-n_107260;p_182;#=ew_69_226984;prefix=73943-;[0]=ew_0_614423,R005M,PresentElder,86.577,86.327,https://labbcat.canterbury.ac.nz/maonze/transcript?ag_id=994#ew_0_614423,0.25,250,5.521460918,,
2841,ea,g_994;em_12_94246;n_107273-n_107274;p_182;#=ew_69_227085;prefix=73980-;[0]=ew_0_614579,R005M,PresentElder,155.504,155.254,https://labbcat.canterbury.ac.nz/maonze/transcript?ag_id=994#ew_0_614579,0.25,250,5.521460918,,
3087,ia,g_1081;em_12_100106;n_111248-n_111249;p_208;#=ew_69_247177;prefix=92519-;[0]=ew_0_665082,WU07M,Historical,196.21,195.96,https://labbcat.canterbury.ac.nz/maonze/transcript?ag_id=1081#ew_0_665082,0.25,250,5.521460918,,
3245,ia,g_1228;em_12_110668;n_119143-n_119144;p_249;#=ew_69_179733;prefix=29240-;[0]=ew_0_738625,L1H06M,L1,14.659,14.409,https://labbcat.canterbury.ac.nz/maonze/transcript?ag_id=1228#ew_0_738625,0.25,250,5.521460918,,
3248,ia,g_1228;em_12_110674;n_119149-n_5823424;p_249;#=ew_69_179758;prefix=29265-;[0]=ew_0_738736,L1H06M,L1,65.844,65.594,https://labbcat.canterbury.ac.nz/maonze/transcript?ag_id=1228#ew_0_738736,0.25,250,5.521460918,,
3335,ia,g_1396;em_12_119314;n_124769-n_124770;p_262;#=ew_69_249901;prefix=95621-;[0]=ew_0_826481,WU08M,Historical,124.252,124.002,https://labbcat.canterbury.ac.nz/maonze/transcript?ag_id=1396#ew_0_826481,0.25,250,5.521460918,,
3355,ia,g_1518;em_12_125863;n_129927-n_129928;p_287;#=ew_69_227967;prefix=74237-;[0]=ew_0_884119,R006M,PresentElder,221.586,221.336,https://labbcat.canterbury.ac.nz/maonze/transcript?ag_id=1518#ew_0_884119,0.25,250,5.521460918,,
3367,ia,g_1524;em_12_126138;n_130169-n_130170;p_287;#=ew_69_228546;prefix=75286-;[0]=ew_0_887311,R006M,PresentElder,18.025,17.775,https://labbcat.canterbury.ac.nz/maonze/transcript?ag_id=1524#ew_0_887311,0.25,250,5.521460918,,
3429,ia,g_1622;em_12_170973;n_6993121-n_6993122;p_299;#=ew_69_191882;prefix=41154-;[0]=ew_0_1337836,L2H01M,L2,264.125,263.875,https://labbcat.canterbury.ac.nz/maonze/transcript?ag_id=1622#ew_0_1337836,0.25,250,5.521460918,,
3565,ia,g_1674;em_12_163255;n_6459898-n_6459899;p_307;#=ew_69_200577;prefix=48842-;[0]=ew_0_1277696,L2H05M,L2,196.59,196.34,https://labbcat.canterbury.ac.nz/maonze/transcript?ag_id=1674#ew_0_1277696,0.25,250,5.521460918,,
3624,ia,g_1854;em_12_150446;n_4609919-n_4609924;p_97;#=ew_69_215412;prefix=63250-;[0]=ew_0_1125672,MU07M,Historical,164.098,163.848,https://labbcat.canterbury.ac.nz/maonze/transcript?ag_id=1854#ew_0_1125672,0.25,250,5.521460918,,
3972,ia,g_370;em_12_36032;n_59857-n_59858;p_92;#=ew_69_214015;prefix=60958-;[0]=ew_0_239215,MU04M,Historical,212.041,211.791,https://labbcat.canterbury.ac.nz/maonze/transcript?ag_id=370#ew_0_239215,0.25,250,5.521460918,,
4167,ia,g_483;em_12_49624;n_71459-n_71460;p_121;#=ew_69_168303;prefix=18793-;[0]=ew_0_310876,K009M,PresentElder,196.586,196.336,https://labbcat.canterbury.ac.nz/maonze/transcript?ag_id=483#ew_0_310876,0.25,250,5.521460918,,
4321,ia,g_61;em_12_4228;n_34547-n_34548;p_32;#=ew_69_159310;prefix=10010-;[0]=ew_0_41993,K004M,PresentElder,175.458,175.208,https://labbcat.canterbury.ac.nz/maonze/transcript?ag_id=61#ew_0_41993,0.25,250,5.521460918,,
4371,ia,g_632;em_12_66161;n_85615-n_85616;p_143;#=ew_69_203394;prefix=51611-;[0]=ew_0_402015,L2Y02M,L2,228.993,228.743,https://labbcat.canterbury.ac.nz/maonze/transcript?ag_id=632#ew_0_402015,0.25,250,5.521460918,,
4404,ia,g_641;em_12_66911;n_86180-n_86181;p_145;#=ew_69_201509;prefix=49853-;[0]=ew_0_408526,L2Y01M,L2,46.988,46.738,https://labbcat.canterbury.ac.nz/maonze/transcript?ag_id=641#ew_0_408526,0.25,250,5.521460918,,
4499,ia,g_849;em_12_85454;n_100470-n_100471;p_167;#=ew_69_171431;prefix=20810-;[0]=ew_0_540921,L1H01M,L1,109.011,108.761,https://labbcat.canterbury.ac.nz/maonze/transcript?ag_id=849#ew_0_540921,0.25,250,5.521460918,,
4509,ia,g_853;em_12_85731;n_100737-n_100738;p_167;#=ew_69_171592;prefix=21394-;[0]=ew_0_543307,L1H01M,L1,144.7,144.45,https://labbcat.canterbury.ac.nz/maonze/transcript?ag_id=853#ew_0_543307,0.25,250,5.521460918,,
4575,ia,g_868;em_12_86812;n_101600-n_101601;p_168;#=ew_69_174050;prefix=23743-;[0]=ew_0_551843,L1H02M,L1,21.086,20.836,https://labbcat.canterbury.ac.nz/maonze/transcript?ag_id=868#ew_0_551843,0.25,250,5.521460918,,
4590,ia,g_877;em_12_87425;n_15023-n_102024;p_169;#=ew_69_175347;prefix=24763-;[0]=ew_0_555872,L1H03M,L1,125.758,125.508,https://labbcat.canterbury.ac.nz/maonze/transcript?ag_id=877#ew_0_555872,0.25,250,5.521460918,,
4608,ia,g_887;em_12_88172;n_102470-n_102471;p_169;#=ew_69_176044;prefix=25624-;[0]=ew_0_560243,L1H03M,L1,248.201,247.951,https://labbcat.canterbury.ac.nz/maonze/transcript?ag_id=887#ew_0_560243,0.25,250,5.521460918,,
4658,ia,g_900;em_12_88765;n_102979-n_102980;p_173;#=ew_69_177696;prefix=27106-;[0]=ew_0_566588,L1H04M,L1,88.789,88.539,https://labbcat.canterbury.ac.nz/maonze/transcript?ag_id=900#ew_0_566588,0.25,250,5.521460918,,
4677,ia,g_907;em_12_89140;n_103246-n_103247;p_173;#=ew_69_177316;prefix=26541-;[0]=ew_0_570017,L1H04M,L1,28.109,27.859,https://labbcat.canterbury.ac.nz/maonze/transcript?ag_id=907#ew_0_570017,0.25,250,5.521460918,,
4680,ia,g_908;em_12_89215;n_103268-n_29804;p_173;#=ew_69_177204;prefix=26528-;[0]=ew_0_570967,L1H04M,L1,244.107,243.857,https://labbcat.canterbury.ac.nz/maonze/transcript?ag_id=908#ew_0_570967,0.25,250,5.521460918,,
4739,ia,g_936;em_12_90996;n_104782-n_104783;p_179;#=ew_69_218468;prefix=65788-;[0]=ew_0_584224,R001M,PresentElder,192.38,192.13,https://labbcat.canterbury.ac.nz/maonze/transcript?ag_id=936#ew_0_584224,0.25,250,5.521460918,,
4779,ia,g_949;em_12_91754;n_6521885-n_105417;p_181;#=ew_69_220709;prefix=67696-;[0]=ew_0_591023,R002M,PresentElder,279.351,279.101,https://labbcat.canterbury.ac.nz/maonze/transcript?ag_id=949#ew_0_591023,0.25,250,5.521460918,,
4787,ia,g_954;em_12_91988;n_105609-n_105610;p_181;#=ew_69_221504;prefix=68175-;[0]=ew_0_594001,R002M,PresentElder,227.039,226.789,https://labbcat.canterbury.ac.nz/maonze/transcript?ag_id=954#ew_0_594001,0.25,250,5.521460918,,
4851,ia,g_977;em_12_93430;n_106642-n_16393;p_184;#=ew_69_224734;prefix=71573-;[0]=ew_0_606130,R004M,PresentElder,176.309,176.059,https://labbcat.canterbury.ac.nz/maonze/transcript?ag_id=977#ew_0_606130,0.25,250,5.521460918,,
4867,ia,g_980;em_12_93631;n_106773-n_106774;p_184;#=ew_69_224768;prefix=71997-;[0]=ew_0_607790,R004M,PresentElder,185.838,185.588,https://labbcat.canterbury.ac.nz/maonze/transcript?ag_id=980#ew_0_607790,0.25,250,5.521460918,,
4871,ia,g_983;em_12_93784;n_16507-n_106882;p_182;#=ew_69_225481;prefix=72422-;[0]=ew_0_609028,R005M,PresentElder,22.472,22.222,https://labbcat.canterbury.ac.nz/maonze/transcript?ag_id=983#ew_0_609028,0.25,250,5.521460918,,
4907,ia,g_99;em_12_162778;n_6282037-n_6282042;p_41;#=ew_69_163776;prefix=13180-;[0]=ew_0_1272640,K007M,PresentElder,288.683,288.433,https://labbcat.canterbury.ac.nz/maonze/transcript?ag_id=99#ew_0_1272640,0.25,250,5.521460918,,
4939,oa,g_101;em_12_7047;n_36891-n_36892;p_41;#=ew_69_162944;prefix=13578-;[0]=ew_0_69424,K007M,PresentElder,112.595,112.345,https://labbcat.canterbury.ac.nz/maonze/transcript?ag_id=101#ew_0_69424,0.25,250,5.521460918,,
4952,oa,g_1013;em_12_95630;n_108442-n_108443;p_188;#=ew_69_229884;prefix=76797-;[0]=ew_0_626476,R007M,PresentElder,136.463,136.213,https://labbcat.canterbury.ac.nz/maonze/transcript?ag_id=1013#ew_0_626476,0.25,250,5.521460918,,
4971,oa,g_1020;em_12_96024;n_6670120-n_108509;p_188;#=ew_69_230372;prefix=77396-;[0]=ew_0_629332,R007M,PresentElder,193.061,192.811,https://labbcat.canterbury.ac.nz/maonze/transcript?ag_id=1020#ew_0_629332,0.25,250,5.521460918,,
5012,oa,g_1030;em_12_96414;n_108767-n_108768;p_190;#=ew_69_233884;prefix=80058-;[0]=ew_0_635146,R009M,PresentElder,58.314,58.064,https://labbcat.canterbury.ac.nz/maonze/transcript?ag_id=1030#ew_0_635146,0.25,250,5.521460918,,
5074,oa,g_1051;em_12_97729;n_109557-n_109558;p_203;#=ew_69_241719;prefix=87789-;[0]=ew_0_648925,WU02M,Historical,101.692,101.442,https://labbcat.canterbury.ac.nz/maonze/transcript?ag_id=1051#ew_0_648925,0.25,250,5.521460918,,
5170,oa,g_12;em_12_949;n_31585-n_31586;p_28;#=ew_69_149672;prefix=00182-;[0]=ew_0_8395,K001M,PresentElder,269.883,269.633,https://labbcat.canterbury.ac.nz/maonze/transcript?ag_id=12#ew_0_8395,0.25,250,5.521460918,,
5216,oa,g_1236;em_12_111191;n_6973090-n_21445;p_249;#=ew_69_180417;prefix=29994-;[0]=ew_0_742940,L1H06M,L1,54.844,54.594,https://labbcat.canterbury.ac.nz/maonze/transcript?ag_id=1236#ew_0_742940,0.25,250,5.521460918,,
5224,oa,g_1242;em_12_160288;n_5825649-n_5825666;p_249;#=ew_69_181427;prefix=30691-;[0]=ew_0_1227621,L1H06M,L1,229.214,228.964,https://labbcat.canterbury.ac.nz/maonze/transcript?ag_id=1242#ew_0_1227621,0.25,250,5.521460918,,
5247,oa,g_1372;em_12_118267;n_123814-n_123815;p_287;#=ew_69_227844;prefix=74756-;[0]=ew_0_814292,R006M,PresentElder,141.027,140.777,https://labbcat.canterbury.ac.nz/maonze/transcript?ag_id=1372#ew_0_814292,0.25,250,5.521460918,,
5343,oa,g_1525;em_12_126180;n_130206-n_130207;p_287;#=ew_69_228616;prefix=75471-;[0]=ew_0_887934,R006M,PresentElder,35.146,34.896,https://labbcat.canterbury.ac.nz/maonze/transcript?ag_id=1525#ew_0_887934,0.25,250,5.521460918,,
5361,oa,g_1528;em_12_126302;n_130315-n_130316;p_287;#=ew_69_229333;prefix=76000-;[0]=ew_0_889821,R006M,PresentElder,9.931,9.681,https://labbcat.canterbury.ac.nz/maonze/transcript?ag_id=1528#ew_0_889821,0.25,250,5.521460918,,
5380,oa,g_1617;em_12_131734;n_134230-n_134231;p_299;#=ew_69_192165;prefix=40497-;[0]=ew_0_932807,L2H01M,L2,134.283,134.033,https://labbcat.canterbury.ac.nz/maonze/transcript?ag_id=1617#ew_0_932807,0.25,250,5.521460918,,
5402,oa,g_1623;em_12_132181;n_134579-n_134580;p_299;#=ew_69_192562;prefix=41208-;[0]=ew_0_936086,L2H01M,L2,139.513,139.263,https://labbcat.canterbury.ac.nz/maonze/transcript?ag_id=1623#ew_0_936086,0.25,250,5.521460918,,
5530,oa,g_1689;em_12_136119;n_137580-n_137581;p_307;#=ew_69_200327;prefix=48898-;[0]=ew_0_1277311,L2H05M,L2,70.721,70.471,https://labbcat.canterbury.ac.nz/maonze/transcript?ag_id=1689#ew_0_1277311,0.25,250,5.521460918,,
5555,oa,g_1752;em_12_140079;n_140735-n_140736;p_318;#=ew_69_231824;prefix=78325-;[0]=ew_0_1003902,R008M,PresentElder,238.04,237.79,https://labbcat.canterbury.ac.nz/maonze/transcript?ag_id=1752#ew_0_1003902,0.25,250,5.521460918,,
5627,oa,g_1883;em_12_155045;n_5259007-n_5259016;p_334;#=ew_69_237051;prefix=83362-;[0]=ew_0_1170812,R011M,PresentElder,156.154,155.904,https://labbcat.canterbury.ac.nz/maonze/transcript?ag_id=1883#ew_0_1170812,0.25,250,5.521460918,,
5663,oa,g_1897;em_12_155983;n_5274608-n_5274631;p_333;#=ew_69_238838;prefix=84834-;[0]=ew_0_1182657,R012M,PresentElder,273.833,273.583,https://labbcat.canterbury.ac.nz/maonze/transcript?ag_id=1897#ew_0_1182657,0.25,250,5.521460918,,
5670,oa,g_1899;em_12_156119;n_5276279-n_5276290;p_333;#=ew_69_238131;prefix=85018-;[0]=ew_0_1184436,R012M,PresentElder,206.213,205.963,https://labbcat.canterbury.ac.nz/maonze/transcript?ag_id=1899#ew_0_1184436,0.25,250,5.521460918,,
5870,oa,g_320;em_12_31350;n_55947-n_55948;p_89;#=ew_69_188248;prefix=37104-;[0]=ew_0_214393,L1Y04M,L1,80.426,80.176,https://labbcat.canterbury.ac.nz/maonze/transcript?ag_id=320#ew_0_214393,0.25,250,5.521460918,,
5940,oa,g_365;em_12_35318;n_59158-n_59159;p_92;#=ew_69_212905;prefix=60051-;[0]=ew_0_236266,MU04M,Historical,203.431,203.181,https://labbcat.canterbury.ac.nz/maonze/transcript?ag_id=365#ew_0_236266,0.25,250,5.521460918,,
5960,oa,g_369;em_12_35902;n_59728-n_59729;p_92;#=ew_69_213087;prefix=60674-;[0]=ew_0_238368,MU04M,Historical,171.208,170.958,https://labbcat.canterbury.ac.nz/maonze/transcript?ag_id=369#ew_0_238368,0.25,250,5.521460918,,
6020,oa,g_445;em_12_45960;n_68461-n_68462;p_110;#=ew_69_155423;prefix=05493-;[0]=ew_0_286270,K003M,PresentElder,68.41,68.16,https://labbcat.canterbury.ac.nz/maonze/transcript?ag_id=445#ew_0_286270,0.25,250,5.521460918,,
6024,oa,g_446;em_12_46144;n_68636-n_68637;p_110;#=ew_69_156185;prefix=05956-;[0]=ew_0_287689,K003M,PresentElder,341.166,340.916,https://labbcat.canterbury.ac.nz/maonze/transcript?ag_id=446#ew_0_287689,0.25,250,5.521460918,,
6026,oa,g_446;em_12_46153;n_68645-n_68646;p_110;#=ew_69_156208;prefix=05979-;[0]=ew_0_287767,K003M,PresentElder,376.559,376.309,https://labbcat.canterbury.ac.nz/maonze/transcript?ag_id=446#ew_0_287767,0.25,250,5.521460918,,
6116,oa,g_493;em_12_50939;n_72449-n_72450;p_122;#=ew_69_169626;prefix=20094-;[0]=ew_0_317356,K010M,PresentElder,219.08,218.83,https://labbcat.canterbury.ac.nz/maonze/transcript?ag_id=493#ew_0_317356,0.25,250,5.521460918,,
6200,oa,g_609;em_12_161089;n_6052235-n_6052240;p_142;#=ew_69_181554;prefix=30887-;[0]=ew_0_1243939,L1Y01M,L1,99.024,98.774,https://labbcat.canterbury.ac.nz/maonze/transcript?ag_id=609#ew_0_1243939,0.25,250,5.521460918,,
6208,oa,g_610;em_12_64696;n_84264-n_84265;p_142;#=ew_69_182133;prefix=31057-;[0]=ew_0_389036,L1Y01M,L1,143.997,143.747,https://labbcat.canterbury.ac.nz/maonze/transcript?ag_id=610#ew_0_389036,0.25,250,5.521460918,,
6218,oa,g_616;em_12_64967;n_84527-n_84528;p_142;#=ew_69_182410;prefix=31735-;[0]=ew_0_391826,L1Y01M,L1,102.529,102.279,https://labbcat.canterbury.ac.nz/maonze/transcript?ag_id=616#ew_0_391826,0.25,250,5.521460918,,
6270,oa,g_633;em_12_66236;n_85685-n_85686;p_143;#=ew_69_202797;prefix=51737-;[0]=ew_0_402600,L2Y02M,L2,68.618,68.368,https://labbcat.canterbury.ac.nz/maonze/transcript?ag_id=633#ew_0_402600,0.25,250,5.521460918,,
6273,oa,g_633;em_12_66280;n_85729-n_85730;p_143;#=ew_69_203088;prefix=51851-;[0]=ew_0_402992,L2Y02M,L2,198.646,198.396,https://labbcat.canterbury.ac.nz/maonze/transcript?ag_id=633#ew_0_402992,0.25,250,5.521460918,,
6374,oa,g_854;em_12_85799;n_100803-n_100804;p_167;#=ew_69_171738;prefix=21529-;[0]=ew_0_543850,L1H01M,L1,107.891,107.641,https://labbcat.canterbury.ac.nz/maonze/transcript?ag_id=854#ew_0_543850,0.25,250,5.521460918,,
6404,oa,g_865;em_12_86577;n_101437-n_101438;p_168;#=ew_69_173524;prefix=23244-;[0]=ew_0_549934,L1H02M,L1,90.705,90.455,https://labbcat.canterbury.ac.nz/maonze/transcript?ag_id=865#ew_0_549934,0.25,250,5.521460918,,
6426,oa,g_872;em_12_87130;n_101797-n_101798;p_168;#=ew_69_173912;prefix=24297-;[0]=ew_0_554025,L1H02M,L1,11.025,10.775,https://labbcat.canterbury.ac.nz/maonze/transcript?ag_id=872#ew_0_554025,0.25,250,5.521460918,,
6531,oa,g_929;em_12_90536;n_104353-n_104354;p_179;#=ew_69_216928;prefix=65125-;[0]=ew_0_581721,R001M,PresentElder,60.614,60.364,https://labbcat.canterbury.ac.nz/maonze/transcript?ag_id=929#ew_0_581721,0.25,250,5.521460918,,
6536,oa,g_930;em_12_90605;n_104420-n_104421;p_179;#=ew_69_217955;prefix=65217-;[0]=ew_0_582061,R001M,PresentElder,47.089,46.839,https://labbcat.canterbury.ac.nz/maonze/transcript?ag_id=930#ew_0_582061,0.25,250,5.521460918,,
6808,ua,g_1025;em_12_96204;n_17165-n_108639;p_190;#=ew_69_232443;prefix=79318-;[0]=ew_0_632204,R009M,PresentElder,159.377,159.127,https://labbcat.canterbury.ac.nz/maonze/transcript?ag_id=1025#ew_0_632204,0.25,250,5.521460918,,
7034,ua,g_1072;em_12_99599;n_110813-n_110814;p_206;#=ew_69_245829;prefix=91372-;[0]=ew_0_660391,WU06M,Historical,61.665,61.415,https://labbcat.canterbury.ac.nz/maonze/transcript?ag_id=1072#ew_0_660391,0.25,250,5.521460918,,
7078,ua,g_1077;em_12_99840;n_111032-n_111033;p_208;#=ew_69_246344;prefix=92006-;[0]=ew_0_662862,WU07M,Historical,21.897,21.647,https://labbcat.canterbury.ac.nz/maonze/transcript?ag_id=1077#ew_0_662862,0.25,250,5.521460918,,
7109,ua,g_1081;em_12_100089;n_111231-n_111232;p_208;#=ew_69_247011;prefix=92468-;[0]=ew_0_664896,WU07M,Historical,129.94,129.69,https://labbcat.canterbury.ac.nz/maonze/transcript?ag_id=1081#ew_0_664896,0.25,250,5.521460918,,
7236,ua,g_116;em_12_8373;n_4017051-n_37932;p_43;#=ew_69_211992;prefix=59082-;[0]=ew_0_81117,MU02M,Historical,237.519,237.269,https://labbcat.canterbury.ac.nz/maonze/transcript?ag_id=116#ew_0_81117,0.25,250,5.521460918,,
7502,ua,g_1383;em_12_118886;n_124386-n_124387;p_262;#=ew_69_248463;prefix=93998-;[0]=ew_0_820262,WU08M,Historical,153.317,153.067,https://labbcat.canterbury.ac.nz/maonze/transcript?ag_id=1383#ew_0_820262,0.25,250,5.521460918,,
7530,ua,g_1391;em_12_151906;n_4711940-n_4711945;p_262;#=ew_69_249100;prefix=95019-;[0]=ew_0_1134475,WU08M,Historical,124.572,124.322,https://labbcat.canterbury.ac.nz/maonze/transcript?ag_id=1391#ew_0_1134475,0.25,250,5.521460918,,
7689,ua,g_1536;em_12_126743;n_25531-n_25532;p_200;#=ew_69_216271;prefix=63594-;[0]=ew_0_894145,MU08M,Historical,56.986,56.736,https://labbcat.canterbury.ac.nz/maonze/transcript?ag_id=1536#ew_0_894145,0.25,250,5.521460918,,
7769,ua,g_1624;em_12_132236;n_134616-n_26896;p_299;#=ew_69_193005;prefix=41296-;[0]=ew_0_936439,L2H01M,L2,68.169,67.919,https://labbcat.canterbury.ac.nz/maonze/transcript?ag_id=1624#ew_0_936439,0.25,250,5.521460918,,
7771,ua,g_1624;em_12_132258;n_134632-n_134633;p_299;#=ew_69_193121;prefix=41344-;[0]=ew_0_936641,L2H01M,L2,163.722,163.472,https://labbcat.canterbury.ac.nz/maonze/transcript?ag_id=1624#ew_0_936641,0.25,250,5.521460918,,
7839,ua,g_1638;em_12_133092;n_135317-n_135318;p_288;#=ew_69_196032;prefix=44594-;[0]=ew_0_941788,L2H03M,L2,242.368,242.118,https://labbcat.canterbury.ac.nz/maonze/transcript?ag_id=1638#ew_0_941788,0.25,250,5.521460918,,
7843,ua,g_1639;em_12_133139;n_135357-n_135358;p_288;#=ew_69_196782;prefix=44696-;[0]=ew_0_942175,L2H03M,L2,167.919,167.669,https://labbcat.canterbury.ac.nz/maonze/transcript?ag_id=1639#ew_0_942175,0.25,250,5.521460918,,
7972,ua,g_1662;em_12_134624;n_27423-n_136477;p_302;#=ew_69_197039;prefix=45705-;[0]=ew_0_953089,L2H04M,L2,54.674,54.424,https://labbcat.canterbury.ac.nz/maonze/transcript?ag_id=1662#ew_0_953089,0.25,250,5.521460918,,
8031,ua,g_1670;em_12_135003;n_136797-n_136798;p_302;#=ew_69_198263;prefix=46978-;[0]=ew_0_957670,L2H04M,L2,203.755,203.505,https://labbcat.canterbury.ac.nz/maonze/transcript?ag_id=1670#ew_0_957670,0.25,250,5.521460918,,
8091,ua,g_1689;em_12_136117;n_137578-n_137579;p_307;#=ew_69_200320;prefix=48891-;[0]=ew_0_1277425,L2H05M,L2,62.072,61.822,https://labbcat.canterbury.ac.nz/maonze/transcript?ag_id=1689#ew_0_1277425,0.25,250,5.521460918,,
8097,ua,g_1746;em_12_139611;n_140324-n_140325;p_318;#=ew_69_231056;prefix=77630-;[0]=ew_0_1001412,R008M,PresentElder,111.976,111.726,https://labbcat.canterbury.ac.nz/maonze/transcript?ag_id=1746#ew_0_1001412,0.25,250,5.521460918,,
8098,ua,g_1746;em_12_139611;n_140324-n_140325;p_318;#=ew_69_231057;prefix=77631-;[0]=ew_0_1001414,R008M,PresentElder,112.756,112.506,https://labbcat.canterbury.ac.nz/maonze/transcript?ag_id=1746#ew_0_1001414,0.25,250,5.521460918,,
8128,ua,g_1750;em_12_139896;n_140573-n_140574;p_318;#=ew_69_231507;prefix=78021-;[0]=ew_0_1002892,R008M,PresentElder,100.445,100.195,https://labbcat.canterbury.ac.nz/maonze/transcript?ag_id=1750#ew_0_1002892,0.25,250,5.521460918,,
8193,ua,g_1845;em_12_149328;n_3852077-n_3852093;p_49;#=ew_69_205072;prefix=53117-;[0]=ew_0_1104669,L2Y03M,L2,288.959,288.709,https://labbcat.canterbury.ac.nz/maonze/transcript?ag_id=1845#ew_0_1104669,0.25,250,5.521460918,,
8206,ua,g_1847;em_12_149441;n_3853655-n_3853674;p_49;#=ew_69_205532;prefix=53381-;[0]=ew_0_1106016,L2Y03M,L2,242.477,242.227,https://labbcat.canterbury.ac.nz/maonze/transcript?ag_id=1847#ew_0_1106016,0.25,250,5.521460918,,
8222,ua,g_1853;em_12_150429;n_4569410-n_4569430;p_148;#=ew_69_208095;prefix=55990-;[0]=ew_0_1124974,L2Y05M,L2,267.522,267.272,https://labbcat.canterbury.ac.nz/maonze/transcript?ag_id=1853#ew_0_1124974,0.25,250,5.521460918,,
8387,ua,g_1909;em_12_156866;n_5285998-n_5286026;p_333;#=ew_69_241178;prefix=86522-;[0]=ew_0_1192028,R012M,PresentElder,306.666,306.416,https://labbcat.canterbury.ac.nz/maonze/transcript?ag_id=1909#ew_0_1192028,0.25,250,5.521460918,,
8496,ua,g_1946;em_12_165963;n_6849595-n_6849618;p_121;#=ew_69_167683;prefix=17255-;[0]=ew_0_1298523,K009M,PresentElder,146.632,146.382,https://labbcat.canterbury.ac.nz/maonze/transcript?ag_id=1946#ew_0_1298523,0.25,250,5.521460918,,
8503,ua,g_1946;em_12_165993;n_6849348-n_6849360;p_121;#=ew_69_167455;prefix=17147-;[0]=ew_0_1298387,K009M,PresentElder,63.616,63.366,https://labbcat.canterbury.ac.nz/maonze/transcript?ag_id=1946#ew_0_1298387,0.25,250,5.521460918,,
8735,ua,g_334;em_12_33269;n_5984-n_57523;p_85;#=ew_69_184903;prefix=34152-;[0]=ew_0_221247,L1Y02M,L1,5.11,4.86,https://labbcat.canterbury.ac.nz/maonze/transcript?ag_id=334#ew_0_221247,0.25,250,5.521460918,,
8751,ua,g_338;em_12_33398;n_57623-n_7087713;p_85;#=ew_69_185164;prefix=34330-;[0]=ew_0_222888,L1Y02M,L1,36.628,36.378,https://labbcat.canterbury.ac.nz/maonze/transcript?ag_id=338#ew_0_222888,0.25,250,5.521460918,,
8787,ua,g_343;em_12_33559;n_57760-n_57761;p_85;#=ew_69_185432;prefix=34598-;[0]=ew_0_225115,L1Y02M,L1,139.534,139.284,https://labbcat.canterbury.ac.nz/maonze/transcript?ag_id=343#ew_0_225115,0.25,250,5.521460918,,
8911,ua,g_385;em_12_39041;n_4610324-n_62838;p_95;#=ew_69_215299;prefix=62621-;[0]=ew_0_248170,MU06M,Historical,228.427,228.177,https://labbcat.canterbury.ac.nz/maonze/transcript?ag_id=385#ew_0_248170,0.25,250,5.521460918,,
8916,ua,g_386;em_12_39192;n_62987-n_62988;p_95;#=ew_69_215699;prefix=62770-;[0]=ew_0_248708,MU06M,Historical,81.15,80.9,https://labbcat.canterbury.ac.nz/maonze/transcript?ag_id=386#ew_0_248708,0.25,250,5.521460918,,
9062,ua,g_468;em_12_48391;n_6953681-n_70394;p_120;#=ew_69_166243;prefix=16280-;[0]=ew_0_1091210,K008M,PresentElder,194.484,194.234,https://labbcat.canterbury.ac.nz/maonze/transcript?ag_id=468#ew_0_1091210,0.25,250,5.521460918,,
9417,ua,g_616;em_12_64952;n_84514-n_10396;p_142;#=ew_69_182386;prefix=31713-;[0]=ew_0_391684,L1Y01M,L1,46.83,46.58,https://labbcat.canterbury.ac.nz/maonze/transcript?ag_id=616#ew_0_391684,0.25,250,5.521460918,,
9570,ua,g_636;em_12_66561;n_85950-n_85951;p_145;#=ew_69_201447;prefix=49237-;[0]=ew_0_405199,L2Y01M,L2,201.204,200.954,https://labbcat.canterbury.ac.nz/maonze/transcript?ag_id=636#ew_0_405199,0.25,250,5.521460918,,
9579,ua,g_637;em_12_66646;n_86006-n_86007;p_145;#=ew_69_201052;prefix=49369-;[0]=ew_0_405837,L2Y01M,L2,161.688,161.438,https://labbcat.canterbury.ac.nz/maonze/transcript?ag_id=637#ew_0_405837,0.25,250,5.521460918,,
9655,ua,g_656;em_12_69149;n_88109-n_88110;p_146;#=ew_69_206655;prefix=54435-;[0]=ew_0_417122,L2Y04M,L2,137.933,137.683,https://labbcat.canterbury.ac.nz/maonze/transcript?ag_id=656#ew_0_417122,0.25,250,5.521460918,,
9724,ua,g_669;em_12_70615;n_11161-n_89398;p_148;#=ew_69_208672;prefix=56215-;[0]=ew_0_424070,L2Y05M,L2,5.17,4.92,https://labbcat.canterbury.ac.nz/maonze/transcript?ag_id=669#ew_0_424070,0.25,250,5.521460918,,
9833,ua,g_849;em_12_85473;n_100489-n_100490;p_167;#=ew_69_171483;prefix=20861-;[0]=ew_0_541121,L1H01M,L1,190.515,190.265,https://labbcat.canterbury.ac.nz/maonze/transcript?ag_id=849#ew_0_541121,0.25,250,5.521460918,,
9851,ua,g_853;em_12_85710;n_100716-n_100717;p_167;#=ew_69_171543;prefix=21345-;[0]=ew_0_543143,L1H01M,L1,70.809,70.559,https://labbcat.canterbury.ac.nz/maonze/transcript?ag_id=853#ew_0_543143,0.25,250,5.521460918,,
9881,ua,g_861;em_12_86293;n_101232-n_101233;p_168;#=ew_69_173323;prefix=22614-;[0]=ew_0_547554,L1H02M,L1,164.49,164.24,https://labbcat.canterbury.ac.nz/maonze/transcript?ag_id=861#ew_0_547554,0.25,250,5.521460918,,
9885,ua,g_861;em_12_86305;n_101238-n_101239;p_168;#=ew_69_173401;prefix=22655-;[0]=ew_0_547717,L1H02M,L1,227.149,226.899,https://labbcat.canterbury.ac.nz/maonze/transcript?ag_id=861#ew_0_547717,0.25,250,5.521460918,,
9905,ua,g_864;em_12_86491;n_101368-n_101369;p_168;#=ew_69_173673;prefix=23023-;[0]=ew_0_549220,L1H02M,L1,57.273,57.023,https://labbcat.canterbury.ac.nz/maonze/transcript?ag_id=864#ew_0_549220,0.25,250,5.521460918,,
9948,ua,g_868;em_12_86852;n_101623-n_14860;p_168;#=ew_69_174134;prefix=23803-;[0]=ew_0_552103,L1H02M,L1,132.401,132.151,https://labbcat.canterbury.ac.nz/maonze/transcript?ag_id=868#ew_0_552103,0.25,250,5.521460918,,
9987,ua,g_876;em_12_87340;n_101967-n_101968;p_169;#=ew_69_175127;prefix=24621-;[0]=ew_0_555402,L1H03M,L1,110.981,110.731,https://labbcat.canterbury.ac.nz/maonze/transcript?ag_id=876#ew_0_555402,0.25,250,5.521460918,,
10018,ua,g_881;em_12_87732;n_102209-n_102210;p_169;#=ew_69_175179;prefix=25099-;[0]=ew_0_557687,L1H03M,L1,197.18,196.93,https://labbcat.canterbury.ac.nz/maonze/transcript?ag_id=881#ew_0_557687,0.25,250,5.521460918,,
10071,ua,g_893;em_12_88409;n_102675-n_102676;p_174;#=ew_69_179485;prefix=28517-;[0]=ew_0_562723,L1H05M,L1,103.192,102.942,https://labbcat.canterbury.ac.nz/maonze/transcript?ag_id=893#ew_0_562723,0.25,250,5.521460918,,
10452,ua,g_956;em_12_92055;n_105662-n_105663;p_181;#=ew_69_221039;prefix=68450-;[0]=ew_0_594916,R002M,PresentElder,119.138,118.888,https://labbcat.canterbury.ac.nz/maonze/transcript?ag_id=956#ew_0_594916,0.25,250,5.521460918,,
10545,ua,g_971;em_12_92929;n_106305-n_106306;p_184;#=ew_69_223546;prefix=70550-;[0]=ew_0_602459,R004M,PresentElder,68.42,68.17,https://labbcat.canterbury.ac.nz/maonze/transcript?ag_id=971#ew_0_602459,0.25,250,5.521460918,,
56,ea,g_102;em_12_162994;n_6286078-n_6286081;p_41;#=ew_69_163745;prefix=13925-;[0]=ew_0_1274803,K007M,PresentElder,215.943,215.703,https://labbcat.canterbury.ac.nz/maonze/transcript?ag_id=102#ew_0_1274803,0.24,240,5.480638923,,
197,ea,g_106;em_12_7310;n_37144-n_37145;p_41;#=ew_69_164047;prefix=14556-;[0]=ew_0_73214,K007M,PresentElder,195.329,195.089,https://labbcat.canterbury.ac.nz/maonze/transcript?ag_id=106#ew_0_73214,0.24,240,5.480638923,,
300,ea,g_11;em_12_859;n_31505-n_31506;p_28;#=ew_69_149404;prefix=00433-;[0]=ew_0_7636,K001M,PresentElder,301.503,301.263,https://labbcat.canterbury.ac.nz/maonze/transcript?ag_id=11#ew_0_7636,0.24,240,5.480638923,,
675,ea,g_1625;em_12_132334;n_134679-n_134680;p_299;#=ew_69_192513;prefix=41447-;[0]=ew_0_937154,L2H01M,L2,184.055,183.815,https://labbcat.canterbury.ac.nz/maonze/transcript?ag_id=1625#ew_0_937154,0.24,240,5.480638923,,
731,ea,g_1647;em_12_133582;n_135761-n_135762;p_300;#=ew_69_193331;prefix=42220-;[0]=ew_0_945683,L2H02M,L2,76.058,75.818,https://labbcat.canterbury.ac.nz/maonze/transcript?ag_id=1647#ew_0_945683,0.24,240,5.480638923,,
766,ea,g_1654;em_12_134235;n_136225-n_136226;p_300;#=ew_69_194747;prefix=43257-;[0]=ew_0_949690,L2H02M,L2,175.3,175.06,https://labbcat.canterbury.ac.nz/maonze/transcript?ag_id=1654#ew_0_949690,0.24,240,5.480638923,,
941,ea,g_1839;em_12_148917;n_3846639-n_3846654;p_49;#=ew_69_204119;prefix=52222-;[0]=ew_0_1100060,L2Y03M,L2,166.507,166.267,https://labbcat.canterbury.ac.nz/maonze/transcript?ag_id=1839#ew_0_1100060,0.24,240,5.480638923,,
983,ea,g_1845;em_12_149324;n_3852017-n_3852035;p_49;#=ew_69_205060;prefix=53105-;[0]=ew_0_1104610,L2Y03M,L2,264.252,264.012,https://labbcat.canterbury.ac.nz/maonze/transcript?ag_id=1845#ew_0_1104610,0.24,240,5.480638923,,
1154,ea,g_1923;em_12_163406;n_6538604-n_6538617;p_181;#=ew_69_221077;prefix=68602-;[0]=ew_0_1279435,R002M,PresentElder,199.572,199.332,https://labbcat.canterbury.ac.nz/maonze/transcript?ag_id=1923#ew_0_1279435,0.24,240,5.480638923,,
1368,ea,g_318;em_12_161530;n_3956237-n_6130259;p_89;#=ew_69_188005;prefix=36919-;[0]=ew_0_1254858,L1Y04M,L1,238.413,238.173,https://labbcat.canterbury.ac.nz/maonze/transcript?ag_id=318#ew_0_1254858,0.24,240,5.480638923,,
1376,ea,g_319;em_12_31264;n_55867-n_55869;p_89;#=ew_69_188033;prefix=37057-;[0]=ew_0_214103,L1Y04M,L1,238.092,237.852,https://labbcat.canterbury.ac.nz/maonze/transcript?ag_id=319#ew_0_214103,0.24,240,5.480638923,,
1391,ea,g_321;em_12_31646;n_56223-n_56224;p_89;#=ew_69_188142;prefix=37327-;[0]=ew_0_215247,L1Y04M,L1,166.115,165.875,https://labbcat.canterbury.ac.nz/maonze/transcript?ag_id=321#ew_0_215247,0.24,240,5.480638923,,
1552,ea,g_378;em_12_37436;n_61239-n_61241;p_94;#=ew_69_214541;prefix=61922-;[0]=ew_0_1235178,MU05M,Historical,66.938,66.698,https://labbcat.canterbury.ac.nz/maonze/transcript?ag_id=378#ew_0_1235178,0.24,240,5.480638923,,
1577,ea,g_41;em_12_3296;n_33665-n_33666;p_276;#=ew_69_242449;prefix=88490-;[0]=ew_0_27515,WU03M,Historical,95.861,95.621,https://labbcat.canterbury.ac.nz/maonze/transcript?ag_id=41#ew_0_27515,0.24,240,5.480638923,,
1867,ea,g_597;em_12_63879;n_83479-n_83480;p_140;#=ew_69_189345;prefix=38335-;[0]=ew_0_380806,L1Y05M,L1,134.995,134.755,https://labbcat.canterbury.ac.nz/maonze/transcript?ag_id=597#ew_0_380806,0.24,240,5.480638923,,
2341,ea,g_867;em_12_86781;n_101582-n_14833;p_168;#=ew_69_174760;prefix=23651-;[0]=ew_0_551609,L1H02M,L1,238.553,238.313,https://labbcat.canterbury.ac.nz/maonze/transcript?ag_id=867#ew_0_551609,0.24,240,5.480638923,,
2392,ea,g_887;em_12_88155;n_102453-n_102454;p_169;#=ew_69_176013;prefix=25593-;[0]=ew_0_560124,L1H03M,L1,196.048,195.808,https://labbcat.canterbury.ac.nz/maonze/transcript?ag_id=887#ew_0_560124,0.24,240,5.480638923,,
2471,ea,g_901;em_12_88850;n_15414-n_103047;p_173;#=ew_69_177213;prefix=26864-;[0]=ew_0_567284,L1H04M,L1,164.466,164.226,https://labbcat.canterbury.ac.nz/maonze/transcript?ag_id=901#ew_0_567284,0.24,240,5.480638923,,
2561,ea,g_939;em_12_91232;n_104999-n_105000;p_179;#=ew_69_219102;prefix=66302-;[0]=ew_0_586010,R001M,PresentElder,140.935,140.695,https://labbcat.canterbury.ac.nz/maonze/transcript?ag_id=939#ew_0_586010,0.24,240,5.480638923,,
2579,ea,g_943;em_12_91518;n_105209-n_105210;p_179;#=ew_69_219559;prefix=66902-;[0]=ew_0_588128,R001M,PresentElder,173.072,172.832,https://labbcat.canterbury.ac.nz/maonze/transcript?ag_id=943#ew_0_588128,0.24,240,5.480638923,,
2943,ia,g_1029;em_12_96387;n_108748-n_108749;p_190;#=ew_69_233669;prefix=79948-;[0]=ew_0_634779,R009M,PresentElder,153.294,153.054,https://labbcat.canterbury.ac.nz/maonze/transcript?ag_id=1029#ew_0_634779,0.24,240,5.480638923,,
3168,ia,g_116;em_12_8440;n_37998-n_37999;p_43;#=ew_69_212182;prefix=59258-;[0]=ew_0_81776,MU02M,Historical,492.883,492.643,https://labbcat.canterbury.ac.nz/maonze/transcript?ag_id=116#ew_0_81776,0.24,240,5.480638923,,
3189,ia,g_1199;em_12_108583;n_117390-n_117391;p_244;#=ew_69_243474;prefix=88982-;[0]=ew_0_723992,WU04M,Historical,218.918,218.678,https://labbcat.canterbury.ac.nz/maonze/transcript?ag_id=1199#ew_0_723992,0.24,240,5.480638923,,
3250,ia,g_1235;em_12_111171;n_119190-n_5825246;p_249;#=ew_69_180957;prefix=29955-;[0]=ew_0_1227571,L1H06M,L1,245.119,244.879,https://labbcat.canterbury.ac.nz/maonze/transcript?ag_id=1235#ew_0_1227571,0.24,240,5.480638923,,
3356,ia,g_1518;em_12_125878;n_129942-n_129943;p_287;#=ew_69_228052;prefix=74296-;[0]=ew_0_884331,R006M,PresentElder,306.363,306.123,https://labbcat.canterbury.ac.nz/maonze/transcript?ag_id=1518#ew_0_884331,0.24,240,5.480638923,,
3719,ia,g_1908;em_12_156810;n_5284625-n_5284646;p_333;#=ew_69_241134;prefix=86344-;[0]=ew_0_1191431,R012M,PresentElder,207.232,206.992,https://labbcat.canterbury.ac.nz/maonze/transcript?ag_id=1908#ew_0_1191431,0.24,240,5.480638923,,
3851,ia,g_305;em_12_162441;n_6241003-n_6241005;p_81;#=ew_69_186766;prefix=35141-;[0]=ew_0_1265339,L1Y03M,L1,247.244,247.004,https://labbcat.canterbury.ac.nz/maonze/transcript?ag_id=305#ew_0_1265339,0.24,240,5.480638923,,
3984,ia,g_374;em_12_150178;n_60641-n_4459383;p_92;#=ew_69_213589;prefix=61451-;[0]=ew_0_1123327,MU04M,Historical,265.728,265.488,https://labbcat.canterbury.ac.nz/maonze/transcript?ag_id=374#ew_0_1123327,0.24,240,5.480638923,,
4376,ia,g_632;em_12_66188;n_85640-n_85641;p_143;#=ew_69_203448;prefix=51654-;[0]=ew_0_1250778,L2Y02M,L2,300.051,299.811,https://labbcat.canterbury.ac.nz/maonze/transcript?ag_id=632#ew_0_1250778,0.24,240,5.480638923,,
4557,ia,g_864;em_12_86543;n_101408-n_101409;p_168;#=ew_69_173809;prefix=23120-;[0]=ew_0_549645,L1H02M,L1,222.828,222.588,https://labbcat.canterbury.ac.nz/maonze/transcript?ag_id=864#ew_0_549645,0.24,240,5.480638923,,
4804,ia,g_960;em_12_92276;n_105860-n_6552885;p_183;#=ew_69_222523;prefix=69158-;[0]=ew_0_596905,R003M,PresentElder,208.072,207.832,https://labbcat.canterbury.ac.nz/maonze/transcript?ag_id=960#ew_0_596905,0.24,240,5.480638923,,
4940,oa,g_101;em_12_7047;n_36891-n_36892;p_41;#=ew_69_162945;prefix=13579-;[0]=ew_0_69427,K007M,PresentElder,113.855,113.615,https://labbcat.canterbury.ac.nz/maonze/transcript?ag_id=101#ew_0_69427,0.24,240,5.480638923,,
4957,oa,g_1016;em_12_95845;n_16958-n_16959;p_188;#=ew_69_230603;prefix=77040-;[0]=ew_0_627798,R007M,PresentElder,191.097,190.857,https://labbcat.canterbury.ac.nz/maonze/transcript?ag_id=1016#ew_0_627798,0.24,240,5.480638923,,
4967,oa,g_1020;em_12_163664;n_6670056-n_6670062;p_188;#=ew_69_230319;prefix=77371-;[0]=ew_0_1281689,R007M,PresentElder,124.739,124.499,https://labbcat.canterbury.ac.nz/maonze/transcript?ag_id=1020#ew_0_1281689,0.24,240,5.480638923,,
4986,oa,g_1024;em_12_96163;n_17152-n_17153;p_190;#=ew_69_233221;prefix=79173-;[0]=ew_0_631531,R009M,PresentElder,162.639,162.399,https://labbcat.canterbury.ac.nz/maonze/transcript?ag_id=1024#ew_0_631531,0.24,240,5.480638923,,
5273,oa,g_1389;em_12_119079;n_124556-n_124557;p_262;#=ew_69_249122;prefix=94707-;[0]=ew_0_822964,WU08M,Historical,88.688,88.448,https://labbcat.canterbury.ac.nz/maonze/transcript?ag_id=1389#ew_0_822964,0.24,240,5.480638923,,
5316,oa,g_1518;em_12_125847;n_129915-n_129916;p_287;#=ew_69_227875;prefix=74190-;[0]=ew_0_883932,R006M,PresentElder,141.882,141.642,https://labbcat.canterbury.ac.nz/maonze/transcript?ag_id=1518#ew_0_883932,0.24,240,5.480638923,,
5358,oa,g_1527;em_12_126284;n_130298-n_130299;p_287;#=ew_69_229204;prefix=75916-;[0]=ew_0_889514,R006M,PresentElder,188.261,188.021,https://labbcat.canterbury.ac.nz/maonze/transcript?ag_id=1527#ew_0_889514,0.24,240,5.480638923,,
5497,oa,g_1671;em_12_135024;n_136816-n_136817;p_302;#=ew_69_198793;prefix=47043-;[0]=ew_0_1277055,L2H04M,L2,113.932,113.692,https://labbcat.canterbury.ac.nz/maonze/transcript?ag_id=1671#ew_0_1277055,0.24,240,5.480638923,,
5498,oa,g_1671;em_12_163206;n_6399659-n_6399668;p_302;#=ew_69_198841;prefix=47085-;[0]=ew_0_1277057,L2H04M,L2,165.723,165.483,https://labbcat.canterbury.ac.nz/maonze/transcript?ag_id=1671#ew_0_1277057,0.24,240,5.480638923,,
5590,oa,g_1843;em_12_149192;n_3850194-n_3850211;p_49;#=ew_69_204387;prefix=52808-;[0]=ew_0_1103061,L2Y03M,L2,124.694,124.454,https://labbcat.canterbury.ac.nz/maonze/transcript?ag_id=1843#ew_0_1103061,0.24,240,5.480638923,,
5602,oa,g_1848;em_12_149503;n_3854426-n_3854447;p_49;#=ew_69_205594;prefix=53496-;[0]=ew_0_1106674,L2Y03M,L2,265.236,264.996,https://labbcat.canterbury.ac.nz/maonze/transcript?ag_id=1848#ew_0_1106674,0.24,240,5.480638923,,
5624,oa,g_1883;em_12_154978;n_5258997-n_5259007;p_334;#=ew_69_237049;prefix=83360-;[0]=ew_0_1170722,R011M,PresentElder,154.782,154.542,https://labbcat.canterbury.ac.nz/maonze/transcript?ag_id=1883#ew_0_1170722,0.24,240,5.480638923,,
5792,oa,g_1947;em_12_166026;n_6850461-n_6850476;p_121;#=ew_69_168659;prefix=18403-;[0]=ew_0_1298963,K009M,PresentElder,125.474,125.234,https://labbcat.canterbury.ac.nz/maonze/transcript?ag_id=1947#ew_0_1298963,0.24,240,5.480638923,,
5821,oa,g_305;em_12_162431;n_6241032-n_6241034;p_81;#=ew_69_186814;prefix=35159-;[0]=ew_0_1265989,L1Y03M,L1,306.345,306.105,https://labbcat.canterbury.ac.nz/maonze/transcript?ag_id=305#ew_0_1265989,0.24,240,5.480638923,,
5994,oa,g_376;em_12_37158;n_60963-n_60965;p_94;#=ew_69_214348;prefix=61772-;[0]=ew_0_1234791,MU05M,Historical,186.633,186.393,https://labbcat.canterbury.ac.nz/maonze/transcript?ag_id=376#ew_0_1234791,0.24,240,5.480638923,,
6001,oa,g_380;em_12_38012;n_61814-n_61815;p_94;#=ew_69_214502;prefix=62105-;[0]=ew_0_1120661,MU05M,Historical,233.238,232.998,https://labbcat.canterbury.ac.nz/maonze/transcript?ag_id=380#ew_0_1120661,0.24,240,5.480638923,,
6053,oa,g_459;em_12_47380;n_69579-n_69580;p_112;#=ew_69_161789;prefix=12137-;[0]=ew_0_296853,K006M,PresentElder,219.768,219.528,https://labbcat.canterbury.ac.nz/maonze/transcript?ag_id=459#ew_0_296853,0.24,240,5.480638923,,
6389,oa,g_859;em_12_86194;n_101168-n_101169;p_167;#=ew_69_172480;prefix=22332-;[0]=ew_0_546769,L1H01M,L1,65.046,64.806,https://labbcat.canterbury.ac.nz/maonze/transcript?ag_id=859#ew_0_546769,0.24,240,5.480638923,,
6456,oa,g_888;em_12_88222;n_102516-n_102517;p_169;#=ew_69_176114;prefix=25689-;[0]=ew_0_560503,L1H03M,L1,85.751,85.511,https://labbcat.canterbury.ac.nz/maonze/transcript?ag_id=888#ew_0_560503,0.24,240,5.480638923,,
6504,oa,g_907;em_12_89155;n_15510-n_103250;p_173;#=ew_69_177403;prefix=26593-;[0]=ew_0_570255,L1H04M,L1,124.007,123.767,https://labbcat.canterbury.ac.nz/maonze/transcript?ag_id=907#ew_0_570255,0.24,240,5.480638923,,
6575,oa,g_948;em_12_91682;n_105355-n_105356;p_181;#=ew_69_219935;prefix=67413-;[0]=ew_0_589977,R002M,PresentElder,85.882,85.642,https://labbcat.canterbury.ac.nz/maonze/transcript?ag_id=948#ew_0_589977,0.24,240,5.480638923,,
6651,oa,g_980;em_12_93630;n_106772-n_106773;p_184;#=ew_69_224758;prefix=71994-;[0]=ew_0_607786,R004M,PresentElder,183.547,183.307,https://labbcat.canterbury.ac.nz/maonze/transcript?ag_id=980#ew_0_607786,0.24,240,5.480638923,,
6734,ua,g_1010;em_12_95439;n_16718-n_108323;p_188;#=ew_69_230214;prefix=76492-;[0]=ew_0_625094,R007M,PresentElder,196.958,196.718,https://labbcat.canterbury.ac.nz/maonze/transcript?ag_id=1010#ew_0_625094,0.24,240,5.480638923,,
6838,ua,g_1030;em_12_96438;n_108785-n_17246;p_190;#=ew_69_234185;prefix=80140-;[0]=ew_0_635508,R009M,PresentElder,178.578,178.338,https://labbcat.canterbury.ac.nz/maonze/transcript?ag_id=1030#ew_0_635508,0.24,240,5.480638923,,
6981,ua,g_1047;em_12_97519;n_109446-n_109447;p_193;#=ew_69_236561;prefix=82886-;[0]=ew_0_646850,R010M,PresentElder,120.037,119.797,https://labbcat.canterbury.ac.nz/maonze/transcript?ag_id=1047#ew_0_646850,0.24,240,5.480638923,,
7243,ua,g_116;em_12_8432;n_37990-n_37991;p_43;#=ew_69_212149;prefix=59226-;[0]=ew_0_81680,MU02M,Historical,459.039,458.799,https://labbcat.canterbury.ac.nz/maonze/transcript?ag_id=116#ew_0_81680,0.24,240,5.480638923,,
7395,ua,g_1244;em_12_111769;n_21960-n_21961;p_249;#=ew_69_181503;prefix=30837-;[0]=ew_0_747989,L1H06M,L1,212.568,212.328,https://labbcat.canterbury.ac.nz/maonze/transcript?ag_id=1244#ew_0_747989,0.24,240,5.480638923,,
7403,ua,g_13;em_12_1037;n_31672-n_31673;p_19;#=ew_69_152741;prefix=03453-;[0]=ew_0_9064,K002M,PresentElder,226.679,226.439,https://labbcat.canterbury.ac.nz/maonze/transcript?ag_id=13#ew_0_9064,0.24,240,5.480638923,,
7404,ua,g_13;em_12_1047;n_31682-n_31683;p_19;#=ew_69_152813;prefix=03482-;[0]=ew_0_9135,K002M,PresentElder,265.543,265.303,https://labbcat.canterbury.ac.nz/maonze/transcript?ag_id=13#ew_0_9135,0.24,240,5.480638923,,
7624,ua,g_1523;em_12_126122;n_130154-n_130155;p_287;#=ew_69_228309;prefix=75216-;[0]=ew_0_887033,R006M,PresentElder,162.668,162.428,https://labbcat.canterbury.ac.nz/maonze/transcript?ag_id=1523#ew_0_887033,0.24,240,5.480638923,,
7677,ua,g_1531;em_12_126483;n_130431-n_130432;p_200;#=ew_69_216193;prefix=63490-;[0]=ew_0_891655,MU08M,Historical,269.112,268.872,https://labbcat.canterbury.ac.nz/maonze/transcript?ag_id=1531#ew_0_891655,0.24,240,5.480638923,,
7748,ua,g_1620;em_12_131950;n_134398-n_134399;p_299;#=ew_69_191839;prefix=40900-;[0]=ew_0_934651,L2H01M,L2,209.536,209.296,https://labbcat.canterbury.ac.nz/maonze/transcript?ag_id=1620#ew_0_934651,0.24,240,5.480638923,,
7850,ua,g_1640;em_12_133201;n_135414-n_135415;p_288;#=ew_69_196106;prefix=44810-;[0]=ew_0_942697,L2H03M,L2,170.982,170.742,https://labbcat.canterbury.ac.nz/maonze/transcript?ag_id=1640#ew_0_942697,0.24,240,5.480638923,,
8263,ua,g_1890;em_12_155524;n_5265678-n_5265698;p_334;#=ew_69_237492;prefix=84026-;[0]=ew_0_1175893,R011M,PresentElder,104.688,104.448,https://labbcat.canterbury.ac.nz/maonze/transcript?ag_id=1890#ew_0_1175893,0.24,240,5.480638923,,
8644,ua,g_318;em_12_149599;n_3956206-n_3956208;p_89;#=ew_69_187937;prefix=36887-;[0]=ew_0_1109868,L1Y04M,L1,185.217,184.977,https://labbcat.canterbury.ac.nz/maonze/transcript?ag_id=318#ew_0_1109868,0.24,240,5.480638923,,
8864,ua,g_370;em_12_35998;n_59823-n_59824;p_92;#=ew_69_213904;prefix=60871-;[0]=ew_0_238970,MU04M,Historical,92.15,91.91,https://labbcat.canterbury.ac.nz/maonze/transcript?ag_id=370#ew_0_238970,0.24,240,5.480638923,,
9494,ua,g_628;em_12_161271;n_6119247-n_29524;p_143;#=ew_69_202889;prefix=50626-;[0]=ew_0_1251617,L2Y02M,L2,332.497,332.257,https://labbcat.canterbury.ac.nz/maonze/transcript?ag_id=628#ew_0_1251617,0.24,240,5.480638923,,
9582,ua,g_637;em_12_66679;n_86023-n_86024;p_145;#=ew_69_201192;prefix=49429-;[0]=ew_0_406122,L2Y01M,L2,291.684,291.444,https://labbcat.canterbury.ac.nz/maonze/transcript?ag_id=637#ew_0_406122,0.24,240,5.480638923,,
9623,ua,g_642;em_12_67016;n_86258-n_86259;p_145;#=ew_69_201220;prefix=50096-;[0]=ew_0_409728,L2Y01M,L2,239.336,239.096,https://labbcat.canterbury.ac.nz/maonze/transcript?ag_id=642#ew_0_409728,0.24,240,5.480638923,,
9663,ua,g_660;em_12_70126;n_88959-n_88960;p_146;#=ew_69_206687;prefix=54882-;[0]=ew_0_419288,L2Y04M,L2,187.351,187.111,https://labbcat.canterbury.ac.nz/maonze/transcript?ag_id=660#ew_0_419288,0.24,240,5.480638923,,
9722,ua,g_668;em_12_70611;n_89394-n_89395;p_148;#=ew_69_208309;prefix=56198-;[0]=ew_0_424001,L2Y05M,L2,277.877,277.637,https://labbcat.canterbury.ac.nz/maonze/transcript?ag_id=668#ew_0_424001,0.24,240,5.480638923,,
9815,ua,g_848;em_12_85415;n_5651172-n_100433;p_167;#=ew_69_170943;prefix=20712-;[0]=ew_0_540571,L1H01M,L1,199.05,198.81,https://labbcat.canterbury.ac.nz/maonze/transcript?ag_id=848#ew_0_540571,0.24,240,5.480638923,,
9868,ua,g_859;em_12_86222;n_101186-n_101187;p_167;#=ew_69_172577;prefix=22375-;[0]=ew_0_546941,L1H01M,L1,134.66,134.42,https://labbcat.canterbury.ac.nz/maonze/transcript?ag_id=859#ew_0_546941,0.24,240,5.480638923,,
9907,ua,g_864;em_12_86496;n_101373-n_101374;p_168;#=ew_69_173689;prefix=23039-;[0]=ew_0_549279,L1H02M,L1,77.037,76.797,https://labbcat.canterbury.ac.nz/maonze/transcript?ag_id=864#ew_0_549279,0.24,240,5.480638923,,
10486,ua,g_962;em_12_92376;n_105922-n_105923;p_183;#=ew_69_222360;prefix=69397-;[0]=ew_0_597798,R003M,PresentElder,99.096,98.856,https://labbcat.canterbury.ac.nz/maonze/transcript?ag_id=962#ew_0_597798,0.24,240,5.480638923,,
10552,ua,g_971;em_12_92959;n_106335-n_106336;p_184;#=ew_69_223641;prefix=70643-;[0]=ew_0_602779,R004M,PresentElder,200.423,200.183,https://labbcat.canterbury.ac.nz/maonze/transcript?ag_id=971#ew_0_602779,0.24,240,5.480638923,,
10582,ua,g_977;em_12_93400;n_16378-n_16379;p_184;#=ew_69_224582;prefix=71532-;[0]=ew_0_605926,R004M,PresentElder,93.072,92.832,https://labbcat.canterbury.ac.nz/maonze/transcript?ag_id=977#ew_0_605926,0.24,240,5.480638923,,
345,ea,g_1203;em_12_108964;n_117765-n_117766;p_244;#=ew_69_244095;prefix=89619-;[0]=ew_0_725892,WU04M,Historical,47.81,47.57,https://labbcat.canterbury.ac.nz/maonze/transcript?ag_id=1203#ew_0_725892,0.24,240,5.480638923,,
520,ea,g_1394;em_12_119243;n_124706-n_124707;p_262;#=ew_69_249708;prefix=95384-;[0]=ew_0_825484,WU08M,Historical,63.707,63.467,https://labbcat.canterbury.ac.nz/maonze/transcript?ag_id=1394#ew_0_825484,0.24,240,5.480638923,,
904,ea,g_1681;em_12_135603;n_137259-n_137260;p_307;#=ew_69_198938;prefix=47779-;[0]=ew_0_962458,L2H05M,L2,17.353,17.113,https://labbcat.canterbury.ac.nz/maonze/transcript?ag_id=1681#ew_0_962458,0.24,240,5.480638923,,
929,ea,g_1748;em_12_139724;n_140425-n_140426;p_318;#=ew_69_231129;prefix=77762-;[0]=ew_0_1001981,R008M,PresentElder,21.521,21.281,https://labbcat.canterbury.ac.nz/maonze/transcript?ag_id=1748#ew_0_1001981,0.24,240,5.480638923,,
1050,ea,g_1884;em_12_155112;n_5259645-n_5259655;p_334;#=ew_69_237244;prefix=83409-;[0]=ew_0_1171028,R011M,PresentElder,49.968,49.728,https://labbcat.canterbury.ac.nz/maonze/transcript?ag_id=1884#ew_0_1171028,0.24,240,5.480638923,,
1570,ea,g_4;em_12_121;n_30792-n_30793;p_28;#=ew_69_150781;prefix=01982-;[0]=ew_0_1832,K001M,PresentElder,39.281,39.041,https://labbcat.canterbury.ac.nz/maonze/transcript?ag_id=4#ew_0_1832,0.24,240,5.480638923,,
1895,ea,g_605;em_12_64371;n_83963-n_83964;p_140;#=ew_69_190879;prefix=39823-;[0]=ew_0_386040,L1Y05M,L1,61.402,61.162,https://labbcat.canterbury.ac.nz/maonze/transcript?ag_id=605#ew_0_386040,0.24,240,5.480638923,,
2088,ea,g_651;em_12_67872;n_87008-n_87009;p_146;#=ew_69_206009;prefix=53937-;[0]=ew_0_414208,L2Y04M,L2,54.828,54.588,https://labbcat.canterbury.ac.nz/maonze/transcript?ag_id=651#ew_0_414208,0.24,240,5.480638923,,
2258,ea,g_854;em_12_85780;n_100784-n_100785;p_167;#=ew_69_171700;prefix=21493-;[0]=ew_0_543722,L1H01M,L1,50.023,49.783,https://labbcat.canterbury.ac.nz/maonze/transcript?ag_id=854#ew_0_543722,0.24,240,5.480638923,,
2444,ea,g_898;em_12_88646;n_102881-n_102882;p_174;#=ew_69_178545;prefix=27611-;[0]=ew_0_565611,L1H05M,L1,35.711,35.471,https://labbcat.canterbury.ac.nz/maonze/transcript?ag_id=898#ew_0_565611,0.24,240,5.480638923,,
3018,ia,g_1044;em_12_97383;n_109325-n_109326;p_193;#=ew_69_236023;prefix=82449-;[0]=ew_0_645085,R010M,PresentElder,42.564,42.324,https://labbcat.canterbury.ac.nz/maonze/transcript?ag_id=1044#ew_0_645085,0.24,240,5.480638923,,
4439,ia,g_668;em_12_70580;n_89369-n_89370;p_148;#=ew_69_208143;prefix=56036-;[0]=ew_0_423489,L2Y05M,L2,37.654,37.414,https://labbcat.canterbury.ac.nz/maonze/transcript?ag_id=668#ew_0_423489,0.24,240,5.480638923,,
4651,ia,g_898;em_12_88651;n_102886-n_102887;p_174;#=ew_69_178575;prefix=27624-;[0]=ew_0_565669,L1H05M,L1,60.134,59.894,https://labbcat.canterbury.ac.nz/maonze/transcript?ag_id=898#ew_0_565669,0.24,240,5.480638923,,
5226,oa,g_1243;em_12_111663;n_21870-n_5825636;p_249;#=ew_69_181173;prefix=30718-;[0]=ew_0_746923,L1H06M,L1,17.204,16.964,https://labbcat.canterbury.ac.nz/maonze/transcript?ag_id=1243#ew_0_746923,0.24,240,5.480638923,,
5523,oa,g_1688;em_12_136030;n_137509-n_137510;p_307;#=ew_69_199702;prefix=47998-;[0]=ew_0_965614,L2H05M,L2,30.937,30.697,https://labbcat.canterbury.ac.nz/maonze/transcript?ag_id=1688#ew_0_965614,0.24,240,5.480638923,,
6323,oa,g_664;em_12_150051;n_4423193-n_4423153;p_148;#=ew_69_207201;prefix=55306-;[0]=ew_0_1115903,L2Y05M,L2,22.795,22.555,https://labbcat.canterbury.ac.nz/maonze/transcript?ag_id=664#ew_0_1115903,0.24,240,5.480638923,,
6429,oa,g_873;em_12_87196;n_101859-n_101860;p_168;#=ew_69_174261;prefix=24402-;[0]=ew_0_554518,L1H02M,L1,61.429,61.189,https://labbcat.canterbury.ac.nz/maonze/transcript?ag_id=873#ew_0_554518,0.24,240,5.480638923,,
7542,ua,g_1394;em_12_151898;n_4711899-n_4711903;p_262;#=ew_69_249682;prefix=95359-;[0]=ew_0_1134534,WU08M,Historical,16.199,15.959,https://labbcat.canterbury.ac.nz/maonze/transcript?ag_id=1394#ew_0_1134534,0.24,240,5.480638923,,
7789,ua,g_1627;em_12_132452;n_134746-n_134747;p_299;#=ew_69_192632;prefix=41610-;[0]=ew_0_937886,L2H01M,L2,40.414,40.174,https://labbcat.canterbury.ac.nz/maonze/transcript?ag_id=1627#ew_0_937886,0.24,240,5.480638923,,
8045,ua,g_1673;em_12_135084;n_136854-n_136855;p_302;#=ew_69_198127;prefix=47287-;[0]=ew_0_1276295,L2H04M,L2,34.365,34.125,https://labbcat.canterbury.ac.nz/maonze/transcript?ag_id=1673#ew_0_1276295,0.24,240,5.480638923,,
8183,ua,g_1845;em_12_149277;n_3851390-n_3851399;p_49;#=ew_69_204929;prefix=53020-;[0]=ew_0_1104076,L2Y03M,L2,22.853,22.613,https://labbcat.canterbury.ac.nz/maonze/transcript?ag_id=1845#ew_0_1104076,0.24,240,5.480638923,,
8777,ua,g_343;em_12_33545;n_57746-n_57747;p_85;#=ew_69_185257;prefix=34525-;[0]=ew_0_224890,L1Y02M,L1,42.523,42.283,https://labbcat.canterbury.ac.nz/maonze/transcript?ag_id=343#ew_0_224890,0.24,240,5.480638923,,
10133,ua,g_900;em_12_88747;n_102963-n_102964;p_173;#=ew_69_177663;prefix=27078-;[0]=ew_0_566451,L1H04M,L1,24.888,24.648,https://labbcat.canterbury.ac.nz/maonze/transcript?ag_id=900#ew_0_566451,0.24,240,5.480638923,,
10294,ua,g_930;em_12_90612;n_104427-n_104428;p_179;#=ew_69_217967;prefix=65225-;[0]=ew_0_582092,R001M,PresentElder,59.512,59.272,https://labbcat.canterbury.ac.nz/maonze/transcript?ag_id=930#ew_0_582092,0.24,240,5.480638923,,
10345,ua,g_939;em_12_91201;n_104974-n_104975;p_179;#=ew_69_219016;prefix=66243-;[0]=ew_0_585787,R001M,PresentElder,51.664,51.424,https://labbcat.canterbury.ac.nz/maonze/transcript?ag_id=939#ew_0_585787,0.24,240,5.480638923,,
586,ea,g_1525;em_12_126177;n_130203-n_130204;p_287;#=ew_69_228566;prefix=75446-;[0]=ew_0_887875,R006M,PresentElder,10.22,9.98,https://labbcat.canterbury.ac.nz/maonze/transcript?ag_id=1525#ew_0_887875,0.24,240,5.480638923,,
1153,ea,g_1923;em_12_163395;n_6538134-n_6538147;p_181;#=ew_69_220898;prefix=68509-;[0]=ew_0_1279190,R002M,PresentElder,12.299,12.059,https://labbcat.canterbury.ac.nz/maonze/transcript?ag_id=1923#ew_0_1279190,0.24,240,5.480638923,,
1486,ea,g_342;em_12_33509;n_7087341-n_57718;p_85;#=ew_69_184883;prefix=34063-;[0]=ew_0_224435,L1Y02M,L1,12.327,12.087,https://labbcat.canterbury.ac.nz/maonze/transcript?ag_id=342#ew_0_224435,0.24,240,5.480638923,,
2102,ea,g_656;em_12_69028;n_88002-n_88003;p_146;#=ew_69_206474;prefix=54381-;[0]=ew_0_416822,L2Y04M,L2,3.015,2.775,https://labbcat.canterbury.ac.nz/maonze/transcript?ag_id=656#ew_0_416822,0.24,240,5.480638923,,
3671,ia,g_1895;em_12_155847;n_5270173-n_5270185;p_334;#=ew_69_238411;prefix=84448-;[0]=ew_0_1180366,R011M,PresentElder,10.608,10.368,https://labbcat.canterbury.ac.nz/maonze/transcript?ag_id=1895#ew_0_1180366,0.24,240,5.480638923,,
7408,ua,g_13;em_12_974;n_43-n_31610;p_19;#=ew_69_152455;prefix=03310-;[0]=ew_0_8602,K002M,PresentElder,2.28,2.04,https://labbcat.canterbury.ac.nz/maonze/transcript?ag_id=13#ew_0_8602,0.24,240,5.480638923,,
8102,ua,g_1747;em_12_139657;n_140367-n_140368;p_318;#=ew_69_230948;prefix=77688-;[0]=ew_0_1001651,R008M,PresentElder,7.201,6.961,https://labbcat.canterbury.ac.nz/maonze/transcript?ag_id=1747#ew_0_1001651,0.24,240,5.480638923,,
1211,ea,g_1947;em_12_166041;n_6850200-n_6850217;p_121;#=ew_69_168504;prefix=18328-;[0]=ew_0_1299168,K009M,PresentElder,27.023,26.783,https://labbcat.canterbury.ac.nz/maonze/transcript?ag_id=1947#ew_0_1299168,0.24,240,5.480638923,,
2685,ea,g_97;em_12_162843;n_6281814-n_6281924;p_41;#=ew_69_163016;prefix=12611-;[0]=ew_0_1272974,K007M,PresentElder,25.246,25.006,https://labbcat.canterbury.ac.nz/maonze/transcript?ag_id=97#ew_0_1272974,0.24,240,5.480638923,,
4028,ia,g_387;em_12_39361;n_63155-n_63156;p_95;#=ew_69_214673;prefix=62934-;[0]=ew_0_1121472,MU06M,Historical,22.471,22.231,https://labbcat.canterbury.ac.nz/maonze/transcript?ag_id=387#ew_0_1121472,0.24,240,5.480638923,,
6309,oa,g_657;em_12_69303;n_88235-n_88236;p_146;#=ew_69_206652;prefix=54511-;[0]=ew_0_417481,L2Y04M,L2,31.595,31.355,https://labbcat.canterbury.ac.nz/maonze/transcript?ag_id=657#ew_0_417481,0.24,240,5.480638923,,
8026,ua,g_1670;em_12_134979;n_27477-n_27478;p_302;#=ew_69_198091;prefix=46864-;[0]=ew_0_957274,L2H04M,L2,27.749,27.509,https://labbcat.canterbury.ac.nz/maonze/transcript?ag_id=1670#ew_0_957274,0.24,240,5.480638923,,
9446,ua,g_623;em_12_65224;n_84767-n_84768;p_142;#=ew_69_183496;prefix=32444-;[0]=ew_0_1334367,L1Y01M,L1,28.612,28.372,https://labbcat.canterbury.ac.nz/maonze/transcript?ag_id=623#ew_0_1334367,0.24,240,5.480638923,,
9650,ua,g_654;em_12_68555;n_87604-n_87605;p_146;#=ew_69_205775;prefix=54227-;[0]=ew_0_415766,L2Y04M,L2,30.276,30.036,https://labbcat.canterbury.ac.nz/maonze/transcript?ag_id=654#ew_0_415766,0.24,240,5.480638923,,
617,ea,g_1536;em_12_126751;n_130537-n_130538;p_200;#=ew_69_216275;prefix=63598-;[0]=ew_0_894250,MU08M,Historical,99.476,99.236,https://labbcat.canterbury.ac.nz/maonze/transcript?ag_id=1536#ew_0_894250,0.24,240,5.480638923,,
891,ea,g_1679;em_12_135490;n_137182-n_137183;p_307;#=ew_69_199783;prefix=48197-;[0]=ew_0_961717,L2H05M,L2,127.648,127.408,https://labbcat.canterbury.ac.nz/maonze/transcript?ag_id=1679#ew_0_961717,0.24,240,5.480638923,,
1306,ea,g_304;em_12_29640;n_54498-n_54499;p_81;#=ew_69_185744;prefix=34876-;[0]=ew_0_204397,L1Y03M,L1,105.716,105.476,https://labbcat.canterbury.ac.nz/maonze/transcript?ag_id=304#ew_0_204397,0.24,240,5.480638923,,
1532,ea,g_370;em_12_35985;n_59810-n_59811;p_92;#=ew_69_213878;prefix=60846-;[0]=ew_0_238887,MU04M,Historical,55.102,54.862,https://labbcat.canterbury.ac.nz/maonze/transcript?ag_id=370#ew_0_238887,0.24,240,5.480638923,,
2246,ea,g_852;em_12_85639;n_100648-n_100649;p_167;#=ew_69_170920;prefix=21220-;[0]=ew_0_542539,L1H01M,L1,66.143,65.903,https://labbcat.canterbury.ac.nz/maonze/transcript?ag_id=852#ew_0_542539,0.24,240,5.480638923,,
2293,ea,g_858;em_12_86090;n_101071-n_101072;p_167;#=ew_69_172139;prefix=22152-;[0]=ew_0_546084,L1H01M,L1,69.848,69.608,https://labbcat.canterbury.ac.nz/maonze/transcript?ag_id=858#ew_0_546084,0.24,240,5.480638923,,
2391,ea,g_887;em_12_88131;n_102429-n_102430;p_169;#=ew_69_175973;prefix=25553-;[0]=ew_0_559965,L1H03M,L1,117.643,117.403,https://labbcat.canterbury.ac.nz/maonze/transcript?ag_id=887#ew_0_559965,0.24,240,5.480638923,,
2586,ea,g_947;em_12_91637;n_105314-n_105315;p_181;#=ew_69_220710;prefix=67254-;[0]=ew_0_589358,R002M,PresentElder,96.082,95.842,https://labbcat.canterbury.ac.nz/maonze/transcript?ag_id=947#ew_0_589358,0.24,240,5.480638923,,
2751,ea,g_978;em_12_93495;n_6612091-n_16420;p_184;#=ew_69_225071;prefix=71691-;[0]=ew_0_606535,R004M,PresentElder,85.348,85.108,https://labbcat.canterbury.ac.nz/maonze/transcript?ag_id=978#ew_0_606535,0.24,240,5.480638923,,
3294,ia,g_1383;em_12_118881;n_124381-n_124382;p_262;#=ew_69_248393;prefix=93966-;[0]=ew_0_820173,WU08M,Historical,114.161,113.921,https://labbcat.canterbury.ac.nz/maonze/transcript?ag_id=1383#ew_0_820173,0.24,240,5.480638923,,
3295,ia,g_1383;em_12_118882;n_124382-n_124383;p_262;#=ew_69_248414;prefix=93972-;[0]=ew_0_820187,WU08M,Historical,121.556,121.316,https://labbcat.canterbury.ac.nz/maonze/transcript?ag_id=1383#ew_0_820187,0.24,240,5.480638923,,
3362,ia,g_1522;em_12_126073;n_130114-n_6613414;p_287;#=ew_69_228413;prefix=75025-;[0]=ew_0_1281359,R006M,PresentElder,81.282,81.042,https://labbcat.canterbury.ac.nz/maonze/transcript?ag_id=1522#ew_0_1281359,0.24,240,5.480638923,,
3917,ia,g_331;em_12_33227;n_57491-n_57492;p_85;#=ew_69_184172;prefix=33316-;[0]=ew_0_1241471,L1Y02M,L1,41.3,41.06,https://labbcat.canterbury.ac.nz/maonze/transcript?ag_id=331#ew_0_1241471,0.24,240,5.480638923,,
5307,oa,g_1514;em_12_125632;n_129754-n_129755;p_276;#=ew_69_241941;prefix=88229-;[0]=ew_0_881996,WU03M,Historical,65.362,65.122,https://labbcat.canterbury.ac.nz/maonze/transcript?ag_id=1514#ew_0_881996,0.24,240,5.480638923,,
5401,oa,g_1623;em_12_132159;n_134561-n_134562;p_299;#=ew_69_192502;prefix=41183-;[0]=ew_0_935942,L2H01M,L2,72.666,72.426,https://labbcat.canterbury.ac.nz/maonze/transcript?ag_id=1623#ew_0_935942,0.24,240,5.480638923,,
5413,oa,g_1627;em_12_132473;n_134765-n_134766;p_299;#=ew_69_192688;prefix=41651-;[0]=ew_0_938072,L2H01M,L2,121.35,121.11,https://labbcat.canterbury.ac.nz/maonze/transcript?ag_id=1627#ew_0_938072,0.24,240,5.480638923,,
5478,oa,g_1661;em_12_134584;n_136452-n_136453;p_302;#=ew_69_197496;prefix=45556-;[0]=ew_0_952505,L2H04M,L2,48.495,48.255,https://labbcat.canterbury.ac.nz/maonze/transcript?ag_id=1661#ew_0_952505,0.24,240,5.480638923,,
5565,oa,g_1756;em_12_140337;n_140950-n_140951;p_318;#=ew_69_231909;prefix=78679-;[0]=ew_0_1005278,R008M,PresentElder,41.532,41.292,https://labbcat.canterbury.ac.nz/maonze/transcript?ag_id=1756#ew_0_1005278,0.24,240,5.480638923,,
5901,oa,g_330;em_12_33210;n_57475-n_57476;p_85;#=ew_69_185360;prefix=34440-;[0]=ew_0_220458,L1Y02M,L1,109.699,109.459,https://labbcat.canterbury.ac.nz/maonze/transcript?ag_id=330#ew_0_220458,0.24,240,5.480638923,,
5965,oa,g_370;em_12_36001;n_59826-n_59827;p_92;#=ew_69_213908;prefix=60875-;[0]=ew_0_238995,MU04M,Historical,103.109,102.869,https://labbcat.canterbury.ac.nz/maonze/transcript?ag_id=370#ew_0_238995,0.24,240,5.480638923,,
6395,oa,g_861;em_12_86282;n_14706-n_101226;p_168;#=ew_69_173177;prefix=22555-;[0]=ew_0_547382,L1H02M,L1,105.407,105.167,https://labbcat.canterbury.ac.nz/maonze/transcript?ag_id=861#ew_0_547382,0.24,240,5.480638923,,
6541,oa,g_936;em_12_90960;n_104748-n_104749;p_179;#=ew_69_218262;prefix=65691-;[0]=ew_0_583920,R001M,PresentElder,86.118,85.878,https://labbcat.canterbury.ac.nz/maonze/transcript?ag_id=936#ew_0_583920,0.24,240,5.480638923,,
6668,oa,g_993;em_12_94189;n_107224-n_107225;p_182;#=ew_69_227115;prefix=73747-;[0]=ew_0_613921,R005M,PresentElder,93.321,93.081,https://labbcat.canterbury.ac.nz/maonze/transcript?ag_id=993#ew_0_613921,0.24,240,5.480638923,,
8500,ua,g_1946;em_12_165980;n_6849446-n_6849473;p_121;#=ew_69_167574;prefix=17182-;[0]=ew_0_1298223,K009M,PresentElder,98.499,98.259,https://labbcat.canterbury.ac.nz/maonze/transcript?ag_id=1946#ew_0_1298223,0.24,240,5.480638923,,
8783,ua,g_343;em_12_33555;n_57756-n_57757;p_85;#=ew_69_185391;prefix=34580-;[0]=ew_0_1242815,L1Y02M,L1,113.857,113.617,https://labbcat.canterbury.ac.nz/maonze/transcript?ag_id=343#ew_0_1242815,0.24,240,5.480638923,,
9000,ua,g_455;em_12_158508;n_5392122-n_5392131;p_112;#=ew_69_161116;prefix=11664-;[0]=ew_0_1208604,K006M,PresentElder,105.847,105.607,https://labbcat.canterbury.ac.nz/maonze/transcript?ag_id=455#ew_0_1208604,0.24,240,5.480638923,,
9988,ua,g_876;em_12_87344;n_101971-n_101972;p_169;#=ew_69_175158;prefix=24627-;[0]=ew_0_555426,L1H03M,L1,127.943,127.703,https://labbcat.canterbury.ac.nz/maonze/transcript?ag_id=876#ew_0_555426,0.24,240,5.480638923,,
10051,ua,g_886;em_12_88038;n_102379-n_102380;p_169;#=ew_69_175682;prefix=25462-;[0]=ew_0_559461,L1H03M,L1,36.806,36.566,https://labbcat.canterbury.ac.nz/maonze/transcript?ag_id=886#ew_0_559461,0.24,240,5.480638923,,
10058,ua,g_888;em_12_88224;n_102518-n_102519;p_169;#=ew_69_176115;prefix=25690-;[0]=ew_0_560510,L1H03M,L1,89.294,89.054,https://labbcat.canterbury.ac.nz/maonze/transcript?ag_id=888#ew_0_560510,0.24,240,5.480638923,,
10086,ua,g_895;em_12_88503;n_102754-n_102755;p_174;#=ew_69_178042;prefix=28173-;[0]=ew_0_563906,L1H05M,L1,90.86,90.62,https://labbcat.canterbury.ac.nz/maonze/transcript?ag_id=895#ew_0_563906,0.24,240,5.480638923,,
10320,ua,g_937;em_12_91039;n_104824-n_104825;p_179;#=ew_69_218596;prefix=65882-;[0]=ew_0_584547,R001M,PresentElder,73.038,72.798,https://labbcat.canterbury.ac.nz/maonze/transcript?ag_id=937#ew_0_584547,0.24,240,5.480638923,,
10385,ua,g_946;em_12_91598;n_105276-n_105277;p_181;#=ew_69_220002;prefix=67108-;[0]=ew_0_588804,R002M,PresentElder,94.002,93.762,https://labbcat.canterbury.ac.nz/maonze/transcript?ag_id=946#ew_0_588804,0.24,240,5.480638923,,
26,ea,g_101;em_12_7051;n_36895-n_36896;p_41;#=ew_69_162971;prefix=13603-;[0]=ew_0_69496,K007M,PresentElder,137.45,137.21,https://labbcat.canterbury.ac.nz/maonze/transcript?ag_id=101#ew_0_69496,0.24,240,5.480638923,,
225,ea,g_1074;em_12_99716;n_110919-n_110920;p_208;#=ew_69_245484;prefix=91743-;[0]=ew_0_661710,WU07M,Historical,164.873,164.633,https://labbcat.canterbury.ac.nz/maonze/transcript?ag_id=1074#ew_0_661710,0.24,240,5.480638923,,
384,ea,g_1213;em_12_109866;n_118577-n_118578;p_244;#=ew_69_245144;prefix=91057-;[0]=ew_0_731738,WU04M,Historical,236.688,236.448,https://labbcat.canterbury.ac.nz/maonze/transcript?ag_id=1213#ew_0_731738,0.24,240,5.480638923,,
833,ea,g_1667;em_12_134883;n_136695-n_136696;p_302;#=ew_69_198036;prefix=46483-;[0]=ew_0_955943,L2H04M,L2,182.457,182.217,https://labbcat.canterbury.ac.nz/maonze/transcript?ag_id=1667#ew_0_955943,0.24,240,5.480638923,,
892,ea,g_1679;em_12_135494;n_137186-n_137187;p_307;#=ew_69_199815;prefix=48204-;[0]=ew_0_961745,L2H05M,L2,141.165,140.925,https://labbcat.canterbury.ac.nz/maonze/transcript?ag_id=1679#ew_0_961745,0.24,240,5.480638923,,
1194,ea,g_1945;em_12_165884;n_6848440-n_6848452;p_28;#=ew_69_151258;prefix=01642-;[0]=ew_0_1297787,K001M,PresentElder,181.695,181.455,https://labbcat.canterbury.ac.nz/maonze/transcript?ag_id=1945#ew_0_1297787,0.24,240,5.480638923,,
1323,ea,g_308;em_12_160743;n_5999840-n_5999847;p_81;#=ew_69_186205;prefix=35764-;[0]=ew_0_1238070,L1Y03M,L1,183.873,183.633,https://labbcat.canterbury.ac.nz/maonze/transcript?ag_id=308#ew_0_1238070,0.24,240,5.480638923,,
2289,ea,g_857;em_12_86031;n_101015-n_101016;p_167;#=ew_69_172501;prefix=22047-;[0]=ew_0_545687,L1H01M,L1,162.689,162.449,https://labbcat.canterbury.ac.nz/maonze/transcript?ag_id=857#ew_0_545687,0.24,240,5.480638923,,
2440,ea,g_897;em_12_88636;n_102872-n_102873;p_174;#=ew_69_178767;prefix=27924-;[0]=ew_0_565477,L1H05M,L1,239.469,239.229,https://labbcat.canterbury.ac.nz/maonze/transcript?ag_id=897#ew_0_565477,0.24,240,5.480638923,,
2619,ea,g_950;em_12_91800;n_105447-n_105448;p_181;#=ew_69_220477;prefix=67843-;[0]=ew_0_591568,R002M,PresentElder,207.564,207.324,https://labbcat.canterbury.ac.nz/maonze/transcript?ag_id=950#ew_0_591568,0.24,240,5.480638923,,
2715,ea,g_972;em_12_93021;n_106382-n_106383;p_184;#=ew_69_223898;prefix=70752-;[0]=ew_0_603251,R004M,PresentElder,171.039,170.799,https://labbcat.canterbury.ac.nz/maonze/transcript?ag_id=972#ew_0_603251,0.24,240,5.480638923,,
3476,ia,g_1642;em_12_133324;n_135533-n_135534;p_288;#=ew_69_196533;prefix=45110-;[0]=ew_0_943687,L2H03M,L2,208.182,207.942,https://labbcat.canterbury.ac.nz/maonze/transcript?ag_id=1642#ew_0_943687,0.24,240,5.480638923,,
4972,oa,g_1021;em_12_163708;n_6670505-n_6670511;p_188;#=ew_69_230844;prefix=77451-;[0]=ew_0_1282023,R007M,PresentElder,151.682,151.442,https://labbcat.canterbury.ac.nz/maonze/transcript?ag_id=1021#ew_0_1282023,0.24,240,5.480638923,,
5088,oa,g_1072;em_12_99632;n_110846-n_110847;p_206;#=ew_69_246194;prefix=91494-;[0]=ew_0_660824,WU06M,Historical,210.421,210.181,https://labbcat.canterbury.ac.nz/maonze/transcript?ag_id=1072#ew_0_660824,0.24,240,5.480638923,,
5359,oa,g_1527;em_12_126290;n_130304-n_130305;p_287;#=ew_69_229237;prefix=75948-;[0]=ew_0_889626,R006M,PresentElder,232.265,232.025,https://labbcat.canterbury.ac.nz/maonze/transcript?ag_id=1527#ew_0_889626,0.24,240,5.480638923,,
5983,oa,g_374;em_12_36756;n_60583-n_60565;p_92;#=ew_69_213545;prefix=61410-;[0]=ew_0_1117825,MU04M,Historical,184.034,183.794,https://labbcat.canterbury.ac.nz/maonze/transcript?ag_id=374#ew_0_1117825,0.24,240,5.480638923,,
6054,oa,g_460;em_12_159650;n_5716666-n_5716670;p_112;#=ew_69_162085;prefix=12230-;[0]=ew_0_1221427,K006M,PresentElder,216.283,216.043,https://labbcat.canterbury.ac.nz/maonze/transcript?ag_id=460#ew_0_1221427,0.24,240,5.480638923,,
6119,oa,g_494;em_12_51033;n_72497-n_72498;p_122;#=ew_69_169855;prefix=20164-;[0]=ew_0_317696,K010M,PresentElder,130.759,130.519,https://labbcat.canterbury.ac.nz/maonze/transcript?ag_id=494#ew_0_317696,0.24,240,5.480638923,,
9571,ua,g_636;em_12_66561;n_85950-n_85951;p_145;#=ew_69_201452;prefix=49239-;[0]=ew_0_405204,L2Y01M,L2,203.664,203.424,https://labbcat.canterbury.ac.nz/maonze/transcript?ag_id=636#ew_0_405204,0.24,240,5.480638923,,
10398,ua,g_947;em_12_91660;n_15929-n_105336;p_181;#=ew_69_220828;prefix=67342-;[0]=ew_0_589671,R002M,PresentElder,236.189,235.949,https://labbcat.canterbury.ac.nz/maonze/transcript?ag_id=947#ew_0_589671,0.24,240,5.480638923,,
10444,ua,g_954;em_12_91983;n_105604-n_105605;p_181;#=ew_69_221400;prefix=68133-;[0]=ew_0_593904,R002M,PresentElder,191.134,190.894,https://labbcat.canterbury.ac.nz/maonze/transcript?ag_id=954#ew_0_593904,0.24,240,5.480638923,,
10631,ua,g_985;em_12_93863;n_16520-n_7042945;p_182;#=ew_69_226318;prefix=72694-;[0]=ew_0_609920,R005M,PresentElder,180.35,180.11,https://labbcat.canterbury.ac.nz/maonze/transcript?ag_id=985#ew_0_609920,0.24,240,5.480638923,,
1560,ea,g_385;em_12_39075;n_62871-n_62872;p_95;#=ew_69_215316;prefix=62638-;[0]=ew_0_248275,MU06M,Historical,269.53,269.29,https://labbcat.canterbury.ac.nz/maonze/transcript?ag_id=385#ew_0_248275,0.24,240,5.480638923,,
699,ea,g_1638;em_12_133093;n_135318-n_135319;p_288;#=ew_69_196035;prefix=44597-;[0]=ew_0_941798,L2H03M,L2,247.366,247.136,https://labbcat.canterbury.ac.nz/maonze/transcript?ag_id=1638#ew_0_941798,0.23,230,5.438079309,,
749,ea,g_1649;em_12_133797;n_135914-n_135915;p_300;#=ew_69_193738;prefix=42602-;[0]=ew_0_947212,L2H02M,L2,215.842,215.612,https://labbcat.canterbury.ac.nz/maonze/transcript?ag_id=1649#ew_0_947212,0.23,230,5.438079309,,
939,ea,g_1755;em_12_140322;n_140937-n_140938;p_318;#=ew_69_232141;prefix=78651-;[0]=ew_0_1005143,R008M,PresentElder,267.094,266.864,https://labbcat.canterbury.ac.nz/maonze/transcript?ag_id=1755#ew_0_1005143,0.23,230,5.438079309,,
986,ea,g_1845;em_12_149339;n_3852252-n_3852264;p_49;#=ew_69_205107;prefix=53150-;[0]=ew_0_1104817,L2Y03M,L2,354.478,354.248,https://labbcat.canterbury.ac.nz/maonze/transcript?ag_id=1845#ew_0_1104817,0.23,230,5.438079309,,
1252,ea,g_24;em_12_2017;n_32632-n_32633;p_19;#=ew_69_154400;prefix=04609-;[0]=ew_0_17153,K002M,PresentElder,161.038,160.808,https://labbcat.canterbury.ac.nz/maonze/transcript?ag_id=24#ew_0_17153,0.23,230,5.438079309,,
1628,ea,g_456;em_12_159654;n_5716842-n_5391963;p_112;#=ew_69_161735;prefix=11837-;[0]=ew_0_1221432,K006M,PresentElder,279.558,279.328,https://labbcat.canterbury.ac.nz/maonze/transcript?ag_id=456#ew_0_1221432,0.23,230,5.438079309,,
2110,ea,g_658;em_12_69685;n_88570-n_88571;p_146;#=ew_69_206957;prefix=54713-;[0]=ew_0_418383,L2Y04M,L2,230.871,230.641,https://labbcat.canterbury.ac.nz/maonze/transcript?ag_id=658#ew_0_418383,0.23,230,5.438079309,,
2119,ea,g_662;em_12_70383;n_89183-n_89184;p_148;#=ew_69_207173;prefix=55117-;[0]=ew_0_420187,L2Y05M,L2,261.266,261.036,https://labbcat.canterbury.ac.nz/maonze/transcript?ag_id=662#ew_0_420187,0.23,230,5.438079309,,
2146,ea,g_668;em_12_70610;n_11160-n_89394;p_148;#=ew_69_208299;prefix=56188-;[0]=ew_0_423970,L2Y05M,L2,267.533,267.303,https://labbcat.canterbury.ac.nz/maonze/transcript?ag_id=668#ew_0_423970,0.23,230,5.438079309,,
2330,ea,g_866;em_12_159629;n_5715698-n_5715702;p_168;#=ew_69_173255;prefix=23437-;[0]=ew_0_1221061,L1H02M,L1,137.055,136.825,https://labbcat.canterbury.ac.nz/maonze/transcript?ag_id=866#ew_0_1221061,0.23,230,5.438079309,,
2581,ea,g_943;em_12_91544;n_105235-n_105236;p_179;#=ew_69_219615;prefix=66956-;[0]=ew_0_588367,R001M,PresentElder,299.649,299.419,https://labbcat.canterbury.ac.nz/maonze/transcript?ag_id=943#ew_0_588367,0.23,230,5.438079309,,
3054,ia,g_1071;em_12_99583;n_110798-n_110799;p_206;#=ew_69_245756;prefix=91303-;[0]=ew_0_660153,WU06M,Historical,204.882,204.652,https://labbcat.canterbury.ac.nz/maonze/transcript?ag_id=1071#ew_0_660153,0.23,230,5.438079309,,
3555,ia,g_1671;em_12_163206;n_6399659-n_6399668;p_302;#=ew_69_198842;prefix=47086-;[0]=ew_0_1276261,L2H04M,L2,166.103,165.873,https://labbcat.canterbury.ac.nz/maonze/transcript?ag_id=1671#ew_0_1276261,0.23,230,5.438079309,,
3711,ia,g_1906;em_12_156676;n_5283131-n_5283149;p_333;#=ew_69_239399;prefix=86063-;[0]=ew_0_1189490,R012M,PresentElder,172.187,171.957,https://labbcat.canterbury.ac.nz/maonze/transcript?ag_id=1906#ew_0_1189490,0.23,230,5.438079309,,
4067,ia,g_448;em_12_161527;n_6125964-n_6125966;p_110;#=ew_69_155689;prefix=06523-;[0]=ew_0_1253110,K003M,PresentElder,334.865,334.635,https://labbcat.canterbury.ac.nz/maonze/transcript?ag_id=448#ew_0_1253110,0.23,230,5.438079309,,
4614,ia,g_890;em_12_159908;n_5773657-n_5773667;p_174;#=ew_69_179139;prefix=29016-;[0]=ew_0_1224517,L1H05M,L1,181.085,180.855,https://labbcat.canterbury.ac.nz/maonze/transcript?ag_id=890#ew_0_1224517,0.23,230,5.438079309,,
4757,ia,g_941;em_12_91402;n_105111-n_105112;p_179;#=ew_69_219767;prefix=66665-;[0]=ew_0_587321,R001M,PresentElder,173.204,172.974,https://labbcat.canterbury.ac.nz/maonze/transcript?ag_id=941#ew_0_587321,0.23,230,5.438079309,,
4785,ia,g_954;em_12_91980;n_6536555-n_105602;p_181;#=ew_69_221380;prefix=68126-;[0]=ew_0_593862,R002M,PresentElder,168.229,167.999,https://labbcat.canterbury.ac.nz/maonze/transcript?ag_id=954#ew_0_593862,0.23,230,5.438079309,,
4868,ia,g_981;em_12_93684;n_16473-n_106816;p_184;#=ew_69_224731;prefix=72082-;[0]=ew_0_608207,R004M,PresentElder,149.043,148.813,https://labbcat.canterbury.ac.nz/maonze/transcript?ag_id=981#ew_0_608207,0.23,230,5.438079309,,
5165,oa,g_117;em_12_8555;n_38112-n_38113;p_43;#=ew_69_211783;prefix=58886-;[0]=ew_0_83137,MU02M,Historical,367.915,367.685,https://labbcat.canterbury.ac.nz/maonze/transcript?ag_id=117#ew_0_83137,0.23,230,5.438079309,,
5406,oa,g_1624;em_12_132266;n_26903-n_26904;p_299;#=ew_69_193132;prefix=41355-;[0]=ew_0_936721,L2H01M,L2,190.372,190.142,https://labbcat.canterbury.ac.nz/maonze/transcript?ag_id=1624#ew_0_936721,0.23,230,5.438079309,,
5424,oa,g_1636;em_12_132918;n_135155-n_135156;p_288;#=ew_69_195287;prefix=44283-;[0]=ew_0_1275835,L2H03M,L2,151.127,150.897,https://labbcat.canterbury.ac.nz/maonze/transcript?ag_id=1636#ew_0_1275835,0.23,230,5.438079309,,
5462,oa,g_1655;em_12_134299;n_27303-n_27304;p_300;#=ew_69_194416;prefix=43359-;[0]=ew_0_950125,L2H02M,L2,132.324,132.094,https://labbcat.canterbury.ac.nz/maonze/transcript?ag_id=1655#ew_0_950125,0.23,230,5.438079309,,
5621,oa,g_1882;em_12_154962;n_5258218-n_5258241;p_334;#=ew_69_236941;prefix=83240-;[0]=ew_0_1169938,R011M,PresentElder,219.199,218.969,https://labbcat.canterbury.ac.nz/maonze/transcript?ag_id=1882#ew_0_1169938,0.23,230,5.438079309,,
5743,oa,g_1913;em_12_157111;n_5290269-n_5290289;p_333;#=ew_69_240314;prefix=87361-;[0]=ew_0_1195568,R012M,PresentElder,260.846,260.616,https://labbcat.canterbury.ac.nz/maonze/transcript?ag_id=1913#ew_0_1195568,0.23,230,5.438079309,,
5971,oa,g_372;em_12_150152;n_60238-n_4458981;p_92;#=ew_69_213792;prefix=61268-;[0]=ew_0_1123503,MU04M,Historical,315.975,315.745,https://labbcat.canterbury.ac.nz/maonze/transcript?ag_id=372#ew_0_1123503,0.23,230,5.438079309,,
6593,oa,g_958;em_12_92160;n_105755-n_105756;p_183;#=ew_69_221746;prefix=68811-;[0]=ew_0_595708,R003M,PresentElder,259.382,259.152,https://labbcat.canterbury.ac.nz/maonze/transcript?ag_id=958#ew_0_595708,0.23,230,5.438079309,,
6785,ua,g_102;em_12_162986;n_6286059-n_6286062;p_41;#=ew_69_163657;prefix=13874-;[0]=ew_0_1274383,K007M,PresentElder,191.18,190.95,https://labbcat.canterbury.ac.nz/maonze/transcript?ag_id=102#ew_0_1274383,0.23,230,5.438079309,,
7388,ua,g_1242;em_12_111654;n_119232-n_119233;p_249;#=ew_69_181395;prefix=30661-;[0]=ew_0_1227388,L1H06M,L1,189.335,189.105,https://labbcat.canterbury.ac.nz/maonze/transcript?ag_id=1242#ew_0_1227388,0.23,230,5.438079309,,
7461,ua,g_1371;em_12_163574;n_6613381-n_6613386;p_287;#=ew_69_228198;prefix=74950-;[0]=ew_0_1281057,R006M,PresentElder,206.145,205.915,https://labbcat.canterbury.ac.nz/maonze/transcript?ag_id=1371#ew_0_1281057,0.23,230,5.438079309,,
7560,ua,g_15;em_12_1197;n_31825-n_31826;p_19;#=ew_69_151434;prefix=02124-;[0]=ew_0_10324,K002M,PresentElder,174.519,174.289,https://labbcat.canterbury.ac.nz/maonze/transcript?ag_id=15#ew_0_10324,0.23,230,5.438079309,,
7752,ua,g_1621;em_12_132021;n_134456-n_134457;p_299;#=ew_69_191748;prefix=41004-;[0]=ew_0_935080,L2H01M,L2,156.46,156.23,https://labbcat.canterbury.ac.nz/maonze/transcript?ag_id=1621#ew_0_935080,0.23,230,5.438079309,,
7855,ua,g_1641;em_12_133269;n_135479-n_135480;p_288;#=ew_69_196655;prefix=44971-;[0]=ew_0_943257,L2H03M,L2,233.495,233.265,https://labbcat.canterbury.ac.nz/maonze/transcript?ag_id=1641#ew_0_943257,0.23,230,5.438079309,,
8051,ua,g_1675;em_12_135212;n_136958-n_136959;p_307;#=ew_69_200456;prefix=48732-;[0]=ew_0_959839,L2H05M,L2,200.157,199.927,https://labbcat.canterbury.ac.nz/maonze/transcript?ag_id=1675#ew_0_959839,0.23,230,5.438079309,,
8504,ua,g_1946;em_12_165995;n_6850060-n_6850078;p_121;#=ew_69_167911;prefix=17216-;[0]=ew_0_1298744,K009M,PresentElder,303.288,303.058,https://labbcat.canterbury.ac.nz/maonze/transcript?ag_id=1946#ew_0_1298744,0.23,230,5.438079309,,
8709,ua,g_326;em_12_33070;n_57361-n_5951;p_89;#=ew_69_188771;prefix=38117-;[0]=ew_0_218956,L1Y04M,L1,163.199,162.969,https://labbcat.canterbury.ac.nz/maonze/transcript?ag_id=326#ew_0_218956,0.23,230,5.438079309,,
8859,ua,g_369;em_12_35931;n_59757-n_59758;p_92;#=ew_69_213142;prefix=60727-;[0]=ew_0_238536,MU04M,Historical,262.884,262.654,https://labbcat.canterbury.ac.nz/maonze/transcript?ag_id=369#ew_0_238536,0.23,230,5.438079309,,
8903,ua,g_384;em_12_38764;n_62561-n_62563;p_95;#=ew_69_214876;prefix=62431-;[0]=ew_0_247269,MU06M,Historical,130.662,130.432,https://labbcat.canterbury.ac.nz/maonze/transcript?ag_id=384#ew_0_247269,0.23,230,5.438079309,,
8947,ua,g_447;em_12_169740;n_6945248-n_6945249;p_110;#=ew_69_155692;prefix=06100-;[0]=ew_0_1326344,K003M,PresentElder,138.866,138.636,https://labbcat.canterbury.ac.nz/maonze/transcript?ag_id=447#ew_0_1326344,0.23,230,5.438079309,,
9420,ua,g_616;em_12_64979;n_84539-n_84540;p_142;#=ew_69_182449;prefix=31771-;[0]=ew_0_391950,L1Y01M,L1,149.276,149.046,https://labbcat.canterbury.ac.nz/maonze/transcript?ag_id=616#ew_0_391950,0.23,230,5.438079309,,
9516,ua,g_630;em_12_65840;n_85316-n_85317;p_143;#=ew_69_203611;prefix=50969-;[0]=ew_0_399635,L2Y02M,L2,135.698,135.468,https://labbcat.canterbury.ac.nz/maonze/transcript?ag_id=630#ew_0_399635,0.23,230,5.438079309,,
9613,ua,g_641;em_12_66971;n_86226-n_86227;p_145;#=ew_69_201845;prefix=49986-;[0]=ew_0_409222,L2Y01M,L2,352.76,352.53,https://labbcat.canterbury.ac.nz/maonze/transcript?ag_id=641#ew_0_409222,0.23,230,5.438079309,,
9964,ua,g_870;em_12_87049;n_101751-n_101752;p_168;#=ew_69_174665;prefix=24152-;[0]=ew_0_553526,L1H02M,L1,220.258,220.028,https://labbcat.canterbury.ac.nz/maonze/transcript?ag_id=870#ew_0_553526,0.23,230,5.438079309,,
10412,ua,g_949;em_12_163294;n_6521866-n_6521871;p_181;#=ew_69_220551;prefix=67605-;[0]=ew_0_1278489,R002M,PresentElder,150.174,149.944,https://labbcat.canterbury.ac.nz/maonze/transcript?ag_id=949#ew_0_1278489,0.23,230,5.438079309,,
25,ea,g_101;em_12_7040;n_36884-n_36885;p_41;#=ew_69_162909;prefix=13546-;[0]=ew_0_69306,K007M,PresentElder,64.171,63.941,https://labbcat.canterbury.ac.nz/maonze/transcript?ag_id=101#ew_0_69306,0.23,230,5.438079309,,
41,ea,g_1015;em_12_163653;n_6670436-n_16887;p_188;#=ew_69_230498;prefix=76939-;[0]=ew_0_1282158,R007M,PresentElder,114.116,113.886,https://labbcat.canterbury.ac.nz/maonze/transcript?ag_id=1015#ew_0_1282158,0.23,230,5.438079309,,
133,ea,g_1038;em_12_96814;n_109057-n_109058;p_193;#=ew_69_235106;prefix=81550-;[0]=ew_0_640532,R010M,PresentElder,66.789,66.559,https://labbcat.canterbury.ac.nz/maonze/transcript?ag_id=1038#ew_0_640532,0.23,230,5.438079309,,
171,ea,g_1044;em_12_97388;n_109328-n_17601;p_193;#=ew_69_236069;prefix=82468-;[0]=ew_0_645148,R010M,PresentElder,64.179,63.949,https://labbcat.canterbury.ac.nz/maonze/transcript?ag_id=1044#ew_0_645148,0.23,230,5.438079309,,
519,ea,g_1394;em_12_119241;n_23903-n_4711907;p_262;#=ew_69_249699;prefix=95376-;[0]=ew_0_825439,WU08M,Historical,44.151,43.921,https://labbcat.canterbury.ac.nz/maonze/transcript?ag_id=1394#ew_0_825439,0.23,230,5.438079309,,
681,ea,g_1627;em_12_132467;n_134759-n_134760;p_299;#=ew_69_192671;prefix=41642-;[0]=ew_0_938017,L2H01M,L2,96.48,96.25,https://labbcat.canterbury.ac.nz/maonze/transcript?ag_id=1627#ew_0_938017,0.23,230,5.438079309,,
745,ea,g_1649;em_12_133769;n_135894-n_135895;p_300;#=ew_69_193591;prefix=42542-;[0]=ew_0_946988,L2H02M,L2,125.646,125.416,https://labbcat.canterbury.ac.nz/maonze/transcript?ag_id=1649#ew_0_946988,0.23,230,5.438079309,,
1454,ea,g_334;em_12_161029;n_6031614-n_6031617;p_85;#=ew_69_185062;prefix=34241-;[0]=ew_0_1242802,L1Y02M,L1,127.086,126.856,https://labbcat.canterbury.ac.nz/maonze/transcript?ag_id=334#ew_0_1242802,0.23,230,5.438079309,,
1559,ea,g_384;em_12_38718;n_62515-n_62516;p_95;#=ew_69_214840;prefix=62399-;[0]=ew_0_247141,MU06M,Historical,72.236,72.006,https://labbcat.canterbury.ac.nz/maonze/transcript?ag_id=384#ew_0_247141,0.23,230,5.438079309,,
1578,ea,g_41;em_12_3298;n_33667-n_296;p_276;#=ew_69_242451;prefix=88492-;[0]=ew_0_1131212,WU03M,Historical,103.897,103.667,https://labbcat.canterbury.ac.nz/maonze/transcript?ag_id=41#ew_0_1131212,0.23,230,5.438079309,,
1709,ea,g_480;em_12_49297;n_71197-n_71198;p_121;#=ew_69_168458;prefix=18118-;[0]=ew_0_308663,K009M,PresentElder,50.392,50.162,https://labbcat.canterbury.ac.nz/maonze/transcript?ag_id=480#ew_0_308663,0.23,230,5.438079309,,
2259,ea,g_854;em_12_85781;n_100785-n_100786;p_167;#=ew_69_171701;prefix=21494-;[0]=ew_0_543724,L1H01M,L1,50.993,50.763,https://labbcat.canterbury.ac.nz/maonze/transcript?ag_id=854#ew_0_543724,0.23,230,5.438079309,,
2496,ea,g_908;em_12_89187;n_103264-n_15528;p_173;#=ew_69_177035;prefix=26468-;[0]=ew_0_570709,L1H04M,L1,110.801,110.571,https://labbcat.canterbury.ac.nz/maonze/transcript?ag_id=908#ew_0_570709,0.23,230,5.438079309,,
2649,ea,g_959;em_12_92196;n_16012-n_105789;p_183;#=ew_69_222012;prefix=68883-;[0]=ew_0_595976,R003M,PresentElder,107.882,107.652,https://labbcat.canterbury.ac.nz/maonze/transcript?ag_id=959#ew_0_595976,0.23,230,5.438079309,,
3112,ia,g_1087;em_12_100451;n_111550-n_111551;p_208;#=ew_69_247719;prefix=93341-;[0]=ew_0_668294,WU07M,Historical,71.313,71.083,https://labbcat.canterbury.ac.nz/maonze/transcript?ag_id=1087#ew_0_668294,0.23,230,5.438079309,,
3137,ia,g_11;em_12_800;n_31446-n_31447;p_28;#=ew_69_149263;prefix=00300-;[0]=ew_0_7176,K001M,PresentElder,86.019,85.789,https://labbcat.canterbury.ac.nz/maonze/transcript?ag_id=11#ew_0_7176,0.23,230,5.438079309,,
3591,ia,g_1756;em_12_140343;n_140956-n_140957;p_318;#=ew_69_231940;prefix=78694-;[0]=ew_0_1005327,R008M,PresentElder,67.709,67.479,https://labbcat.canterbury.ac.nz/maonze/transcript?ag_id=1756#ew_0_1005327,0.23,230,5.438079309,,
3664,ia,g_1894;em_12_155735;n_5269421-n_5269436;p_334;#=ew_69_237985;prefix=84288-;[0]=ew_0_1179275,R011M,PresentElder,118.62,118.39,https://labbcat.canterbury.ac.nz/maonze/transcript?ag_id=1894#ew_0_1179275,0.23,230,5.438079309,,
3703,ia,g_1904;em_12_156550;n_5280467-n_5280488;p_333;#=ew_69_239442;prefix=85680-;[0]=ew_0_1188276,R012M,PresentElder,34.438,34.208,https://labbcat.canterbury.ac.nz/maonze/transcript?ag_id=1904#ew_0_1188276,0.23,230,5.438079309,,
4141,ia,g_474;em_12_48997;n_70930-n_70931;p_121;#=ew_69_167037;prefix=16992-;[0]=ew_0_304779,K009M,PresentElder,109.059,108.829,https://labbcat.canterbury.ac.nz/maonze/transcript?ag_id=474#ew_0_304779,0.23,230,5.438079309,,
4236,ia,g_55;em_12_161949;n_6214540-n_6214541;p_32;#=ew_69_158643;prefix=08824-;[0]=ew_0_1259796,K004M,PresentElder,68.934,68.704,https://labbcat.canterbury.ac.nz/maonze/transcript?ag_id=55#ew_0_1259796,0.23,230,5.438079309,,
4297,ia,g_603;em_12_64250;n_83844-n_83845;p_140;#=ew_69_190572;prefix=39327-;[0]=ew_0_1249583,L1Y05M,L1,46.243,46.013,https://labbcat.canterbury.ac.nz/maonze/transcript?ag_id=603#ew_0_1249583,0.23,230,5.438079309,,
4405,ia,g_641;em_12_66915;n_86184-n_86185;p_145;#=ew_69_201528;prefix=49859-;[0]=ew_0_408569,L2Y01M,L2,70.19,69.96,https://labbcat.canterbury.ac.nz/maonze/transcript?ag_id=641#ew_0_408569,0.23,230,5.438079309,,
4681,ia,g_909;em_12_89232;n_15564-n_15565;p_173;#=ew_69_176285;prefix=26320-;[0]=ew_0_571167,L1H04M,L1,86.595,86.365,https://labbcat.canterbury.ac.nz/maonze/transcript?ag_id=909#ew_0_571167,0.23,230,5.438079309,,
4865,ia,g_98;em_12_6888;n_36735-n_36736;p_41;#=ew_69_162488;prefix=12908-;[0]=ew_0_66946,K007M,PresentElder,108.671,108.441,https://labbcat.canterbury.ac.nz/maonze/transcript?ag_id=98#ew_0_66946,0.23,230,5.438079309,,
5209,oa,g_1228;em_12_110674;n_119149-n_5823424;p_249;#=ew_69_179761;prefix=29268-;[0]=ew_0_738747,L1H06M,L1,70.104,69.874,https://labbcat.canterbury.ac.nz/maonze/transcript?ag_id=1228#ew_0_738747,0.23,230,5.438079309,,
5528,oa,g_1689;em_12_136116;n_137577-n_137578;p_307;#=ew_69_200318;prefix=48889-;[0]=ew_0_1277367,L2H05M,L2,56.112,55.882,https://labbcat.canterbury.ac.nz/maonze/transcript?ag_id=1689#ew_0_1277367,0.23,230,5.438079309,,
5589,oa,g_1843;em_12_149187;n_3850117-n_3850137;p_49;#=ew_69_204367;prefix=52788-;[0]=ew_0_1102994,L2Y03M,L2,95.117,94.887,https://labbcat.canterbury.ac.nz/maonze/transcript?ag_id=1843#ew_0_1102994,0.23,230,5.438079309,,
6064,oa,g_469;em_12_48463;n_70458-n_6953858;p_120;#=ew_69_166326;prefix=16380-;[0]=ew_0_302447,K008M,PresentElder,46.773,46.543,https://labbcat.canterbury.ac.nz/maonze/transcript?ag_id=469#ew_0_302447,0.23,230,5.438079309,,
6131,oa,g_500;em_12_51868;n_73148-n_73149;p_97;#=ew_69_215486;prefix=63057-;[0]=ew_0_320883,MU07M,Historical,65.194,64.964,https://labbcat.canterbury.ac.nz/maonze/transcript?ag_id=500#ew_0_320883,0.23,230,5.438079309,,
6311,oa,g_658;em_12_69589;n_88474-n_88475;p_146;#=ew_69_206731;prefix=54621-;[0]=ew_0_418006,L2Y04M,L2,72.363,72.133,https://labbcat.canterbury.ac.nz/maonze/transcript?ag_id=658#ew_0_418006,0.23,230,5.438079309,,
6313,oa,g_661;em_12_70281;n_89091-n_89092;p_146;#=ew_69_207002;prefix=54951-;[0]=ew_0_419574,L2Y04M,L2,59.048,58.818,https://labbcat.canterbury.ac.nz/maonze/transcript?ag_id=661#ew_0_419574,0.23,230,5.438079309,,
6604,oa,g_968;em_12_92778;n_106183-n_7036355;p_183;#=ew_69_223204;prefix=70206-;[0]=ew_0_601215,R003M,PresentElder,82.105,81.875,https://labbcat.canterbury.ac.nz/maonze/transcript?ag_id=968#ew_0_601215,0.23,230,5.438079309,,
7052,ua,g_1073;em_12_99653;n_110866-n_110867;p_206;#=ew_69_245236;prefix=91557-;[0]=ew_0_661054,WU06M,Historical,52.042,51.812,https://labbcat.canterbury.ac.nz/maonze/transcript?ag_id=1073#ew_0_661054,0.23,230,5.438079309,,
7093,ua,g_1079;em_12_99966;n_111140-n_111141;p_208;#=ew_69_246019;prefix=92235-;[0]=ew_0_663886,WU07M,Historical,97.455,97.225,https://labbcat.canterbury.ac.nz/maonze/transcript?ag_id=1079#ew_0_663886,0.23,230,5.438079309,,
7116,ua,g_1082;em_12_100145;n_111283-n_4699040;p_208;#=ew_69_247044;prefix=92654-;[0]=ew_0_665499,WU07M,Historical,100.01,99.78,https://labbcat.canterbury.ac.nz/maonze/transcript?ag_id=1082#ew_0_665499,0.23,230,5.438079309,,
7633,ua,g_1524;em_12_126152;n_130181-n_130182;p_287;#=ew_69_228665;prefix=75346-;[0]=ew_0_887514,R006M,PresentElder,102.709,102.479,https://labbcat.canterbury.ac.nz/maonze/transcript?ag_id=1524#ew_0_887514,0.23,230,5.438079309,,
8577,ua,g_305;em_12_162466;n_6240920-n_6240923;p_81;#=ew_69_186508;prefix=35187-;[0]=ew_0_1265895,L1Y03M,L1,35.594,35.364,https://labbcat.canterbury.ac.nz/maonze/transcript?ag_id=305#ew_0_1265895,0.23,230,5.438079309,,
9142,ua,g_487;em_12_49891;n_71700-n_71701;p_122;#=ew_69_169380;prefix=19271-;[0]=ew_0_313052,K010M,PresentElder,111.126,110.896,https://labbcat.canterbury.ac.nz/maonze/transcript?ag_id=487#ew_0_313052,0.23,230,5.438079309,,
9209,ua,g_50;em_12_158336;n_5387822-n_5387827;p_32;#=ew_69_157563;prefix=07808-;[0]=ew_0_1207783,K004M,PresentElder,78.077,77.847,https://labbcat.canterbury.ac.nz/maonze/transcript?ag_id=50#ew_0_1207783,0.23,230,5.438079309,,
9285,ua,g_598;em_12_63945;n_83544-n_83545;p_140;#=ew_69_189498;prefix=38479-;[0]=ew_0_1248224,L1Y05M,L1,87.168,86.938,https://labbcat.canterbury.ac.nz/maonze/transcript?ag_id=598#ew_0_1248224,0.23,230,5.438079309,,
9347,ua,g_607;em_12_64534;n_10381-n_84111;p_140;#=ew_69_191120;prefix=40139-;[0]=ew_0_387285,L1Y05M,L1,110.015,109.785,https://labbcat.canterbury.ac.nz/maonze/transcript?ag_id=607#ew_0_387285,0.23,230,5.438079309,,
9605,ua,g_641;em_12_66924;n_10679-n_86192;p_145;#=ew_69_201562;prefix=49870-;[0]=ew_0_1108215,L2Y01M,L2,111.988,111.758,https://labbcat.canterbury.ac.nz/maonze/transcript?ag_id=641#ew_0_1108215,0.23,230,5.438079309,,
10569,ua,g_975;em_12_93198;n_106516-n_106517;p_184;#=ew_69_223913;prefix=71180-;[0]=ew_0_604689,R004M,PresentElder,47.776,47.546,https://labbcat.canterbury.ac.nz/maonze/transcript?ag_id=975#ew_0_604689,0.23,230,5.438079309,,
13,ea,g_100;em_12_6973;n_742-n_36819;p_41;#=ew_69_162556;prefix=13264-;[0]=ew_0_68315,K007M,PresentElder,4.26,4.03,https://labbcat.canterbury.ac.nz/maonze/transcript?ag_id=100#ew_0_68315,0.23,230,5.438079309,,
585,ea,g_1525;em_12_126177;n_130203-n_130204;p_287;#=ew_69_228564;prefix=75445-;[0]=ew_0_887874,R006M,PresentElder,9.92,9.69,https://labbcat.canterbury.ac.nz/maonze/transcript?ag_id=1525#ew_0_887874,0.23,230,5.438079309,,
1095,ea,g_1903;em_12_156509;n_5279530-n_5279555;p_333;#=ew_69_239876;prefix=85475-;[0]=ew_0_1187312,R012M,PresentElder,17.164,16.934,https://labbcat.canterbury.ac.nz/maonze/transcript?ag_id=1903#ew_0_1187312,0.23,230,5.438079309,,
1197,ea,g_1945;em_12_165922;n_6847814-n_6847822;p_28;#=ew_69_151086;prefix=01505-;[0]=ew_0_1297516,K001M,PresentElder,22.133,21.903,https://labbcat.canterbury.ac.nz/maonze/transcript?ag_id=1945#ew_0_1297516,0.23,230,5.438079309,,
1236,ea,g_23;em_12_1891;n_32507-n_32508;p_19;#=ew_69_153004;prefix=04314-;[0]=ew_0_16159,K002M,PresentElder,28.48,28.25,https://labbcat.canterbury.ac.nz/maonze/transcript?ag_id=23#ew_0_16159,0.23,230,5.438079309,,
2366,ea,g_871;em_12_87087;n_101771-n_101772;p_168;#=ew_69_173852;prefix=24224-;[0]=ew_0_553770,L1H02M,L1,30.715,30.485,https://labbcat.canterbury.ac.nz/maonze/transcript?ag_id=871#ew_0_553770,0.23,230,5.438079309,,
2374,ea,g_877;em_12_87391;n_102003-n_102004;p_169;#=ew_69_175300;prefix=24721-;[0]=ew_0_555682,L1H03M,L1,30.145,29.915,https://labbcat.canterbury.ac.nz/maonze/transcript?ag_id=877#ew_0_555682,0.23,230,5.438079309,,
2377,ea,g_878;em_12_87463;n_102046-n_102047;p_169;#=ew_69_174959;prefix=24829-;[0]=ew_0_556093,L1H03M,L1,5.301,5.071,https://labbcat.canterbury.ac.nz/maonze/transcript?ag_id=878#ew_0_556093,0.23,230,5.438079309,,
2382,ea,g_880;em_12_87606;n_15091-n_102134;p_169;#=ew_69_175423;prefix=24929-;[0]=ew_0_556951,L1H03M,L1,23.587,23.357,https://labbcat.canterbury.ac.nz/maonze/transcript?ag_id=880#ew_0_556951,0.23,230,5.438079309,,
2665,ea,g_963;em_12_92440;n_16088-n_105957;p_183;#=ew_69_221729;prefix=69554-;[0]=ew_0_598347,R003M,PresentElder,24.532,24.302,https://labbcat.canterbury.ac.nz/maonze/transcript?ag_id=963#ew_0_598347,0.23,230,5.438079309,,
2794,ea,g_983;em_12_93784;n_16507-n_106882;p_182;#=ew_69_225477;prefix=72419-;[0]=ew_0_609022,R005M,PresentElder,20.062,19.832,https://labbcat.canterbury.ac.nz/maonze/transcript?ag_id=983#ew_0_609022,0.23,230,5.438079309,,
2957,ia,g_1031;em_12_96450;n_108792-n_108793;p_190;#=ew_69_233927;prefix=80185-;[0]=ew_0_635668,R009M,PresentElder,12.487,12.257,https://labbcat.canterbury.ac.nz/maonze/transcript?ag_id=1031#ew_0_635668,0.23,230,5.438079309,,
3515,ia,g_1662;em_12_134617;n_136475-n_6399884;p_302;#=ew_69_197023;prefix=45691-;[0]=ew_0_953017,L2H04M,L2,16.175,15.945,https://labbcat.canterbury.ac.nz/maonze/transcript?ag_id=1662#ew_0_953017,0.23,230,5.438079309,,
4606,ia,g_887;em_12_88103;n_102413-n_102414;p_169;#=ew_69_175943;prefix=25523-;[0]=ew_0_559809,L1H03M,L1,15.973,15.743,https://labbcat.canterbury.ac.nz/maonze/transcript?ag_id=887#ew_0_559809,0.23,230,5.438079309,,
4944,oa,g_1011;em_12_95454;n_108329-n_108330;p_188;#=ew_69_229513;prefix=76515-;[0]=ew_0_1281582,R007M,PresentElder,4.449,4.219,https://labbcat.canterbury.ac.nz/maonze/transcript?ag_id=1011#ew_0_1281582,0.23,230,5.438079309,,
5017,oa,g_1033;em_12_96536;n_17274-n_108855;p_190;#=ew_69_233520;prefix=80463-;[0]=ew_0_636903,R009M,PresentElder,5.19,4.96,https://labbcat.canterbury.ac.nz/maonze/transcript?ag_id=1033#ew_0_636903,0.23,230,5.438079309,,
5193,oa,g_1209;em_12_109595;n_118380-n_118381;p_244;#=ew_69_243704;prefix=90431-;[0]=ew_0_729343,WU04M,Historical,9.82,9.59,https://labbcat.canterbury.ac.nz/maonze/transcript?ag_id=1209#ew_0_729343,0.23,230,5.438079309,,
5222,oa,g_1240;em_12_160122;n_5825975-n_5825983;p_249;#=ew_69_181100;prefix=30353-;[0]=ew_0_1226464,L1H06M,L1,21.908,21.678,https://labbcat.canterbury.ac.nz/maonze/transcript?ag_id=1240#ew_0_1226464,0.23,230,5.438079309,,
5470,oa,g_1658;em_12_134458;n_136379-n_136380;p_300;#=ew_69_195051;prefix=43619-;[0]=ew_0_951351,L2H02M,L2,27.56,27.33,https://labbcat.canterbury.ac.nz/maonze/transcript?ag_id=1658#ew_0_951351,0.23,230,5.438079309,,
5541,oa,g_1748;em_12_139725;n_140426-n_140427;p_318;#=ew_69_231132;prefix=77765-;[0]=ew_0_1001993,R008M,PresentElder,28.759,28.529,https://labbcat.canterbury.ac.nz/maonze/transcript?ag_id=1748#ew_0_1001993,0.23,230,5.438079309,,
5765,oa,g_1923;em_12_163415;n_6538147-n_6538158;p_181;#=ew_69_220900;prefix=68511-;[0]=ew_0_1279264,R002M,PresentElder,16.627,16.397,https://labbcat.canterbury.ac.nz/maonze/transcript?ag_id=1923#ew_0_1279264,0.23,230,5.438079309,,
5917,oa,g_338;em_12_33390;n_6006-n_7087710;p_85;#=ew_69_185145;prefix=34312-;[0]=ew_0_222801,L1Y02M,L1,0.69,0.46,https://labbcat.canterbury.ac.nz/maonze/transcript?ag_id=338#ew_0_222801,0.23,230,5.438079309,,
5927,oa,g_343;em_12_33540;n_57743-n_57744;p_85;#=ew_69_185231;prefix=34504-;[0]=ew_0_224823,L1Y02M,L1,12.406,12.176,https://labbcat.canterbury.ac.nz/maonze/transcript?ag_id=343#ew_0_224823,0.23,230,5.438079309,,
5938,oa,g_352;em_12_33935;n_58057-n_58058;p_87;#=ew_69_210909;prefix=59682-;[0]=ew_0_228228,MU03M,Historical,26.431,26.201,https://labbcat.canterbury.ac.nz/maonze/transcript?ag_id=352#ew_0_228228,0.23,230,5.438079309,,
6449,oa,g_884;em_12_87888;n_102300-n_102301;p_169;#=ew_69_175580;prefix=25324-;[0]=ew_0_558689,L1H03M,L1,30.904,30.674,https://labbcat.canterbury.ac.nz/maonze/transcript?ag_id=884#ew_0_558689,0.23,230,5.438079309,,
7250,ua,g_117;em_12_8470;n_1030-n_38028;p_43;#=ew_69_211465;prefix=58586-;[0]=ew_0_1113532,MU02M,Historical,8.9,8.67,https://labbcat.canterbury.ac.nz/maonze/transcript?ag_id=117#ew_0_1113532,0.23,230,5.438079309,,
7628,ua,g_1524;em_12_126138;n_130169-n_130170;p_287;#=ew_69_228545;prefix=75285-;[0]=ew_0_887310,R006M,PresentElder,17.035,16.805,https://labbcat.canterbury.ac.nz/maonze/transcript?ag_id=1524#ew_0_887310,0.23,230,5.438079309,,
7809,ua,g_1634;em_12_132742;n_134988-n_134989;p_288;#=ew_69_195504;prefix=43937-;[0]=ew_0_939846,L2H03M,L2,29.271,29.041,https://labbcat.canterbury.ac.nz/maonze/transcript?ag_id=1634#ew_0_939846,0.23,230,5.438079309,,
8017,ua,g_1669;em_12_134940;n_136749-n_136750;p_302;#=ew_69_198394;prefix=46672-;[0]=ew_0_956626,L2H04M,L2,6.853,6.623,https://labbcat.canterbury.ac.nz/maonze/transcript?ag_id=1669#ew_0_956626,0.23,230,5.438079309,,
8442,ua,g_1922;em_12_162576;n_6278555-n_6278561;p_337;#=ew_69_216829;prefix=64205-;[0]=ew_0_1267564,MU11M,Historical,27.949,27.719,https://labbcat.canterbury.ac.nz/maonze/transcript?ag_id=1922#ew_0_1267564,0.23,230,5.438079309,,
8726,ua,g_331;em_12_33224;n_57488-n_57489;p_85;#=ew_69_184153;prefix=33299-;[0]=ew_0_220657,L1Y02M,L1,18.703,18.473,https://labbcat.canterbury.ac.nz/maonze/transcript?ag_id=331#ew_0_220657,0.23,230,5.438079309,,
8914,ua,g_386;em_12_39158;n_62953-n_62954;p_95;#=ew_69_215625;prefix=62725-;[0]=ew_0_248581,MU06M,Historical,26.19,25.96,https://labbcat.canterbury.ac.nz/maonze/transcript?ag_id=386#ew_0_248581,0.23,230,5.438079309,,
5540,oa,g_1748;em_12_139722;n_140423-n_140424;p_318;#=ew_69_231121;prefix=77755-;[0]=ew_0_1001965,R008M,PresentElder,13.703,13.473,https://labbcat.canterbury.ac.nz/maonze/transcript?ag_id=1748#ew_0_1001965,0.23,230,5.438079309,,
6595,oa,g_962;em_12_92352;n_6578864-n_105911;p_183;#=ew_69_222282;prefix=69345-;[0]=ew_0_597601,R003M,PresentElder,15.139,14.909,https://labbcat.canterbury.ac.nz/maonze/transcript?ag_id=962#ew_0_597601,0.23,230,5.438079309,,
61,ea,g_102;em_12_163040;n_6285885-n_6285890;p_41;#=ew_69_163237;prefix=13722-;[0]=ew_0_1271334,K007M,PresentElder,32.147,31.917,https://labbcat.canterbury.ac.nz/maonze/transcript?ag_id=102#ew_0_1271334,0.23,230,5.438079309,,
818,ea,g_1665;em_12_134778;n_136611-n_136612;p_302;#=ew_69_197672;prefix=46139-;[0]=ew_0_954692,L2H04M,L2,45.687,45.457,https://labbcat.canterbury.ac.nz/maonze/transcript?ag_id=1665#ew_0_954692,0.23,230,5.438079309,,
1174,ea,g_1943;em_12_165672;n_6845824-n_6845839;p_19;#=ew_69_151830;prefix=02580-;[0]=ew_0_1295554,K002M,PresentElder,51.855,51.625,https://labbcat.canterbury.ac.nz/maonze/transcript?ag_id=1943#ew_0_1295554,0.23,230,5.438079309,,
1435,ea,g_328;em_12_33140;n_57421-n_57422;p_85;#=ew_69_184526;prefix=33623-;[0]=ew_0_219573,L1Y02M,L1,41.263,41.033,https://labbcat.canterbury.ac.nz/maonze/transcript?ag_id=328#ew_0_219573,0.23,230,5.438079309,,
2782,ea,g_982;em_12_93727;n_16498-n_106834;p_184;#=ew_69_225286;prefix=72146-;[0]=ew_0_608506,R004M,PresentElder,40.525,40.295,https://labbcat.canterbury.ac.nz/maonze/transcript?ag_id=982#ew_0_608506,0.23,230,5.438079309,,
3005,ia,g_1040;em_12_96982;n_109172-n_109173;p_193;#=ew_69_234725;prefix=81939-;[0]=ew_0_642032,R010M,PresentElder,39.221,38.991,https://labbcat.canterbury.ac.nz/maonze/transcript?ag_id=1040#ew_0_642032,0.23,230,5.438079309,,
3614,ia,g_1848;em_12_149460;n_3853895-n_3853917;p_49;#=ew_69_205440;prefix=53413-;[0]=ew_0_1106211,L2Y03M,L2,59.031,58.801,https://labbcat.canterbury.ac.nz/maonze/transcript?ag_id=1848#ew_0_1106211,0.23,230,5.438079309,,
4494,ia,g_83;em_12_5644;n_35702-n_35703;p_37;#=ew_69_160331;prefix=10885-;[0]=ew_0_56688,K005M,PresentElder,22.801,22.571,https://labbcat.canterbury.ac.nz/maonze/transcript?ag_id=83#ew_0_56688,0.23,230,5.438079309,,
4576,ia,g_868;em_12_86812;n_101600-n_101601;p_168;#=ew_69_174051;prefix=23744-;[0]=ew_0_551846,L1H02M,L1,22.426,22.196,https://labbcat.canterbury.ac.nz/maonze/transcript?ag_id=868#ew_0_551846,0.23,230,5.438079309,,
4585,ia,g_873;em_12_87197;n_101860-n_101861;p_168;#=ew_69_174262;prefix=24403-;[0]=ew_0_554523,L1H02M,L1,63.556,63.326,https://labbcat.canterbury.ac.nz/maonze/transcript?ag_id=873#ew_0_554523,0.23,230,5.438079309,,
4596,ia,g_883;em_12_87826;n_102273-n_102274;p_169;#=ew_69_175757;prefix=25258-;[0]=ew_0_558319,L1H03M,L1,50.122,49.892,https://labbcat.canterbury.ac.nz/maonze/transcript?ag_id=883#ew_0_558319,0.23,230,5.438079309,,
5949,oa,g_368;em_12_150116;n_59535-n_4458745;p_92;#=ew_69_212598;prefix=60417-;[0]=ew_0_1122828,MU04M,Historical,49.918,49.688,https://labbcat.canterbury.ac.nz/maonze/transcript?ag_id=368#ew_0_1122828,0.23,230,5.438079309,,
6412,oa,g_866;em_12_86639;n_14794-n_101486;p_168;#=ew_69_173160;prefix=23366-;[0]=ew_0_550462,L1H02M,L1,25.891,25.661,https://labbcat.canterbury.ac.nz/maonze/transcript?ag_id=866#ew_0_550462,0.23,230,5.438079309,,
7051,ua,g_1073;em_12_99645;n_110858-n_110859;p_206;#=ew_69_245219;prefix=91540-;[0]=ew_0_660972,WU06M,Historical,21.243,21.013,https://labbcat.canterbury.ac.nz/maonze/transcript?ag_id=1073#ew_0_660972,0.23,230,5.438079309,,
7767,ua,g_1624;em_12_132227;n_26887-n_26888;p_299;#=ew_69_192976;prefix=41283-;[0]=ew_0_936392,L2H01M,L2,46.616,46.386,https://labbcat.canterbury.ac.nz/maonze/transcript?ag_id=1624#ew_0_936392,0.23,230,5.438079309,,
9194,ua,g_496;em_12_51370;n_8695-n_72728;p_122;#=ew_69_170440;prefix=20401-;[0]=ew_0_1098113,K010M,PresentElder,57.421,57.191,https://labbcat.canterbury.ac.nz/maonze/transcript?ag_id=496#ew_0_1098113,0.23,230,5.438079309,,
10289,ua,g_929;em_12_90537;n_104354-n_104355;p_179;#=ew_69_216930;prefix=65127-;[0]=ew_0_581725,R001M,PresentElder,62.562,62.332,https://labbcat.canterbury.ac.nz/maonze/transcript?ag_id=929#ew_0_581725,0.23,230,5.438079309,,
10449,ua,g_956;em_12_163352;n_6536602-n_6536606;p_181;#=ew_69_220989;prefix=68426-;[0]=ew_0_1278718,R002M,PresentElder,58.583,58.353,https://labbcat.canterbury.ac.nz/maonze/transcript?ag_id=956#ew_0_1278718,0.23,230,5.438079309,,
10659,ua,g_989;em_12_150948;n_4619393-n_4619397;p_182;#=ew_69_225808;prefix=73266-;[0]=ew_0_1128223,R005M,PresentElder,45.711,45.481,https://labbcat.canterbury.ac.nz/maonze/transcript?ag_id=989#ew_0_1128223,0.23,230,5.438079309,,
346,ea,g_1203;em_12_108992;n_117793-n_117794;p_244;#=ew_69_244141;prefix=89647-;[0]=ew_0_725992,WU04M,Historical,102.314,102.084,https://labbcat.canterbury.ac.nz/maonze/transcript?ag_id=1203#ew_0_725992,0.23,230,5.438079309,,
434,ea,g_1241;em_12_111554;n_21775-n_5827790;p_249;#=ew_69_181021;prefix=30517-;[0]=ew_0_745896,L1H06M,L1,78.377,78.147,https://labbcat.canterbury.ac.nz/maonze/transcript?ag_id=1241#ew_0_745896,0.23,230,5.438079309,,
529,ea,g_1396;em_12_119326;n_124781-n_4742997;p_262;#=ew_69_249986;prefix=95657-;[0]=ew_0_826647,WU08M,Historical,216.958,216.728,https://labbcat.canterbury.ac.nz/maonze/transcript?ag_id=1396#ew_0_826647,0.23,230,5.438079309,,
611,ea,g_1531;em_12_126458;n_25368-n_130414;p_200;#=ew_69_216180;prefix=63477-;[0]=ew_0_891425,MU08M,Historical,171.303,171.073,https://labbcat.canterbury.ac.nz/maonze/transcript?ag_id=1531#ew_0_891425,0.23,230,5.438079309,,
697,ea,g_1636;em_12_132924;n_135161-n_135162;p_288;#=ew_69_195299;prefix=44289-;[0]=ew_0_1275619,L2H03M,L2,177.826,177.596,https://labbcat.canterbury.ac.nz/maonze/transcript?ag_id=1636#ew_0_1275619,0.23,230,5.438079309,,
742,ea,g_1648;em_12_133693;n_135841-n_135842;p_300;#=ew_69_193680;prefix=42422-;[0]=ew_0_946484,L2H02M,L2,166.551,166.321,https://labbcat.canterbury.ac.nz/maonze/transcript?ag_id=1648#ew_0_946484,0.23,230,5.438079309,,
889,ea,g_1678;em_12_135431;n_137145-n_137146;p_307;#=ew_69_200151;prefix=48341-;[0]=ew_0_961368,L2H05M,L2,181.786,181.556,https://labbcat.canterbury.ac.nz/maonze/transcript?ag_id=1678#ew_0_961368,0.23,230,5.438079309,,
913,ea,g_1682;em_12_135709;n_137334-n_27651;p_307;#=ew_69_199454;prefix=47731-;[0]=ew_0_963275,L2H05M,L2,167.564,167.334,https://labbcat.canterbury.ac.nz/maonze/transcript?ag_id=1682#ew_0_963275,0.23,230,5.438079309,,
1012,ea,g_1848;em_12_149501;n_3854406-n_3854420;p_49;#=ew_69_205588;prefix=53490-;[0]=ew_0_1106646,L2Y03M,L2,252.661,252.431,https://labbcat.canterbury.ac.nz/maonze/transcript?ag_id=1848#ew_0_1106646,0.23,230,5.438079309,,
1739,ea,g_490;em_12_50477;n_72102-n_72103;p_122;#=ew_69_170345;prefix=19661-;[0]=ew_0_315251,K010M,PresentElder,200.035,199.805,https://labbcat.canterbury.ac.nz/maonze/transcript?ag_id=490#ew_0_315251,0.23,230,5.438079309,,
1800,ea,g_52;em_12_3748;n_34081-n_5388459;p_32;#=ew_69_158043;prefix=08136-;[0]=ew_0_34585,K004M,PresentElder,183.307,183.077,https://labbcat.canterbury.ac.nz/maonze/transcript?ag_id=52#ew_0_34585,0.23,230,5.438079309,,
1986,ea,g_625;em_12_65302;n_84822-n_84823;p_142;#=ew_69_183188;prefix=32754-;[0]=ew_0_395987,L1Y01M,L1,72.27,72.04,https://labbcat.canterbury.ac.nz/maonze/transcript?ag_id=625#ew_0_395987,0.23,230,5.438079309,,
2118,ea,g_662;em_12_70372;n_89172-n_89173;p_148;#=ew_69_207122;prefix=55067-;[0]=ew_0_419984,L2Y05M,L2,185.795,185.565,https://labbcat.canterbury.ac.nz/maonze/transcript?ag_id=662#ew_0_419984,0.23,230,5.438079309,,
2228,ea,g_848;em_12_85421;n_100438-n_100439;p_167;#=ew_69_170982;prefix=20727-;[0]=ew_0_540624,L1H01M,L1,229.331,229.101,https://labbcat.canterbury.ac.nz/maonze/transcript?ag_id=848#ew_0_540624,0.23,230,5.438079309,,
2238,ea,g_850;em_12_85520;n_5651094-n_100536;p_167;#=ew_69_171287;prefix=20969-;[0]=ew_0_541523,L1H01M,L1,114.704,114.474,https://labbcat.canterbury.ac.nz/maonze/transcript?ag_id=850#ew_0_541523,0.23,230,5.438079309,,
2360,ea,g_869;em_12_86981;n_14906-n_101703;p_168;#=ew_69_174602;prefix=24057-;[0]=ew_0_553017,L1H02M,L1,247.809,247.579,https://labbcat.canterbury.ac.nz/maonze/transcript?ag_id=869#ew_0_553017,0.23,230,5.438079309,,
2776,ea,g_981;em_12_93672;n_106805-n_106806;p_184;#=ew_69_224689;prefix=72068-;[0]=ew_0_608087,R004M,PresentElder,94.008,93.778,https://labbcat.canterbury.ac.nz/maonze/transcript?ag_id=981#ew_0_608087,0.23,230,5.438079309,,
3136,ia,g_11;em_12_798;n_31444-n_31445;p_28;#=ew_69_149256;prefix=00293-;[0]=ew_0_7163,K001M,PresentElder,74.615,74.385,https://labbcat.canterbury.ac.nz/maonze/transcript?ag_id=11#ew_0_7163,0.23,230,5.438079309,,
3297,ia,g_1384;em_12_118905;n_124401-n_124402;p_262;#=ew_69_248232;prefix=94074-;[0]=ew_0_820561,WU08M,Historical,73.457,73.227,https://labbcat.canterbury.ac.nz/maonze/transcript?ag_id=1384#ew_0_820561,0.23,230,5.438079309,,
3370,ia,g_1526;em_12_126255;n_130270-n_130271;p_287;#=ew_69_229044;prefix=75765-;[0]=ew_0_889005,R006M,PresentElder,246.934,246.704,https://labbcat.canterbury.ac.nz/maonze/transcript?ag_id=1526#ew_0_889005,0.23,230,5.438079309,,
3374,ia,g_1528;em_12_126326;n_130339-n_7046151;p_287;#=ew_69_229441;prefix=76106-;[0]=ew_0_890170,R006M,PresentElder,173.006,172.776,https://labbcat.canterbury.ac.nz/maonze/transcript?ag_id=1528#ew_0_890170,0.23,230,5.438079309,,
3569,ia,g_1688;em_12_136055;n_137526-n_137527;p_307;#=ew_69_199832;prefix=48028-;[0]=ew_0_965757,L2H05M,L2,95.413,95.183,https://labbcat.canterbury.ac.nz/maonze/transcript?ag_id=1688#ew_0_965757,0.23,230,5.438079309,,
4286,ia,g_60;em_12_158402;n_5388077-n_5388081;p_32;#=ew_69_159187;prefix=09889-;[0]=ew_0_1208210,K004M,PresentElder,175.441,175.211,https://labbcat.canterbury.ac.nz/maonze/transcript?ag_id=60#ew_0_1208210,0.23,230,5.438079309,,
4362,ia,g_628;em_12_65498;n_85002-n_85003;p_143;#=ew_69_202456;prefix=50470-;[0]=ew_0_397716,L2Y02M,L2,140.391,140.161,https://labbcat.canterbury.ac.nz/maonze/transcript?ag_id=628#ew_0_397716,0.23,230,5.438079309,,
4424,ia,g_664;em_12_171231;n_7016085-n_89250;p_148;#=ew_69_207287;prefix=55385-;[0]=ew_0_1116039,L2Y05M,L2,163.337,163.107,https://labbcat.canterbury.ac.nz/maonze/transcript?ag_id=664#ew_0_1116039,0.23,230,5.438079309,,
4768,ia,g_947;em_12_91649;n_105326-n_105327;p_181;#=ew_69_220782;prefix=67298-;[0]=ew_0_589525,R002M,PresentElder,165.06,164.83,https://labbcat.canterbury.ac.nz/maonze/transcript?ag_id=947#ew_0_589525,0.23,230,5.438079309,,
4836,ia,g_971;em_12_92932;n_106308-n_106309;p_184;#=ew_69_223556;prefix=70560-;[0]=ew_0_602496,R004M,PresentElder,85.508,85.278,https://labbcat.canterbury.ac.nz/maonze/transcript?ag_id=971#ew_0_602496,0.23,230,5.438079309,,
4935,oa,g_1009;em_12_95363;n_108286-n_108287;p_188;#=ew_69_229863;prefix=76347-;[0]=ew_0_624616,R007M,PresentElder,221.798,221.568,https://labbcat.canterbury.ac.nz/maonze/transcript?ag_id=1009#ew_0_624616,0.23,230,5.438079309,,
5228,oa,g_1244;em_12_111773;n_21964-n_21965;p_249;#=ew_69_181516;prefix=30850-;[0]=ew_0_748033,L1H06M,L1,227.512,227.282,https://labbcat.canterbury.ac.nz/maonze/transcript?ag_id=1244#ew_0_748033,0.23,230,5.438079309,,
5315,oa,g_1518;em_12_125847;n_129915-n_129916;p_287;#=ew_69_227873;prefix=74189-;[0]=ew_0_883926,R006M,PresentElder,139.852,139.622,https://labbcat.canterbury.ac.nz/maonze/transcript?ag_id=1518#ew_0_883926,0.23,230,5.438079309,,
5338,oa,g_1524;em_12_126164;n_130193-n_130194;p_287;#=ew_69_228761;prefix=75394-;[0]=ew_0_887692,R006M,PresentElder,179.986,179.756,https://labbcat.canterbury.ac.nz/maonze/transcript?ag_id=1524#ew_0_887692,0.23,230,5.438079309,,
5475,oa,g_1658;em_12_134497;n_27370-n_27371;p_300;#=ew_69_195140;prefix=43707-;[0]=ew_0_951689,L2H02M,L2,173.339,173.109,https://labbcat.canterbury.ac.nz/maonze/transcript?ag_id=1658#ew_0_951689,0.23,230,5.438079309,,
6260,oa,g_631;em_12_66038;n_85503-n_85504;p_143;#=ew_69_202468;prefix=51368-;[0]=ew_0_401115,L2Y02M,L2,238.655,238.425,https://labbcat.canterbury.ac.nz/maonze/transcript?ag_id=631#ew_0_401115,0.23,230,5.438079309,,
6301,oa,g_645;em_12_67193;n_86403-n_86404;p_145;#=ew_69_202057;prefix=50236-;[0]=ew_0_411779,L2Y01M,L2,214.505,214.275,https://labbcat.canterbury.ac.nz/maonze/transcript?ag_id=645#ew_0_411779,0.23,230,5.438079309,,
6304,oa,g_649;em_12_67399;n_86577-n_86578;p_146;#=ew_69_205661;prefix=53682-;[0]=ew_0_413140,L2Y04M,L2,71.865,71.635,https://labbcat.canterbury.ac.nz/maonze/transcript?ag_id=649#ew_0_413140,0.23,230,5.438079309,,
6367,oa,g_851;em_12_85601;n_100613-n_100614;p_167;#=ew_69_171211;prefix=21154-;[0]=ew_0_542249,L1H01M,L1,178.762,178.532,https://labbcat.canterbury.ac.nz/maonze/transcript?ag_id=851#ew_0_542249,0.23,230,5.438079309,,
6368,oa,g_852;em_12_85679;n_100688-n_100689;p_167;#=ew_69_171101;prefix=21298-;[0]=ew_0_542896,L1H01M,L1,199.033,198.803,https://labbcat.canterbury.ac.nz/maonze/transcript?ag_id=852#ew_0_542896,0.23,230,5.438079309,,
6406,oa,g_865;em_12_86594;n_101454-n_101455;p_168;#=ew_69_173566;prefix=23285-;[0]=ew_0_550089,L1H02M,L1,150.244,150.014,https://labbcat.canterbury.ac.nz/maonze/transcript?ag_id=865#ew_0_550089,0.23,230,5.438079309,,
6444,oa,g_881;em_12_87734;n_102211-n_102212;p_169;#=ew_69_175215;prefix=25107-;[0]=ew_0_557703,L1H03M,L1,206.277,206.047,https://labbcat.canterbury.ac.nz/maonze/transcript?ag_id=881#ew_0_557703,0.23,230,5.438079309,,
6467,oa,g_892;em_12_88373;n_102644-n_102645;p_174;#=ew_69_179566;prefix=28745-;[0]=ew_0_562307,L1H05M,L1,180.066,179.836,https://labbcat.canterbury.ac.nz/maonze/transcript?ag_id=892#ew_0_562307,0.23,230,5.438079309,,
6554,oa,g_941;em_12_91409;n_105118-n_105119;p_179;#=ew_69_219776;prefix=66674-;[0]=ew_0_587360,R001M,PresentElder,193.778,193.548,https://labbcat.canterbury.ac.nz/maonze/transcript?ag_id=941#ew_0_587360,0.23,230,5.438079309,,
6597,oa,g_962;em_12_92413;n_16076-n_105942;p_183;#=ew_69_222574;prefix=69498-;[0]=ew_0_598132,R003M,PresentElder,230.85,230.62,https://labbcat.canterbury.ac.nz/maonze/transcript?ag_id=962#ew_0_598132,0.23,230,5.438079309,,
6606,oa,g_968;em_12_92809;n_16209-n_16210;p_183;#=ew_69_223273;prefix=70273-;[0]=ew_0_601452,R003M,PresentElder,212.522,212.292,https://labbcat.canterbury.ac.nz/maonze/transcript?ag_id=968#ew_0_601452,0.23,230,5.438079309,,
6813,ua,g_1026;em_12_96254;n_108671-n_108672;p_190;#=ew_69_232627;prefix=79491-;[0]=ew_0_632947,R009M,PresentElder,207.009,206.779,https://labbcat.canterbury.ac.nz/maonze/transcript?ag_id=1026#ew_0_632947,0.23,230,5.438079309,,
6831,ua,g_1029;em_12_96383;n_108744-n_108745;p_190;#=ew_69_233619;prefix=79925-;[0]=ew_0_634711,R009M,PresentElder,124.564,124.334,https://labbcat.canterbury.ac.nz/maonze/transcript?ag_id=1029#ew_0_634711,0.23,230,5.438079309,,
6973,ua,g_1045;em_12_97442;n_109372-n_6793345;p_193;#=ew_69_236423;prefix=82615-;[0]=ew_0_645995,R010M,PresentElder,123.698,123.468,https://labbcat.canterbury.ac.nz/maonze/transcript?ag_id=1045#ew_0_645995,0.23,230,5.438079309,,
7123,ua,g_1082;em_12_100161;n_111293-n_111294;p_208;#=ew_69_247168;prefix=92697-;[0]=ew_0_665660,WU07M,Historical,153.712,153.482,https://labbcat.canterbury.ac.nz/maonze/transcript?ag_id=1082#ew_0_665660,0.23,230,5.438079309,,
7369,ua,g_1238;em_12_160095;n_5825407-n_5825415;p_249;#=ew_69_180546;prefix=30182-;[0]=ew_0_1229506,L1H06M,L1,155.67,155.44,https://labbcat.canterbury.ac.nz/maonze/transcript?ag_id=1238#ew_0_1229506,0.23,230,5.438079309,,
7577,ua,g_1513;em_12_125602;n_25197-n_129739;p_276;#=ew_69_242003;prefix=88335-;[0]=ew_0_881750,WU03M,Historical,169.289,169.059,https://labbcat.canterbury.ac.nz/maonze/transcript?ag_id=1513#ew_0_881750,0.23,230,5.438079309,,
8645,ua,g_318;em_12_161528;n_6130261-n_6130262;p_89;#=ew_69_188025;prefix=36929-;[0]=ew_0_1254855,L1Y04M,L1,252.653,252.423,https://labbcat.canterbury.ac.nz/maonze/transcript?ag_id=318#ew_0_1254855,0.23,230,5.438079309,,
8788,ua,g_343;em_12_33561;n_57762-n_57763;p_85;#=ew_69_185448;prefix=34606-;[0]=ew_0_1243641,L1Y02M,L1,147.081,146.851,https://labbcat.canterbury.ac.nz/maonze/transcript?ag_id=343#ew_0_1243641,0.23,230,5.438079309,,
8855,ua,g_369;em_12_35878;n_59704-n_59705;p_92;#=ew_69_213033;prefix=60622-;[0]=ew_0_238223,MU04M,Historical,100.981,100.751,https://labbcat.canterbury.ac.nz/maonze/transcript?ag_id=369#ew_0_238223,0.23,230,5.438079309,,
8919,ua,g_386;em_12_39262;n_63057-n_63058;p_95;#=ew_69_215788;prefix=62850-;[0]=ew_0_249032,MU06M,Historical,203.946,203.716,https://labbcat.canterbury.ac.nz/maonze/transcript?ag_id=386#ew_0_249032,0.23,230,5.438079309,,
9129,ua,g_486;em_12_49804;n_71616-n_71617;p_121;#=ew_69_166832;prefix=16864-;[0]=ew_0_312622,K009M,PresentElder,161.886,161.656,https://labbcat.canterbury.ac.nz/maonze/transcript?ag_id=486#ew_0_312622,0.23,230,5.438079309,,
9577,ua,g_637;em_12_66623;n_85989-n_85990;p_145;#=ew_69_201004;prefix=49330-;[0]=ew_0_405675,L2Y01M,L2,71.347,71.117,https://labbcat.canterbury.ac.nz/maonze/transcript?ag_id=637#ew_0_405675,0.23,230,5.438079309,,
9667,ua,g_663;em_12_70417;n_89213-n_89214;p_148;#=ew_69_207580;prefix=55199-;[0]=ew_0_420696,L2Y05M,L2,220.643,220.413,https://labbcat.canterbury.ac.nz/maonze/transcript?ag_id=663#ew_0_420696,0.23,230,5.438079309,,
9835,ua,g_849;em_12_85483;n_100499-n_100500;p_167;#=ew_69_171510;prefix=20887-;[0]=ew_0_541223,L1H01M,L1,233.909,233.679,https://labbcat.canterbury.ac.nz/maonze/transcript?ag_id=849#ew_0_541223,0.23,230,5.438079309,,
10184,ua,g_907;em_12_89168;n_103258-n_15515;p_173;#=ew_69_177523;prefix=26641-;[0]=ew_0_570477,L1H04M,L1,221.566,221.336,https://labbcat.canterbury.ac.nz/maonze/transcript?ag_id=907#ew_0_570477,0.23,230,5.438079309,,
10324,ua,g_937;em_12_91103;n_104880-n_104881;p_179;#=ew_69_218900;prefix=66005-;[0]=ew_0_584984,R001M,PresentElder,245.631,245.401,https://labbcat.canterbury.ac.nz/maonze/transcript?ag_id=937#ew_0_584984,0.23,230,5.438079309,,
5761,oa,g_1922;em_12_162629;n_6279128-n_6279136;p_337;#=ew_69_217049;prefix=64315-;[0]=ew_0_1267606,MU11M,Historical,292.996,292.766,https://labbcat.canterbury.ac.nz/maonze/transcript?ag_id=1922#ew_0_1267606,0.23,230,5.438079309,,
5833,oa,g_307;em_12_30001;n_54795-n_54796;p_81;#=ew_69_186685;prefix=35527-;[0]=ew_0_207327,L1Y03M,L1,297.164,296.934,https://labbcat.canterbury.ac.nz/maonze/transcript?ag_id=307#ew_0_207327,0.23,230,5.438079309,,
9526,ua,g_631;em_12_66055;n_10487-n_85517;p_143;#=ew_69_202562;prefix=51400-;[0]=ew_0_401247,L2Y02M,L2,282.335,282.105,https://labbcat.canterbury.ac.nz/maonze/transcript?ag_id=631#ew_0_401247,0.23,230,5.438079309,,
453,ea,g_13;em_12_1045;n_31680-n_31681;p_19;#=ew_69_152806;prefix=03478-;[0]=ew_0_9127,K002M,PresentElder,259.367,259.147,https://labbcat.canterbury.ac.nz/maonze/transcript?ag_id=13#ew_0_9127,0.22,220,5.393627546,,
571,ea,g_1523;em_12_126123;n_130155-n_130156;p_287;#=ew_69_228319;prefix=75225-;[0]=ew_0_887057,R006M,PresentElder,172.61,172.39,https://labbcat.canterbury.ac.nz/maonze/transcript?ag_id=1523#ew_0_887057,0.22,220,5.393627546,,
791,ea,g_1658;em_12_134531;n_136418-n_136419;p_300;#=ew_69_195198;prefix=43760-;[0]=ew_0_951906,L2H02M,L2,271.776,271.556,https://labbcat.canterbury.ac.nz/maonze/transcript?ag_id=1658#ew_0_951906,0.22,220,5.393627546,,
2033,ea,g_632;em_12_66167;n_85621-n_85622;p_143;#=ew_69_203406;prefix=51623-;[0]=ew_0_402076,L2Y02M,L2,247.491,247.271,https://labbcat.canterbury.ac.nz/maonze/transcript?ag_id=632#ew_0_402076,0.22,220,5.393627546,,
2677,ea,g_967;em_12_92737;n_106156-n_106157;p_183;#=ew_69_223046;prefix=70135-;[0]=ew_0_600964,R003M,PresentElder,192.622,192.402,https://labbcat.canterbury.ac.nz/maonze/transcript?ag_id=967#ew_0_600964,0.22,220,5.393627546,,
3325,ia,g_1391;em_12_151920;n_4711987-n_23893;p_262;#=ew_69_249384;prefix=95079-;[0]=ew_0_1134648,WU08M,Historical,241.229,241.009,https://labbcat.canterbury.ac.nz/maonze/transcript?ag_id=1391#ew_0_1134648,0.22,220,5.393627546,,
3528,ia,g_1665;em_12_134816;n_136643-n_136644;p_302;#=ew_69_197840;prefix=46247-;[0]=ew_0_955052,L2H04M,L2,225.979,225.759,https://labbcat.canterbury.ac.nz/maonze/transcript?ag_id=1665#ew_0_955052,0.22,220,5.393627546,,
4062,ia,g_448;em_12_161465;n_6125956-n_6125958;p_110;#=ew_69_155643;prefix=06514-;[0]=ew_0_1252340,K003M,PresentElder,319.855,319.635,https://labbcat.canterbury.ac.nz/maonze/transcript?ag_id=448#ew_0_1252340,0.22,220,5.393627546,,
4249,ia,g_55;em_12_161990;n_6214587-n_6214588;p_32;#=ew_69_159003;prefix=08763-;[0]=ew_0_1259902,K004M,PresentElder,321.088,320.868,https://labbcat.canterbury.ac.nz/maonze/transcript?ag_id=55#ew_0_1259902,0.22,220,5.393627546,,
6282,oa,g_635;em_12_66483;n_10544-n_85888;p_145;#=ew_69_200762;prefix=49070-;[0]=ew_0_404598,L2Y01M,L2,289.3,289.08,https://labbcat.canterbury.ac.nz/maonze/transcript?ag_id=635#ew_0_404598,0.22,220,5.393627546,,
6616,oa,g_971;em_12_92960;n_106336-n_6582828;p_184;#=ew_69_223644;prefix=70646-;[0]=ew_0_602792,R004M,PresentElder,207.872,207.652,https://labbcat.canterbury.ac.nz/maonze/transcript?ag_id=971#ew_0_602792,0.22,220,5.393627546,,
7666,ua,g_1528;em_12_126338;n_130351-n_130352;p_287;#=ew_69_229472;prefix=76136-;[0]=ew_0_890341,R006M,PresentElder,256.812,256.592,https://labbcat.canterbury.ac.nz/maonze/transcript?ag_id=1528#ew_0_890341,0.22,220,5.393627546,,
8174,ua,g_1842;em_12_149149;n_3849623-n_3849640;p_49;#=ew_69_204896;prefix=52694-;[0]=ew_0_1102578,L2Y03M,L2,248.479,248.259,https://labbcat.canterbury.ac.nz/maonze/transcript?ag_id=1842#ew_0_1102578,0.22,220,5.393627546,,
9169,ua,g_490;em_12_50520;n_72137-n_72138;p_122;#=ew_69_170402;prefix=19715-;[0]=ew_0_1099782,K010M,PresentElder,288.343,288.123,https://labbcat.canterbury.ac.nz/maonze/transcript?ag_id=490#ew_0_1099782,0.22,220,5.393627546,,
2364,ea,g_87;em_12_5856;n_35900-n_35901;p_37;#=ew_69_161017;prefix=11531-;[0]=ew_0_59892,K005M,PresentElder,110.805,110.585,https://labbcat.canterbury.ac.nz/maonze/transcript?ag_id=87#ew_0_59892,0.22,220,5.393627546,,
5362,oa,g_1528;em_12_126312;n_130325-n_130326;p_287;#=ew_69_229380;prefix=76046-;[0]=ew_0_889982,R006M,PresentElder,78.305,78.085,https://labbcat.canterbury.ac.nz/maonze/transcript?ag_id=1528#ew_0_889982,0.22,220,5.393627546,,
7715,ua,g_1550;em_12_127454;n_25839-n_130935;p_293;#=ew_69_216726;prefix=64145-;[0]=ew_0_900731,MU10M,Historical,84.799,84.579,https://labbcat.canterbury.ac.nz/maonze/transcript?ag_id=1550#ew_0_900731,0.22,220,5.393627546,,
8973,ua,g_450;em_12_46544;n_69012-n_69013;p_110;#=ew_69_156653;prefix=06679-;[0]=ew_0_290912,K003M,PresentElder,116.915,116.695,https://labbcat.canterbury.ac.nz/maonze/transcript?ag_id=450#ew_0_290912,0.22,220,5.393627546,,
9514,ua,g_630;em_12_65824;n_85300-n_85301;p_143;#=ew_69_203578;prefix=50939-;[0]=ew_0_399535,L2Y02M,L2,101.421,101.201,https://labbcat.canterbury.ac.nz/maonze/transcript?ag_id=630#ew_0_399535,0.22,220,5.393627546,,
5089,oa,g_1073;em_12_99651;n_110864-n_110865;p_206;#=ew_69_245232;prefix=91553-;[0]=ew_0_661031,WU06M,Historical,45.2,44.98,https://labbcat.canterbury.ac.nz/maonze/transcript?ag_id=1073#ew_0_661031,0.22,220,5.393627546,,
6362,oa,g_851;em_12_85564;n_100576-n_100577;p_167;#=ew_69_171012;prefix=21057-;[0]=ew_0_541888,L1H01M,L1,38.761,38.541,https://labbcat.canterbury.ac.nz/maonze/transcript?ag_id=851#ew_0_541888,0.22,220,5.393627546,,
10244,ua,g_915;em_12_89413;n_103348-n_103349;p_173;#=ew_69_176695;prefix=25741-;[0]=ew_0_573760,L1H04M,L1,42.45,42.23,https://labbcat.canterbury.ac.nz/maonze/transcript?ag_id=915#ew_0_573760,0.22,220,5.393627546,,
1432,ea,g_328;em_12_33137;n_57418-n_57419;p_85;#=ew_69_184502;prefix=33603-;[0]=ew_0_219518,L1Y02M,L1,26.501,26.281,https://labbcat.canterbury.ac.nz/maonze/transcript?ag_id=328#ew_0_219518,0.22,220,5.393627546,,
5525,oa,g_1689;em_12_136110;n_137571-n_137572;p_307;#=ew_69_200308;prefix=48879-;[0]=ew_0_1277408,L2H05M,L2,25.05,24.83,https://labbcat.canterbury.ac.nz/maonze/transcript?ag_id=1689#ew_0_1277408,0.22,220,5.393627546,,
9475,ua,g_626;em_12_65336;n_84855-n_84856;p_142;#=ew_69_183652;prefix=32858-;[0]=ew_0_396343,L1Y01M,L1,21.013,20.793,https://labbcat.canterbury.ac.nz/maonze/transcript?ag_id=626#ew_0_396343,0.22,220,5.393627546,,
9820,ua,g_849;em_12_85432;n_100448-n_100449;p_167;#=ew_69_171371;prefix=20754-;[0]=ew_0_540719,L1H01M,L1,24.611,24.391,https://labbcat.canterbury.ac.nz/maonze/transcript?ag_id=849#ew_0_540719,0.22,220,5.393627546,,
545,ea,g_1514;em_12_125622;n_129746-n_25208;p_276;#=ew_69_241880;prefix=88191-;[0]=ew_0_881901,WU03M,Historical,14.388,14.168,https://labbcat.canterbury.ac.nz/maonze/transcript?ag_id=1514#ew_0_881901,0.22,220,5.393627546,,
1858,ea,g_58;em_12_162187;n_6217223-n_6217233;p_32;#=ew_69_159600;prefix=09417-;[0]=ew_0_1262176,K004M,PresentElder,6.179,5.959,https://labbcat.canterbury.ac.nz/maonze/transcript?ag_id=58#ew_0_1262176,0.22,220,5.393627546,,
5097,oa,g_1077;em_12_99836;n_111028-n_111029;p_208;#=ew_69_246337;prefix=92000-;[0]=ew_0_662844,WU07M,Historical,11.391,11.171,https://labbcat.canterbury.ac.nz/maonze/transcript?ag_id=1077#ew_0_662844,0.22,220,5.393627546,,
7713,ua,g_1550;em_12_127438;n_130921-n_130922;p_293;#=ew_69_216698;prefix=64117-;[0]=ew_0_900602,MU10M,Historical,6.804,6.584,https://labbcat.canterbury.ac.nz/maonze/transcript?ag_id=1550#ew_0_900602,0.22,220,5.393627546,,
8025,ua,g_1670;em_12_134977;n_6399122-n_27476;p_302;#=ew_69_198083;prefix=46857-;[0]=ew_0_957256,L2H04M,L2,15.295,15.075,https://labbcat.canterbury.ac.nz/maonze/transcript?ag_id=1670#ew_0_957256,0.22,220,5.393627546,,
10440,ua,g_954;em_12_91955;n_105576-n_105577;p_181;#=ew_69_221158;prefix=68011-;[0]=ew_0_593491,R002M,PresentElder,9.955,9.735,https://labbcat.canterbury.ac.nz/maonze/transcript?ag_id=954#ew_0_593491,0.22,220,5.393627546,,
735,ea,g_1648;em_12_133633;n_135801-n_27108;p_300;#=ew_69_193449;prefix=42316-;[0]=ew_0_1275185,L2H02M,L2,7.027,6.807,https://labbcat.canterbury.ac.nz/maonze/transcript?ag_id=1648#ew_0_1275185,0.22,220,5.393627546,,
5741,oa,g_1912;em_12_157051;n_5288295-n_5288308;p_333;#=ew_69_240099;prefix=87201-;[0]=ew_0_1194373,R012M,PresentElder,7.076,6.856,https://labbcat.canterbury.ac.nz/maonze/transcript?ag_id=1912#ew_0_1194373,0.22,220,5.393627546,,
49,ea,g_1019;em_12_163646;n_6670311-n_17099;p_188;#=ew_69_230365;prefix=77314-;[0]=ew_0_1281844,R007M,PresentElder,161.367,161.147,https://labbcat.canterbury.ac.nz/maonze/transcript?ag_id=1019#ew_0_1281844,0.22,220,5.393627546,,
105,ea,g_1031;em_12_96484;n_108818-n_108819;p_190;#=ew_69_234268;prefix=80305-;[0]=ew_0_636121,R009M,PresentElder,165.434,165.214,https://labbcat.canterbury.ac.nz/maonze/transcript?ag_id=1031#ew_0_636121,0.22,220,5.393627546,,
228,ea,g_1076;em_12_99818;n_111011-n_111012;p_208;#=ew_69_246199;prefix=91931-;[0]=ew_0_662639,WU07M,Historical,108.328,108.108,https://labbcat.canterbury.ac.nz/maonze/transcript?ag_id=1076#ew_0_662639,0.22,220,5.393627546,,
254,ea,g_1083;em_12_100246;n_18411-n_111365;p_208;#=ew_69_247245;prefix=92889-;[0]=ew_0_666439,WU07M,Historical,223.76,223.54,https://labbcat.canterbury.ac.nz/maonze/transcript?ag_id=1083#ew_0_666439,0.22,220,5.393627546,,
544,ea,g_1513;em_12_125612;n_25203-n_25204;p_276;#=ew_69_242026;prefix=88353-;[0]=ew_0_881829,WU03M,Historical,209.425,209.205,https://labbcat.canterbury.ac.nz/maonze/transcript?ag_id=1513#ew_0_881829,0.22,220,5.393627546,,
583,ea,g_1524;em_12_126169;n_130198-n_7046064;p_287;#=ew_69_228797;prefix=75413-;[0]=ew_0_887756,R006M,PresentElder,209.125,208.905,https://labbcat.canterbury.ac.nz/maonze/transcript?ag_id=1524#ew_0_887756,0.22,220,5.393627546,,
680,ea,g_1627;em_12_132448;n_134742-n_134743;p_299;#=ew_69_192625;prefix=41603-;[0]=ew_0_937849,L2H01M,L2,25.819,25.599,https://labbcat.canterbury.ac.nz/maonze/transcript?ag_id=1627#ew_0_937849,0.22,220,5.393627546,,
696,ea,g_1636;em_12_132905;n_135142-n_135143;p_288;#=ew_69_195259;prefix=44260-;[0]=ew_0_1275749,L2H03M,L2,114.98,114.76,https://labbcat.canterbury.ac.nz/maonze/transcript?ag_id=1636#ew_0_1275749,0.22,220,5.393627546,,
754,ea,g_1651;em_12_133951;n_136028-n_136029;p_300;#=ew_69_193991;prefix=42834-;[0]=ew_0_948068,L2H02M,L2,134.477,134.257,https://labbcat.canterbury.ac.nz/maonze/transcript?ag_id=1651#ew_0_948068,0.22,220,5.393627546,,
810,ea,g_1663;em_12_134699;n_136536-n_136537;p_302;#=ew_69_197392;prefix=45904-;[0]=ew_0_953840,L2H04M,L2,161.173,160.953,https://labbcat.canterbury.ac.nz/maonze/transcript?ag_id=1663#ew_0_953840,0.22,220,5.393627546,,
827,ea,g_1666;em_12_163185;n_6398965-n_6398973;p_302;#=ew_69_197864;prefix=46324-;[0]=ew_0_1276006,L2H04M,L2,106.58,106.36,https://labbcat.canterbury.ac.nz/maonze/transcript?ag_id=1666#ew_0_1276006,0.22,220,5.393627546,,
842,ea,g_1669;em_12_134948;n_27468-n_136756;p_302;#=ew_69_198475;prefix=46721-;[0]=ew_0_956776,L2H04M,L2,71.313,71.093,https://labbcat.canterbury.ac.nz/maonze/transcript?ag_id=1669#ew_0_956776,0.22,220,5.393627546,,
896,ea,g_1679;em_12_135518;n_137204-n_137205;p_307;#=ew_69_200071;prefix=48254-;[0]=ew_0_961926,L2H05M,L2,220.074,219.854,https://labbcat.canterbury.ac.nz/maonze/transcript?ag_id=1679#ew_0_961926,0.22,220,5.393627546,,
898,ea,g_1680;em_12_135530;n_137213-n_137214;p_307;#=ew_69_199506;prefix=47884-;[0]=ew_0_961998,L2H05M,L2,18.18,17.96,https://labbcat.canterbury.ac.nz/maonze/transcript?ag_id=1680#ew_0_961998,0.22,220,5.393627546,,
910,ea,g_1682;em_12_135691;n_137322-n_137323;p_307;#=ew_69_199413;prefix=47692-;[0]=ew_0_963141,L2H05M,L2,110.387,110.167,https://labbcat.canterbury.ac.nz/maonze/transcript?ag_id=1682#ew_0_963141,0.22,220,5.393627546,,
930,ea,g_1749;em_12_139801;n_140493-n_28515;p_318;#=ew_69_231266;prefix=77891-;[0]=ew_0_1002437,R008M,PresentElder,50.128,49.908,https://labbcat.canterbury.ac.nz/maonze/transcript?ag_id=1749#ew_0_1002437,0.22,220,5.393627546,,
947,ea,g_1840;em_12_148972;n_3847365-n_3847377;p_49;#=ew_69_204580;prefix=52375-;[0]=ew_0_1100670,L2Y03M,L2,145.438,145.218,https://labbcat.canterbury.ac.nz/maonze/transcript?ag_id=1840#ew_0_1100670,0.22,220,5.393627546,,
980,ea,g_1845;em_12_149318;n_3851927-n_3851939;p_49;#=ew_69_205037;prefix=53084-;[0]=ew_0_1104531,L2Y03M,L2,225.842,225.622,https://labbcat.canterbury.ac.nz/maonze/transcript?ag_id=1845#ew_0_1104531,0.22,220,5.393627546,,
989,ea,g_1846;em_12_149352;n_3852439-n_3852451;p_49;#=ew_69_205139;prefix=53179-;[0]=ew_0_1104974,L2Y03M,L2,36.829,36.609,https://labbcat.canterbury.ac.nz/maonze/transcript?ag_id=1846#ew_0_1104974,0.22,220,5.393627546,,
1088,ea,g_1902;em_12_156458;n_5279304-n_5279315;p_333;#=ew_69_239521;prefix=85359-;[0]=ew_0_1186591,R012M,PresentElder,203.051,202.831,https://labbcat.canterbury.ac.nz/maonze/transcript?ag_id=1902#ew_0_1186591,0.22,220,5.393627546,,
1121,ea,g_1909;em_12_156832;n_5285556-n_5285569;p_333;#=ew_69_240994;prefix=86634-;[0]=ew_0_1192049,R012M,PresentElder,159.575,159.355,https://labbcat.canterbury.ac.nz/maonze/transcript?ag_id=1909#ew_0_1192049,0.22,220,5.393627546,,
1150,ea,g_1922;em_12_162594;n_6278943-n_6278950;p_337;#=ew_69_216953;prefix=64267-;[0]=ew_0_1267861,MU11M,Historical,200.335,200.115,https://labbcat.canterbury.ac.nz/maonze/transcript?ag_id=1922#ew_0_1267861,0.22,220,5.393627546,,
1181,ea,g_1944;em_12_165747;n_6846862-n_6846871;p_28;#=ew_69_150132;prefix=01338-;[0]=ew_0_1296559,K001M,PresentElder,77.443,77.223,https://labbcat.canterbury.ac.nz/maonze/transcript?ag_id=1944#ew_0_1296559,0.22,220,5.393627546,,
1529,ea,g_370;em_12_35977;n_59802-n_59803;p_92;#=ew_69_213858;prefix=60827-;[0]=ew_0_238839,MU04M,Historical,34.925,34.705,https://labbcat.canterbury.ac.nz/maonze/transcript?ag_id=370#ew_0_238839,0.22,220,5.393627546,,
1537,ea,g_370;em_12_36011;n_59836-n_59837;p_92;#=ew_69_213938;prefix=60905-;[0]=ew_0_239052,MU04M,Historical,132.511,132.291,https://labbcat.canterbury.ac.nz/maonze/transcript?ag_id=370#ew_0_239052,0.22,220,5.393627546,,
1539,ea,g_370;em_12_36027;n_59852-n_59853;p_92;#=ew_69_213998;prefix=60949-;[0]=ew_0_239180,MU04M,Historical,197.206,196.986,https://labbcat.canterbury.ac.nz/maonze/transcript?ag_id=370#ew_0_239180,0.22,220,5.393627546,,
1651,ea,g_462;em_12_47633;n_69743-n_7949;p_112;#=ew_69_162337;prefix=12427-;[0]=ew_0_298202,K006M,PresentElder,148.404,148.184,https://labbcat.canterbury.ac.nz/maonze/transcript?ag_id=462#ew_0_298202,0.22,220,5.393627546,,
1762,ea,g_495;em_12_51235;n_8660-n_72628;p_122;#=ew_69_170710;prefix=20315-;[0]=ew_0_318455,K010M,PresentElder,153.107,152.887,https://labbcat.canterbury.ac.nz/maonze/transcript?ag_id=495#ew_0_318455,0.22,220,5.393627546,,
1769,ea,g_496;em_12_51410;n_72749-n_72750;p_122;#=ew_69_170476;prefix=20437-;[0]=ew_0_319227,K010M,PresentElder,121.15,120.93,https://labbcat.canterbury.ac.nz/maonze/transcript?ag_id=496#ew_0_319227,0.22,220,5.393627546,,
1820,ea,g_54;em_12_161906;n_6213630-n_6213631;p_32;#=ew_69_158253;prefix=08684-;[0]=ew_0_1259181,K004M,PresentElder,149.112,148.892,https://labbcat.canterbury.ac.nz/maonze/transcript?ag_id=54#ew_0_1259181,0.22,220,5.393627546,,
1850,ea,g_57;em_12_162121;n_6216361-n_6216362;p_32;#=ew_69_158839;prefix=09291-;[0]=ew_0_1261413,K004M,PresentElder,102.807,102.587,https://labbcat.canterbury.ac.nz/maonze/transcript?ag_id=57#ew_0_1261413,0.22,220,5.393627546,,
1925,ea,g_611;em_12_64714;n_84281-n_84282;p_142;#=ew_69_181645;prefix=31105-;[0]=ew_0_389244,L1Y01M,L1,40.217,39.997,https://labbcat.canterbury.ac.nz/maonze/transcript?ag_id=611#ew_0_389244,0.22,220,5.393627546,,
1964,ea,g_620;em_12_65133;n_84685-n_84686;p_142;#=ew_69_182345;prefix=32230-;[0]=ew_0_393903,L1Y01M,L1,157.34,157.12,https://labbcat.canterbury.ac.nz/maonze/transcript?ag_id=620#ew_0_393903,0.22,220,5.393627546,,
2040,ea,g_633;em_12_66234;n_85683-n_85684;p_143;#=ew_69_202779;prefix=51731-;[0]=ew_0_402590,L2Y02M,L2,65.389,65.169,https://labbcat.canterbury.ac.nz/maonze/transcript?ag_id=633#ew_0_402590,0.22,220,5.393627546,,
2097,ea,g_653;em_12_68519;n_87579-n_87580;p_146;#=ew_69_205949;prefix=54212-;[0]=ew_0_415690,L2Y04M,L2,246.423,246.203,https://labbcat.canterbury.ac.nz/maonze/transcript?ag_id=653#ew_0_415690,0.22,220,5.393627546,,
2123,ea,g_664;em_12_150059;n_4423187-n_4423191;p_148;#=ew_69_207303;prefix=55401-;[0]=ew_0_1116171,L2Y05M,L2,199.787,199.567,https://labbcat.canterbury.ac.nz/maonze/transcript?ag_id=664#ew_0_1116171,0.22,220,5.393627546,,
2145,ea,g_668;em_12_70599;n_89388-n_89389;p_148;#=ew_69_208276;prefix=56165-;[0]=ew_0_423838,L2Y05M,L2,192.002,191.782,https://labbcat.canterbury.ac.nz/maonze/transcript?ag_id=668#ew_0_423838,0.22,220,5.393627546,,
2386,ea,g_883;em_12_87842;n_102281-n_102282;p_169;#=ew_69_175769;prefix=25270-;[0]=ew_0_558441,L1H03M,L1,111.342,111.122,https://labbcat.canterbury.ac.nz/maonze/transcript?ag_id=883#ew_0_558441,0.22,220,5.393627546,,
2396,ea,g_890;em_12_88275;n_102557-n_102559;p_174;#=ew_69_179029;prefix=28946-;[0]=ew_0_1224755,L1H05M,L1,74.072,73.852,https://labbcat.canterbury.ac.nz/maonze/transcript?ag_id=890#ew_0_1224755,0.22,220,5.393627546,,
2430,ea,g_896;em_12_88570;n_5774428-n_102808;p_174;#=ew_69_178237;prefix=28032-;[0]=ew_0_564669,L1H05M,L1,166.472,166.252,https://labbcat.canterbury.ac.nz/maonze/transcript?ag_id=896#ew_0_564669,0.22,220,5.393627546,,
2503,ea,g_910;em_12_89274;n_15587-n_103292;p_173;#=ew_69_176196;prefix=26234-;[0]=ew_0_571776,L1H04M,L1,120.861,120.641,https://labbcat.canterbury.ac.nz/maonze/transcript?ag_id=910#ew_0_571776,0.22,220,5.393627546,,
2585,ea,g_946;em_12_91620;n_105298-n_105299;p_181;#=ew_69_220265;prefix=67184-;[0]=ew_0_589116,R002M,PresentElder,244.061,243.841,https://labbcat.canterbury.ac.nz/maonze/transcript?ag_id=946#ew_0_589116,0.22,220,5.393627546,,
2618,ea,g_950;em_12_91786;n_15951-n_15952;p_181;#=ew_69_220409;prefix=67808-;[0]=ew_0_591433,R002M,PresentElder,143.13,142.91,https://labbcat.canterbury.ac.nz/maonze/transcript?ag_id=950#ew_0_591433,0.22,220,5.393627546,,
2657,ea,g_960;em_12_92259;n_105845-n_105846;p_183;#=ew_69_222384;prefix=69098-;[0]=ew_0_596715,R003M,PresentElder,125.387,125.167,https://labbcat.canterbury.ac.nz/maonze/transcript?ag_id=960#ew_0_596715,0.22,220,5.393627546,,
2771,ea,g_980;em_12_93621;n_106763-n_106764;p_184;#=ew_69_224671;prefix=71965-;[0]=ew_0_607674,R004M,PresentElder,123.707,123.487,https://labbcat.canterbury.ac.nz/maonze/transcript?ag_id=980#ew_0_607674,0.22,220,5.393627546,,
2830,ea,g_990;em_12_94060;n_107115-n_107116;p_182;#=ew_69_226815;prefix=73438-;[0]=ew_0_612320,R005M,PresentElder,75.084,74.864,https://labbcat.canterbury.ac.nz/maonze/transcript?ag_id=990#ew_0_612320,0.22,220,5.393627546,,
2832,ea,g_991;em_12_94103;n_16557-n_107151;p_182;#=ew_69_226674;prefix=73592-;[0]=ew_0_612876,R005M,PresentElder,89.9,89.68,https://labbcat.canterbury.ac.nz/maonze/transcript?ag_id=991#ew_0_612876,0.22,220,5.393627546,,
2898,ia,g_1020;em_12_163659;n_6670086-n_6670092;p_188;#=ew_69_230355;prefix=77388-;[0]=ew_0_1281852,R007M,PresentElder,160.496,160.276,https://labbcat.canterbury.ac.nz/maonze/transcript?ag_id=1020#ew_0_1281852,0.22,220,5.393627546,,
3050,ia,g_1071;em_12_99564;n_110779-n_110780;p_206;#=ew_69_245649;prefix=91204-;[0]=ew_0_659891,WU06M,Historical,103.373,103.153,https://labbcat.canterbury.ac.nz/maonze/transcript?ag_id=1071#ew_0_659891,0.22,220,5.393627546,,
3052,ia,g_1071;em_12_99574;n_110784-n_4690881;p_206;#=ew_69_245680;prefix=91232-;[0]=ew_0_660039,WU06M,Historical,129.933,129.713,https://labbcat.canterbury.ac.nz/maonze/transcript?ag_id=1071#ew_0_660039,0.22,220,5.393627546,,
3056,ia,g_1072;em_12_151820;n_4690937-n_4690939;p_206;#=ew_69_245821;prefix=91364-;[0]=ew_0_1133658,WU06M,Historical,46.579,46.359,https://labbcat.canterbury.ac.nz/maonze/transcript?ag_id=1072#ew_0_1133658,0.22,220,5.393627546,,
3084,ia,g_1081;em_12_100056;n_111214-n_111215;p_208;#=ew_69_246823;prefix=92408-;[0]=ew_0_664628,WU07M,Historical,20.831,20.611,https://labbcat.canterbury.ac.nz/maonze/transcript?ag_id=1081#ew_0_664628,0.22,220,5.393627546,,
3185,ia,g_1198;em_12_108479;n_117287-n_117288;p_244;#=ew_69_242752;prefix=88797-;[0]=ew_0_723401,WU04M,Historical,250.058,249.838,https://labbcat.canterbury.ac.nz/maonze/transcript?ag_id=1198#ew_0_723401,0.22,220,5.393627546,,
3246,ia,g_1228;em_12_110672;n_119147-n_119148;p_249;#=ew_69_179753;prefix=29260-;[0]=ew_0_738703,L1H06M,L1,52.681,52.461,https://labbcat.canterbury.ac.nz/maonze/transcript?ag_id=1228#ew_0_738703,0.22,220,5.393627546,,
3323,ia,g_1391;em_12_151915;n_4711936-n_4711940;p_262;#=ew_69_249089;prefix=95016-;[0]=ew_0_1134457,WU08M,Historical,119.782,119.562,https://labbcat.canterbury.ac.nz/maonze/transcript?ag_id=1391#ew_0_1134457,0.22,220,5.393627546,,
3456,ia,g_1635;em_12_132829;n_135070-n_6997753;p_288;#=ew_69_195492;prefix=44107-;[0]=ew_0_940439,L2H03M,L2,79.07,78.85,https://labbcat.canterbury.ac.nz/maonze/transcript?ag_id=1635#ew_0_940439,0.22,220,5.393627546,,
3479,ia,g_1644;em_12_133429;n_135630-n_135631;p_288;#=ew_69_196256;prefix=45334-;[0]=ew_0_944558,L2H03M,L2,136.957,136.737,https://labbcat.canterbury.ac.nz/maonze/transcript?ag_id=1644#ew_0_944558,0.22,220,5.393627546,,
3549,ia,g_1670;em_12_134995;n_136789-n_136790;p_302;#=ew_69_198202;prefix=46938-;[0]=ew_0_957533,L2H04M,L2,146.091,145.871,https://labbcat.canterbury.ac.nz/maonze/transcript?ag_id=1670#ew_0_957533,0.22,220,5.393627546,,
3551,ia,g_1671;em_12_135021;n_6399631-n_6399640;p_302;#=ew_69_198822;prefix=47068-;[0]=ew_0_957975,L2H04M,L2,149.687,149.467,https://labbcat.canterbury.ac.nz/maonze/transcript?ag_id=1671#ew_0_957975,0.22,220,5.393627546,,
3587,ia,g_1754;em_12_140192;n_140834-n_140835;p_318;#=ew_69_231900;prefix=78480-;[0]=ew_0_1004474,R008M,PresentElder,125.091,124.871,https://labbcat.canterbury.ac.nz/maonze/transcript?ag_id=1754#ew_0_1004474,0.22,220,5.393627546,,
3641,ia,g_1883;em_12_155019;n_5258707-n_5258730;p_334;#=ew_69_237022;prefix=83341-;[0]=ew_0_1170244,R011M,PresentElder,55.958,55.738,https://labbcat.canterbury.ac.nz/maonze/transcript?ag_id=1883#ew_0_1170244,0.22,220,5.393627546,,
3970,ia,g_370;em_12_36009;n_59834-n_59835;p_92;#=ew_69_213928;prefix=60895-;[0]=ew_0_239035,MU04M,Historical,123.678,123.458,https://labbcat.canterbury.ac.nz/maonze/transcript?ag_id=370#ew_0_239035,0.22,220,5.393627546,,
3980,ia,g_372;em_12_36328;n_4458795-n_60145;p_92;#=ew_69_213680;prefix=61181-;[0]=ew_0_240830,MU04M,Historical,145.037,144.817,https://labbcat.canterbury.ac.nz/maonze/transcript?ag_id=372#ew_0_240830,0.22,220,5.393627546,,
4020,ia,g_386;em_12_39189;n_62984-n_62985;p_95;#=ew_69_215696;prefix=62767-;[0]=ew_0_1121752,MU06M,Historical,77.164,76.944,https://labbcat.canterbury.ac.nz/maonze/transcript?ag_id=386#ew_0_1121752,0.22,220,5.393627546,,
4025,ia,g_386;em_12_39229;n_7024850-n_63025;p_95;#=ew_69_215755;prefix=62818-;[0]=ew_0_248886,MU06M,Historical,147.418,147.198,https://labbcat.canterbury.ac.nz/maonze/transcript?ag_id=386#ew_0_248886,0.22,220,5.393627546,,
4290,ia,g_600;em_12_64087;n_83684-n_83685;p_140;#=ew_69_189830;prefix=38814-;[0]=ew_0_382619,L1Y05M,L1,115.529,115.309,https://labbcat.canterbury.ac.nz/maonze/transcript?ag_id=600#ew_0_382619,0.22,220,5.393627546,,
4307,ia,g_604;em_12_64331;n_83924-n_83925;p_140;#=ew_69_191375;prefix=39672-;[0]=ew_0_1249699,L1Y05M,L1,179.071,178.851,https://labbcat.canterbury.ac.nz/maonze/transcript?ag_id=604#ew_0_1249699,0.22,220,5.393627546,,
4373,ia,g_632;em_12_66167;n_85621-n_85622;p_143;#=ew_69_203404;prefix=51621-;[0]=ew_0_402067,L2Y02M,L2,245.191,244.971,https://labbcat.canterbury.ac.nz/maonze/transcript?ag_id=632#ew_0_402067,0.22,220,5.393627546,,
4467,ia,g_671;em_12_70709;n_89485-n_89486;p_148;#=ew_69_208797;prefix=56626-;[0]=ew_0_425808,L2Y05M,L2,187.859,187.639,https://labbcat.canterbury.ac.nz/maonze/transcript?ag_id=671#ew_0_425808,0.22,220,5.393627546,,
4589,ia,g_877;em_12_87390;n_102002-n_102003;p_169;#=ew_69_175298;prefix=24719-;[0]=ew_0_555679,L1H03M,L1,27.552,27.332,https://labbcat.canterbury.ac.nz/maonze/transcript?ag_id=877#ew_0_555679,0.22,220,5.393627546,,
4646,ia,g_898;em_12_159871;n_5774263-n_5774278;p_174;#=ew_69_178746;prefix=27711-;[0]=ew_0_1224620,L1H05M,L1,179.19,178.97,https://labbcat.canterbury.ac.nz/maonze/transcript?ag_id=898#ew_0_1224620,0.22,220,5.393627546,,
4808,ia,g_963;em_12_163467;n_6578804-n_6578807;p_183;#=ew_69_221915;prefix=69610-;[0]=ew_0_1279857,R003M,PresentElder,161.577,161.357,https://labbcat.canterbury.ac.nz/maonze/transcript?ag_id=963#ew_0_1279857,0.22,220,5.393627546,,
4877,ia,g_985;em_12_93867;n_4620339-n_16521;p_182;#=ew_69_226388;prefix=72717-;[0]=ew_0_609972,R005M,PresentElder,204.788,204.568,https://labbcat.canterbury.ac.nz/maonze/transcript?ag_id=985#ew_0_609972,0.22,220,5.393627546,,
4943,oa,g_1010;em_12_95444;n_108325-n_108326;p_188;#=ew_69_230236;prefix=76504-;[0]=ew_0_625131,R007M,PresentElder,211.124,210.904,https://labbcat.canterbury.ac.nz/maonze/transcript?ag_id=1010#ew_0_625131,0.22,220,5.393627546,,
5005,oa,g_1029;em_12_96378;n_108739-n_108740;p_190;#=ew_69_233533;prefix=79900-;[0]=ew_0_634598,R009M,PresentElder,79.365,79.145,https://labbcat.canterbury.ac.nz/maonze/transcript?ag_id=1029#ew_0_634598,0.22,220,5.393627546,,
5086,oa,g_1072;em_12_99620;n_110834-n_110835;p_206;#=ew_69_245913;prefix=91448-;[0]=ew_0_660674,WU06M,Historical,159.958,159.738,https://labbcat.canterbury.ac.nz/maonze/transcript?ag_id=1072#ew_0_660674,0.22,220,5.393627546,,
5120,oa,g_1085;em_12_100341;n_111444-n_111445;p_208;#=ew_69_246725;prefix=93096-;[0]=ew_0_667226,WU07M,Historical,137.717,137.497,https://labbcat.canterbury.ac.nz/maonze/transcript?ag_id=1085#ew_0_667226,0.22,220,5.393627546,,
5135,oa,g_1088;em_12_100519;n_111603-n_111604;p_208;#=ew_69_247608;prefix=93500-;[0]=ew_0_669009,WU07M,Historical,93.085,92.865,https://labbcat.canterbury.ac.nz/maonze/transcript?ag_id=1088#ew_0_669009,0.22,220,5.393627546,,
5152,oa,g_1130;em_12_105046;n_114597-n_114595;p_287;#=ew_69_227410;prefix=74394-;[0]=ew_0_691965,R006M,PresentElder,157.424,157.204,https://labbcat.canterbury.ac.nz/maonze/transcript?ag_id=1130#ew_0_691965,0.22,220,5.393627546,,
5166,oa,g_1199;em_12_108547;n_117354-n_117355;p_244;#=ew_69_243352;prefix=88926-;[0]=ew_0_723812,WU04M,Historical,140.1,139.88,https://labbcat.canterbury.ac.nz/maonze/transcript?ag_id=1199#ew_0_723812,0.22,220,5.393627546,,
5200,oa,g_1212;em_12_109812;n_20719-n_20720;p_244;#=ew_69_244816;prefix=90899-;[0]=ew_0_731184,WU04M,Historical,155.597,155.377,https://labbcat.canterbury.ac.nz/maonze/transcript?ag_id=1212#ew_0_731184,0.22,220,5.393627546,,
5220,oa,g_1240;em_12_111484;n_21710-n_119218;p_249;#=ew_69_181141;prefix=30385-;[0]=ew_0_745295,L1H06M,L1,71.984,71.764,https://labbcat.canterbury.ac.nz/maonze/transcript?ag_id=1240#ew_0_745295,0.22,220,5.393627546,,
5240,oa,g_134;em_12_9084;n_38561-n_38562;p_284;#=ew_69_209307;prefix=57281-;[0]=ew_0_87808,MU01M,Historical,37.457,37.237,https://labbcat.canterbury.ac.nz/maonze/transcript?ag_id=134#ew_0_87808,0.22,220,5.393627546,,
5278,oa,g_1391;em_12_151912;n_4711945-n_4711948;p_262;#=ew_69_249134;prefix=95026-;[0]=ew_0_1134857,WU08M,Historical,133.916,133.696,https://labbcat.canterbury.ac.nz/maonze/transcript?ag_id=1391#ew_0_1134857,0.22,220,5.393627546,,
5313,oa,g_1518;em_12_125844;n_129912-n_129913;p_287;#=ew_69_227857;prefix=74181-;[0]=ew_0_883887,R006M,PresentElder,120.203,119.983,https://labbcat.canterbury.ac.nz/maonze/transcript?ag_id=1518#ew_0_883887,0.22,220,5.393627546,,
5329,oa,g_1522;em_12_126089;n_6613457-n_6613461;p_287;#=ew_69_228465;prefix=75076-;[0]=ew_0_1281372,R006M,PresentElder,168.24,168.02,https://labbcat.canterbury.ac.nz/maonze/transcript?ag_id=1522#ew_0_1281372,0.22,220,5.393627546,,
5337,oa,g_1524;em_12_126164;n_130193-n_130194;p_287;#=ew_69_228753;prefix=75390-;[0]=ew_0_887683,R006M,PresentElder,178.256,178.036,https://labbcat.canterbury.ac.nz/maonze/transcript?ag_id=1524#ew_0_887683,0.22,220,5.393627546,,
5353,oa,g_1526;em_12_126241;n_130258-n_130259;p_287;#=ew_69_228974;prefix=75699-;[0]=ew_0_888798,R006M,PresentElder,162.28,162.06,https://labbcat.canterbury.ac.nz/maonze/transcript?ag_id=1526#ew_0_888798,0.22,220,5.393627546,,
5369,oa,g_1536;em_12_126752;n_130538-n_130539;p_200;#=ew_69_216278;prefix=63601-;[0]=ew_0_894257,MU08M,Historical,101.893,101.673,https://labbcat.canterbury.ac.nz/maonze/transcript?ag_id=1536#ew_0_894257,0.22,220,5.393627546,,
5390,oa,g_1619;em_12_131867;n_134335-n_134336;p_299;#=ew_69_191993;prefix=40771-;[0]=ew_0_933919,L2H01M,L2,139.549,139.329,https://labbcat.canterbury.ac.nz/maonze/transcript?ag_id=1619#ew_0_933919,0.22,220,5.393627546,,
5500,oa,g_1672;em_12_135065;n_136846-n_136839;p_302;#=ew_69_198683;prefix=47220-;[0]=ew_0_958553,L2H04M,L2,158.355,158.135,https://labbcat.canterbury.ac.nz/maonze/transcript?ag_id=1672#ew_0_958553,0.22,220,5.393627546,,
5513,oa,g_1680;em_12_135589;n_137249-n_137250;p_307;#=ew_69_199593;prefix=47967-;[0]=ew_0_962365,L2H05M,L2,210.355,210.135,https://labbcat.canterbury.ac.nz/maonze/transcript?ag_id=1680#ew_0_962365,0.22,220,5.393627546,,
5521,oa,g_1686;em_12_135990;n_137484-n_137485;p_307;#=ew_69_199128;prefix=47414-;[0]=ew_0_965364,L2H05M,L2,202.653,202.433,https://labbcat.canterbury.ac.nz/maonze/transcript?ag_id=1686#ew_0_965364,0.22,220,5.393627546,,
5543,oa,g_1748;em_12_139731;n_140432-n_140433;p_318;#=ew_69_231150;prefix=77783-;[0]=ew_0_1002032,R008M,PresentElder,50.056,49.836,https://labbcat.canterbury.ac.nz/maonze/transcript?ag_id=1748#ew_0_1002032,0.22,220,5.393627546,,
5547,oa,g_1748;em_12_139764;n_140461-n_140462;p_318;#=ew_69_231211;prefix=77838-;[0]=ew_0_1002242,R008M,PresentElder,158.74,158.52,https://labbcat.canterbury.ac.nz/maonze/transcript?ag_id=1748#ew_0_1002242,0.22,220,5.393627546,,
5559,oa,g_1754;em_12_140176;n_140822-n_140823;p_318;#=ew_69_231870;prefix=78460-;[0]=ew_0_1004393,R008M,PresentElder,81.675,81.455,https://labbcat.canterbury.ac.nz/maonze/transcript?ag_id=1754#ew_0_1004393,0.22,220,5.393627546,,
5566,oa,g_1756;em_12_140340;n_140953-n_140954;p_318;#=ew_69_231922;prefix=78687-;[0]=ew_0_1005305,R008M,PresentElder,56.687,56.467,https://labbcat.canterbury.ac.nz/maonze/transcript?ag_id=1756#ew_0_1005305,0.22,220,5.393627546,,
5588,oa,g_1843;em_12_149173;n_3849904-n_3849915;p_49;#=ew_69_204320;prefix=52741-;[0]=ew_0_1102799,L2Y03M,L2,12.12,11.9,https://labbcat.canterbury.ac.nz/maonze/transcript?ag_id=1843#ew_0_1102799,0.22,220,5.393627546,,
5629,oa,g_1884;em_12_155075;n_5259749-n_5259766;p_334;#=ew_69_237263;prefix=83428-;[0]=ew_0_1170893,R011M,PresentElder,81.088,80.868,https://labbcat.canterbury.ac.nz/maonze/transcript?ag_id=1884#ew_0_1170893,0.22,220,5.393627546,,
5652,oa,g_1895;em_12_155880;n_5270525-n_5270541;p_334;#=ew_69_238677;prefix=84331-;[0]=ew_0_1180187,R011M,PresentElder,118.013,117.793,https://labbcat.canterbury.ac.nz/maonze/transcript?ag_id=1895#ew_0_1180187,0.22,220,5.393627546,,
5673,oa,g_19;em_12_1507;n_32126-n_5878192;p_19;#=ew_69_152542;prefix=02863-;[0]=ew_0_1234085,K002M,PresentElder,155.357,155.137,https://labbcat.canterbury.ac.nz/maonze/transcript?ag_id=19#ew_0_1234085,0.22,220,5.393627546,,
5754,oa,g_1920;em_12_161216;n_6078884-n_6078895;p_142;#=ew_69_183346;prefix=32629-;[0]=ew_0_1247926,L1Y01M,L1,13.844,13.624,https://labbcat.canterbury.ac.nz/maonze/transcript?ag_id=1920#ew_0_1247926,0.22,220,5.393627546,,
5757,oa,g_1921;em_12_162539;n_6278387-n_6278399;p_337;#=ew_69_216610;prefix=64174-;[0]=ew_0_1267471,MU11M,Historical,26.935,26.715,https://labbcat.canterbury.ac.nz/maonze/transcript?ag_id=1921#ew_0_1267471,0.22,220,5.393627546,,
5910,oa,g_332;em_12_171886;n_7088299-n_57519;p_85;#=ew_69_185476;prefix=34854-;[0]=ew_0_221143,L1Y02M,L1,39.977,39.757,https://labbcat.canterbury.ac.nz/maonze/transcript?ag_id=332#ew_0_221143,0.22,220,5.393627546,,
5923,oa,g_340;em_12_33463;n_57681-n_57682;p_85;#=ew_69_185683;prefix=34809-;[0]=ew_0_223798,L1Y02M,L1,81.106,80.886,https://labbcat.canterbury.ac.nz/maonze/transcript?ag_id=340#ew_0_223798,0.22,220,5.393627546,,
5925,oa,g_342;em_12_33518;n_57724-n_57725;p_85;#=ew_69_184918;prefix=34085-;[0]=ew_0_224526,L1Y02M,L1,56.091,55.871,https://labbcat.canterbury.ac.nz/maonze/transcript?ag_id=342#ew_0_224526,0.22,220,5.393627546,,
5985,oa,g_374;em_12_36813;n_60621-n_60622;p_92;#=ew_69_213573;prefix=61435-;[0]=ew_0_1123275,MU04M,Historical,239.476,239.256,https://labbcat.canterbury.ac.nz/maonze/transcript?ag_id=374#ew_0_1123275,0.22,220,5.393627546,,
6010,oa,g_384;em_12_38746;n_62543-n_62545;p_95;#=ew_69_214865;prefix=62422-;[0]=ew_0_247214,MU06M,Historical,107.292,107.072,https://labbcat.canterbury.ac.nz/maonze/transcript?ag_id=384#ew_0_247214,0.22,220,5.393627546,,
6021,oa,g_446;em_12_169636;n_6944572-n_6944573;p_110;#=ew_69_155611;prefix=05795-;[0]=ew_0_1325887,K003M,PresentElder,109.338,109.118,https://labbcat.canterbury.ac.nz/maonze/transcript?ag_id=446#ew_0_1325887,0.22,220,5.393627546,,
6330,oa,g_666;em_12_70533;n_89326-n_89327;p_148;#=ew_69_207779;prefix=55777-;[0]=ew_0_422666,L2Y05M,L2,238.697,238.477,https://labbcat.canterbury.ac.nz/maonze/transcript?ag_id=666#ew_0_422666,0.22,220,5.393627546,,
6334,oa,g_668;em_12_70601;n_89390-n_89391;p_148;#=ew_69_208283;prefix=56172-;[0]=ew_0_423870,L2Y05M,L2,209.582,209.362,https://labbcat.canterbury.ac.nz/maonze/transcript?ag_id=668#ew_0_423870,0.22,220,5.393627546,,
6396,oa,g_861;em_12_86282;n_14706-n_101226;p_168;#=ew_69_173192;prefix=22561-;[0]=ew_0_547406,L1H02M,L1,113.587,113.367,https://labbcat.canterbury.ac.nz/maonze/transcript?ag_id=861#ew_0_547406,0.22,220,5.393627546,,
6400,oa,g_862;em_12_159494;n_5656004-n_5656009;p_168;#=ew_69_172902;prefix=22833-;[0]=ew_0_1219940,L1H02M,L1,243.209,242.989,https://labbcat.canterbury.ac.nz/maonze/transcript?ag_id=862#ew_0_1219940,0.22,220,5.393627546,,
6615,oa,g_971;em_12_92959;n_106335-n_106336;p_184;#=ew_69_223637;prefix=70639-;[0]=ew_0_602764,R004M,PresentElder,195.583,195.363,https://labbcat.canterbury.ac.nz/maonze/transcript?ag_id=971#ew_0_602764,0.22,220,5.393627546,,
6702,ua,g_1007;em_12_95273;n_108233-n_108234;p_284;#=ew_69_210541;prefix=58209-;[0]=ew_0_623873,MU01M,Historical,191.202,190.982,https://labbcat.canterbury.ac.nz/maonze/transcript?ag_id=1007#ew_0_623873,0.22,220,5.393627546,,
6766,ua,g_1018;em_12_95954;n_17055-n_17056;p_188;#=ew_69_230462;prefix=77251-;[0]=ew_0_628712,R007M,PresentElder,137.246,137.026,https://labbcat.canterbury.ac.nz/maonze/transcript?ag_id=1018#ew_0_628712,0.22,220,5.393627546,,
6801,ua,g_1024;em_12_96140;n_108591-n_108592;p_190;#=ew_69_233003;prefix=79067-;[0]=ew_0_631153,R009M,PresentElder,46.202,45.982,https://labbcat.canterbury.ac.nz/maonze/transcript?ag_id=1024#ew_0_631153,0.22,220,5.393627546,,
6812,ua,g_1026;em_12_96233;n_108656-n_108657;p_190;#=ew_69_232446;prefix=79427-;[0]=ew_0_632627,R009M,PresentElder,82.038,81.818,https://labbcat.canterbury.ac.nz/maonze/transcript?ag_id=1026#ew_0_632627,0.22,220,5.393627546,,
6846,ua,g_1031;em_12_96475;n_108809-n_108810;p_190;#=ew_69_234164;prefix=80273-;[0]=ew_0_636001,R009M,PresentElder,123.059,122.839,https://labbcat.canterbury.ac.nz/maonze/transcript?ag_id=1031#ew_0_636001,0.22,220,5.393627546,,
6896,ua,g_1037;em_12_163769;n_6745844-n_6745847;p_193;#=ew_69_235153;prefix=81370-;[0]=ew_0_1283393,R010M,PresentElder,118.96,118.74,https://labbcat.canterbury.ac.nz/maonze/transcript?ag_id=1037#ew_0_1283393,0.22,220,5.393627546,,
7056,ua,g_1074;em_12_99691;n_110900-n_110901;p_208;#=ew_69_245364;prefix=91677-;[0]=ew_0_661414,WU07M,Historical,73.752,73.532,https://labbcat.canterbury.ac.nz/maonze/transcript?ag_id=1074#ew_0_661414,0.22,220,5.393627546,,
7069,ua,g_1076;em_12_99799;n_110992-n_110993;p_208;#=ew_69_246016;prefix=91889-;[0]=ew_0_662442,WU07M,Historical,35.485,35.265,https://labbcat.canterbury.ac.nz/maonze/transcript?ag_id=1076#ew_0_662442,0.22,220,5.393627546,,
7232,ua,g_116;em_12_8330;n_37888-n_37889;p_43;#=ew_69_211899;prefix=58992-;[0]=ew_0_80706,MU02M,Historical,73.771,73.551,https://labbcat.canterbury.ac.nz/maonze/transcript?ag_id=116#ew_0_80706,0.22,220,5.393627546,,
7263,ua,g_117;em_12_8502;n_38059-n_38060;p_43;#=ew_69_211601;prefix=58713-;[0]=ew_0_1113656,MU02M,Historical,157.888,157.668,https://labbcat.canterbury.ac.nz/maonze/transcript?ag_id=117#ew_0_1113656,0.22,220,5.393627546,,
7340,ua,g_1232;em_12_110925;n_21204-n_21205;p_249;#=ew_69_179922;prefix=29649-;[0]=ew_0_740779,L1H06M,L1,82.559,82.339,https://labbcat.canterbury.ac.nz/maonze/transcript?ag_id=1232#ew_0_740779,0.22,220,5.393627546,,
7341,ua,g_1232;em_12_110942;n_21221-n_21222;p_249;#=ew_69_179940;prefix=29658-;[0]=ew_0_740848,L1H06M,L1,115.07,114.85,https://labbcat.canterbury.ac.nz/maonze/transcript?ag_id=1232#ew_0_740848,0.22,220,5.393627546,,
7456,ua,g_1371;em_12_118211;n_123761-n_123762;p_287;#=ew_69_228119;prefix=74873-;[0]=ew_0_813421,R006M,PresentElder,49.896,49.676,https://labbcat.canterbury.ac.nz/maonze/transcript?ag_id=1371#ew_0_813421,0.22,220,5.393627546,,
7522,ua,g_139;em_12_9679;n_39150-n_39151;p_284;#=ew_69_209996;prefix=57925-;[0]=ew_0_93342,MU01M,Historical,119.073,118.853,https://labbcat.canterbury.ac.nz/maonze/transcript?ag_id=139#ew_0_93342,0.22,220,5.393627546,,
7635,ua,g_1525;em_12_126182;n_130208-n_130209;p_287;#=ew_69_228636;prefix=75482-;[0]=ew_0_887963,R006M,PresentElder,49.436,49.216,https://labbcat.canterbury.ac.nz/maonze/transcript?ag_id=1525#ew_0_887963,0.22,220,5.393627546,,
7776,ua,g_1624;em_12_132273;n_26909-n_134640;p_299;#=ew_69_193144;prefix=41367-;[0]=ew_0_936764,L2H01M,L2,208.554,208.334,https://labbcat.canterbury.ac.nz/maonze/transcript?ag_id=1624#ew_0_936764,0.22,220,5.393627546,,
7787,ua,g_1626;em_12_132398;n_134726-n_134727;p_299;#=ew_69_192835;prefix=41554-;[0]=ew_0_937589,L2H01M,L2,160.444,160.224,https://labbcat.canterbury.ac.nz/maonze/transcript?ag_id=1626#ew_0_937589,0.22,220,5.393627546,,
7794,ua,g_1629;em_12_132530;n_6993398-n_134805;p_299;#=ew_69_192881;prefix=41771-;[0]=ew_0_938528,L2H01M,L2,73.919,73.699,https://labbcat.canterbury.ac.nz/maonze/transcript?ag_id=1629#ew_0_938528,0.22,220,5.393627546,,
7799,ua,g_1629;em_12_132557;n_134831-n_134832;p_299;#=ew_69_193042;prefix=41849-;[0]=ew_0_938744,L2H01M,L2,194.777,194.557,https://labbcat.canterbury.ac.nz/maonze/transcript?ag_id=1629#ew_0_938744,0.22,220,5.393627546,,
7808,ua,g_1633;em_12_132732;n_134979-n_134980;p_288;#=ew_69_195489;prefix=43916-;[0]=ew_0_939778,L2H03M,L2,238.546,238.326,https://labbcat.canterbury.ac.nz/maonze/transcript?ag_id=1633#ew_0_939778,0.22,220,5.393627546,,
7840,ua,g_1639;em_12_133104;n_135328-n_135329;p_288;#=ew_69_196683;prefix=44618-;[0]=ew_0_941862,L2H03M,L2,30.275,30.055,https://labbcat.canterbury.ac.nz/maonze/transcript?ag_id=1639#ew_0_941862,0.22,220,5.393627546,,
7856,ua,g_1641;em_12_133271;n_135481-n_135482;p_288;#=ew_69_196673;prefix=44981-;[0]=ew_0_943291,L2H03M,L2,251.455,251.235,https://labbcat.canterbury.ac.nz/maonze/transcript?ag_id=1641#ew_0_943291,0.22,220,5.393627546,,
8019,ua,g_1669;em_12_134955;n_27472-n_136759;p_302;#=ew_69_198511;prefix=46756-;[0]=ew_0_956868,L2H04M,L2,106.629,106.409,https://labbcat.canterbury.ac.nz/maonze/transcript?ag_id=1669#ew_0_956868,0.22,220,5.393627546,,
8081,ua,g_1686;em_12_135955;n_137458-n_137459;p_307;#=ew_69_199051;prefix=47342-;[0]=ew_0_965076,L2H05M,L2,29.579,29.359,https://labbcat.canterbury.ac.nz/maonze/transcript?ag_id=1686#ew_0_965076,0.22,220,5.393627546,,
8103,ua,g_1747;em_12_139677;n_140385-n_140386;p_318;#=ew_69_230968;prefix=77703-;[0]=ew_0_1001738,R008M,PresentElder,76.331,76.111,https://labbcat.canterbury.ac.nz/maonze/transcript?ag_id=1747#ew_0_1001738,0.22,220,5.393627546,,
8140,ua,g_1751;em_12_140000;n_28538-n_140669;p_318;#=ew_69_231478;prefix=78192-;[0]=ew_0_1003444,R008M,PresentElder,200.669,200.449,https://labbcat.canterbury.ac.nz/maonze/transcript?ag_id=1751#ew_0_1003444,0.22,220,5.393627546,,
8182,ua,g_1844;em_12_149246;n_3850923-n_3850944;p_49;#=ew_69_204740;prefix=52941-;[0]=ew_0_1103676,L2Y03M,L2,167.592,167.372,https://labbcat.canterbury.ac.nz/maonze/transcript?ag_id=1844#ew_0_1103676,0.22,220,5.393627546,,
8214,ua,g_1853;em_12_150393;n_4568775-n_4568797;p_148;#=ew_69_207810;prefix=55820-;[0]=ew_0_1124414,L2Y05M,L2,9.927,9.707,https://labbcat.canterbury.ac.nz/maonze/transcript?ag_id=1853#ew_0_1124414,0.22,220,5.393627546,,
8270,ua,g_1895;em_12_155841;n_5271034-n_5271046;p_334;#=ew_69_238861;prefix=84452-;[0]=ew_0_1180774,R011M,PresentElder,253.94,253.72,https://labbcat.canterbury.ac.nz/maonze/transcript?ag_id=1895#ew_0_1180774,0.22,220,5.393627546,,
8445,ua,g_1923;em_12_163360;n_6538410-n_6538423;p_181;#=ew_69_220996;prefix=68563-;[0]=ew_0_1279148,R002M,PresentElder,126.45,126.23,https://labbcat.canterbury.ac.nz/maonze/transcript?ag_id=1923#ew_0_1279148,0.22,220,5.393627546,,
8588,ua,g_306;em_12_160938;n_6000522-n_6000530;p_81;#=ew_69_186409;prefix=35330-;[0]=ew_0_1238451,L1Y03M,L1,250.843,250.623,https://labbcat.canterbury.ac.nz/maonze/transcript?ag_id=306#ew_0_1238451,0.22,220,5.393627546,,
8803,ua,g_347;em_12_171765;n_7086410-n_6243474;p_85;#=ew_69_183927;prefix=33164-;[0]=ew_0_1348712,L1Y02M,L1,78.265,78.045,https://labbcat.canterbury.ac.nz/maonze/transcript?ag_id=347#ew_0_1348712,0.22,220,5.393627546,,
8807,ua,g_349;em_12_33768;n_57894-n_57895;p_87;#=ew_69_211392;prefix=59841-;[0]=ew_0_227317,MU03M,Historical,182.083,181.863,https://labbcat.canterbury.ac.nz/maonze/transcript?ag_id=349#ew_0_227317,0.22,220,5.393627546,,
8808,ua,g_349;em_12_33769;n_57895-n_57896;p_87;#=ew_69_211398;prefix=59846-;[0]=ew_0_227329,MU03M,Historical,187.356,187.136,https://labbcat.canterbury.ac.nz/maonze/transcript?ag_id=349#ew_0_227329,0.22,220,5.393627546,,
8884,ua,g_377;em_12_37349;n_61153-n_61155;p_94;#=ew_69_214131;prefix=61870-;[0]=ew_0_243713,MU05M,Historical,163.989,163.769,https://labbcat.canterbury.ac.nz/maonze/transcript?ag_id=377#ew_0_243713,0.22,220,5.393627546,,
9270,ua,g_59;em_12_162200;n_6219094-n_6219095;p_32;#=ew_69_159436;prefix=09755-;[0]=ew_0_1263594,K004M,PresentElder,70.503,70.283,https://labbcat.canterbury.ac.nz/maonze/transcript?ag_id=59#ew_0_1263594,0.22,220,5.393627546,,
9375,ua,g_61;em_12_4221;n_34540-n_34541;p_32;#=ew_69_159295;prefix=09995-;[0]=ew_0_1210123,K004M,PresentElder,158.555,158.335,https://labbcat.canterbury.ac.nz/maonze/transcript?ag_id=61#ew_0_1210123,0.22,220,5.393627546,,
9439,ua,g_620;em_12_65133;n_84685-n_84686;p_142;#=ew_69_182346;prefix=32231-;[0]=ew_0_393904,L1Y01M,L1,157.62,157.4,https://labbcat.canterbury.ac.nz/maonze/transcript?ag_id=620#ew_0_393904,0.22,220,5.393627546,,
9452,ua,g_623;em_12_65246;n_84789-n_84790;p_142;#=ew_69_183563;prefix=32509-;[0]=ew_0_395247,L1Y01M,L1,131.199,130.979,https://labbcat.canterbury.ac.nz/maonze/transcript?ag_id=623#ew_0_395247,0.22,220,5.393627546,,
9543,ua,g_633;em_12_66280;n_85729-n_85730;p_143;#=ew_69_203079;prefix=51847-;[0]=ew_0_402985,L2Y02M,L2,196.236,196.016,https://labbcat.canterbury.ac.nz/maonze/transcript?ag_id=633#ew_0_402985,0.22,220,5.393627546,,
9558,ua,g_635;em_12_66450;n_85868-n_85869;p_145;#=ew_69_200702;prefix=49013-;[0]=ew_0_1107609,L2Y01M,L2,167.477,167.257,https://labbcat.canterbury.ac.nz/maonze/transcript?ag_id=635#ew_0_1107609,0.22,220,5.393627546,,
9619,ua,g_642;em_12_66986;n_86238-n_86239;p_145;#=ew_69_201120;prefix=50035-;[0]=ew_0_1107410,L2Y01M,L2,55.313,55.093,https://labbcat.canterbury.ac.nz/maonze/transcript?ag_id=642#ew_0_1107410,0.22,220,5.393627546,,
9947,ua,g_868;em_12_86850;n_101621-n_101622;p_168;#=ew_69_174128;prefix=23799-;[0]=ew_0_552094,L1H02M,L1,128.165,127.945,https://labbcat.canterbury.ac.nz/maonze/transcript?ag_id=868#ew_0_552094,0.22,220,5.393627546,,
9949,ua,g_869;em_12_86939;n_101670-n_14897;p_168;#=ew_69_174389;prefix=23963-;[0]=ew_0_552657,L1H02M,L1,108.732,108.512,https://labbcat.canterbury.ac.nz/maonze/transcript?ag_id=869#ew_0_552657,0.22,220,5.393627546,,
10220,ua,g_911;em_12_89316;n_103311-n_103312;p_173;#=ew_69_176772;prefix=26158-;[0]=ew_0_572435,L1H04M,L1,201.564,201.344,https://labbcat.canterbury.ac.nz/maonze/transcript?ag_id=911#ew_0_572435,0.22,220,5.393627546,,
10322,ua,g_937;em_12_91100;n_104877-n_104878;p_179;#=ew_69_218891;prefix=65997-;[0]=ew_0_584970,R001M,PresentElder,237.292,237.072,https://labbcat.canterbury.ac.nz/maonze/transcript?ag_id=937#ew_0_584970,0.22,220,5.393627546,,
10362,ua,g_941;em_12_91366;n_105089-n_105090;p_179;#=ew_69_219685;prefix=66586-;[0]=ew_0_587082,R001M,PresentElder,63.576,63.356,https://labbcat.canterbury.ac.nz/maonze/transcript?ag_id=941#ew_0_587082,0.22,220,5.393627546,,
10381,ua,g_942;em_12_91467;n_105167-n_29838;p_179;#=ew_69_219476;prefix=66819-;[0]=ew_0_587838,R001M,PresentElder,150.188,149.968,https://labbcat.canterbury.ac.nz/maonze/transcript?ag_id=942#ew_0_587838,0.22,220,5.393627546,,
10410,ua,g_948;em_12_91688;n_6521728-n_6521733;p_181;#=ew_69_220020;prefix=67442-;[0]=ew_0_590086,R002M,PresentElder,134.267,134.047,https://labbcat.canterbury.ac.nz/maonze/transcript?ag_id=948#ew_0_590086,0.22,220,5.393627546,,
10549,ua,g_971;em_12_92956;n_6582822-n_106333;p_184;#=ew_69_223633;prefix=70635-;[0]=ew_0_602748,R004M,PresentElder,185.707,185.487,https://labbcat.canterbury.ac.nz/maonze/transcript?ag_id=971#ew_0_602748,0.22,220,5.393627546,,
10567,ua,g_974;em_12_93154;n_106484-n_106485;p_184;#=ew_69_224223;prefix=71061-;[0]=ew_0_604264,R004M,PresentElder,117.271,117.051,https://labbcat.canterbury.ac.nz/maonze/transcript?ag_id=974#ew_0_604264,0.22,220,5.393627546,,
10586,ua,g_978;em_12_93484;n_16417-n_106672;p_184;#=ew_69_225044;prefix=71666-;[0]=ew_0_606456,R004M,PresentElder,60.406,60.186,https://labbcat.canterbury.ac.nz/maonze/transcript?ag_id=978#ew_0_606456,0.22,220,5.393627546,,
10694,ua,g_993;em_12_94209;n_107244-n_107245;p_182;#=ew_69_227305;prefix=73857-;[0]=ew_0_614186,R005M,PresentElder,227.8,227.58,https://labbcat.canterbury.ac.nz/maonze/transcript?ag_id=993#ew_0_614186,0.22,220,5.393627546,,
481,ea,g_1371;em_12_118242;n_123790-n_30260;p_287;#=ew_69_228231;prefix=74983-;[0]=ew_0_813954,R006M,PresentElder,268.14,267.92,https://labbcat.canterbury.ac.nz/maonze/transcript?ag_id=1371#ew_0_813954,0.22,220,5.393627546,,
1038,ea,g_1882;em_12_154943;n_5258491-n_5258516;p_334;#=ew_69_236984;prefix=83193-;[0]=ew_0_1169646,R011M,PresentElder,310.02,309.8,https://labbcat.canterbury.ac.nz/maonze/transcript?ag_id=1882#ew_0_1169646,0.22,220,5.393627546,,
1525,ea,g_369;em_12_35943;n_59769-n_59770;p_92;#=ew_69_213173;prefix=60757-;[0]=ew_0_238630,MU04M,Historical,296.407,296.187,https://labbcat.canterbury.ac.nz/maonze/transcript?ag_id=369#ew_0_238630,0.22,220,5.393627546,,
1782,ea,g_5;em_12_231;n_30892-n_30893;p_28;#=ew_69_151109;prefix=01932-;[0]=ew_0_2580,K001M,PresentElder,304.602,304.382,https://labbcat.canterbury.ac.nz/maonze/transcript?ag_id=5#ew_0_2580,0.22,220,5.393627546,,
5319,oa,g_1518;em_12_125874;n_129938-n_129939;p_287;#=ew_69_228028;prefix=74272-;[0]=ew_0_884262,R006M,PresentElder,279.722,279.502,https://labbcat.canterbury.ac.nz/maonze/transcript?ag_id=1518#ew_0_884262,0.22,220,5.393627546,,
5622,oa,g_1882;em_12_154969;n_5258406-n_5258424;p_334;#=ew_69_236964;prefix=83263-;[0]=ew_0_1169388,R011M,PresentElder,286.292,286.072,https://labbcat.canterbury.ac.nz/maonze/transcript?ag_id=1882#ew_0_1169388,0.22,220,5.393627546,,
6331,oa,g_666;em_12_70539;n_89332-n_29562;p_148;#=ew_69_207898;prefix=55808-;[0]=ew_0_422766,L2Y05M,L2,286.679,286.459,https://labbcat.canterbury.ac.nz/maonze/transcript?ag_id=666#ew_0_422766,0.22,220,5.393627546,,
6386,oa,g_858;em_12_86160;n_101137-n_101138;p_167;#=ew_69_172430;prefix=22284-;[0]=ew_0_546538,L1H01M,L1,291.945,291.725,https://labbcat.canterbury.ac.nz/maonze/transcript?ag_id=858#ew_0_546538,0.22,220,5.393627546,,
8268,ua,g_1895;em_12_155821;n_5271221-n_5271238;p_334;#=ew_69_238897;prefix=84396-;[0]=ew_0_1180393,R011M,PresentElder,310.219,309.999,https://labbcat.canterbury.ac.nz/maonze/transcript?ag_id=1895#ew_0_1180393,0.22,220,5.393627546,,
9793,ua,g_82;em_12_5633;n_35692-n_35693;p_37;#=ew_69_160464;prefix=10817-;[0]=ew_0_1093508,K005M,PresentElder,262.719,262.499,https://labbcat.canterbury.ac.nz/maonze/transcript?ag_id=82#ew_0_1093508,0.22,220,5.393627546,,
3397,ia,g_16;em_12_1288;n_31915-n_31916;p_19;#=ew_69_152351;prefix=02348-;[0]=ew_0_11269,K002M,PresentElder,305.398,305.188,https://labbcat.canterbury.ac.nz/maonze/transcript?ag_id=16#ew_0_11269,0.21,210,5.347107531,,
5779,oa,g_1944;em_12_165717;n_6847706-n_6847720;p_28;#=ew_69_150415;prefix=01287-;[0]=ew_0_1296343,K001M,PresentElder,347.059,346.849,https://labbcat.canterbury.ac.nz/maonze/transcript?ag_id=1944#ew_0_1296343,0.21,210,5.347107531,,
9528,ua,g_631;em_12_66065;n_85526-n_29527;p_143;#=ew_69_202718;prefix=51423-;[0]=ew_0_401334,L2Y02M,L2,308.973,308.763,https://labbcat.canterbury.ac.nz/maonze/transcript?ag_id=631#ew_0_401334,0.21,210,5.347107531,,
9723,ua,g_668;em_12_70613;n_89396-n_89397;p_148;#=ew_69_208319;prefix=56208-;[0]=ew_0_424039,L2Y05M,L2,295.134,294.924,https://labbcat.canterbury.ac.nz/maonze/transcript?ag_id=668#ew_0_424039,0.21,210,5.347107531,,
10403,ua,g_948;em_12_163311;n_6521809-n_6521815;p_181;#=ew_69_220240;prefix=67503-;[0]=ew_0_1278120,R002M,PresentElder,259.708,259.498,https://labbcat.canterbury.ac.nz/maonze/transcript?ag_id=948#ew_0_1278120,0.21,210,5.347107531,,
194,ea,g_105;em_12_7279;n_37118-n_37119;p_41;#=ew_69_163931;prefix=14464-;[0]=ew_0_72757,K007M,PresentElder,191.691,191.481,https://labbcat.canterbury.ac.nz/maonze/transcript?ag_id=105#ew_0_72757,0.21,210,5.347107531,,
355,ea,g_1206;em_12_109369;n_118159-n_118160;p_244;#=ew_69_244471;prefix=90094-;[0]=ew_0_728099,WU04M,Historical,201.294,201.084,https://labbcat.canterbury.ac.nz/maonze/transcript?ag_id=1206#ew_0_728099,0.21,210,5.347107531,,
390,ea,g_1230;em_12_110789;n_21076-n_5827004;p_249;#=ew_69_180138;prefix=29471-;[0]=ew_0_739716,L1H06M,L1,142.071,141.861,https://labbcat.canterbury.ac.nz/maonze/transcript?ag_id=1230#ew_0_739716,0.21,210,5.347107531,,
419,ea,g_1238;em_12_111372;n_21609-n_119207;p_249;#=ew_69_180562;prefix=30198-;[0]=ew_0_744318,L1H06M,L1,184.239,184.029,https://labbcat.canterbury.ac.nz/maonze/transcript?ag_id=1238#ew_0_744318,0.21,210,5.347107531,,
492,ea,g_1372;em_12_118282;n_123829-n_123830;p_287;#=ew_69_227976;prefix=74822-;[0]=ew_0_814506,R006M,PresentElder,238.376,238.166,https://labbcat.canterbury.ac.nz/maonze/transcript?ag_id=1372#ew_0_814506,0.21,210,5.347107531,,
574,ea,g_1524;em_12_126152;n_130181-n_130182;p_287;#=ew_69_228663;prefix=75344-;[0]=ew_0_887512,R006M,PresentElder,101.989,101.779,https://labbcat.canterbury.ac.nz/maonze/transcript?ag_id=1524#ew_0_887512,0.21,210,5.347107531,,
596,ea,g_1526;em_12_126252;n_130267-n_130268;p_287;#=ew_69_229026;prefix=75748-;[0]=ew_0_888954,R006M,PresentElder,220.544,220.334,https://labbcat.canterbury.ac.nz/maonze/transcript?ag_id=1526#ew_0_888954,0.21,210,5.347107531,,
599,ea,g_1527;em_12_126282;n_130296-n_130297;p_287;#=ew_69_229175;prefix=75887-;[0]=ew_0_889461,R006M,PresentElder,170.752,170.542,https://labbcat.canterbury.ac.nz/maonze/transcript?ag_id=1527#ew_0_889461,0.21,210,5.347107531,,
786,ea,g_1657;em_12_134417;n_136345-n_136346;p_300;#=ew_69_194545;prefix=43542-;[0]=ew_0_950992,L2H02M,L2,81.049,80.839,https://labbcat.canterbury.ac.nz/maonze/transcript?ag_id=1657#ew_0_950992,0.21,210,5.347107531,,
1000,ea,g_1846;em_12_149380;n_3852823-n_3852835;p_49;#=ew_69_205204;prefix=53242-;[0]=ew_0_1105310,L2Y03M,L2,184.981,184.771,https://labbcat.canterbury.ac.nz/maonze/transcript?ag_id=1846#ew_0_1105310,0.21,210,5.347107531,,
1076,ea,g_1899;em_12_156169;n_5275869-n_5275889;p_333;#=ew_69_238076;prefix=84992-;[0]=ew_0_1183893,R012M,PresentElder,66.263,66.053,https://labbcat.canterbury.ac.nz/maonze/transcript?ag_id=1899#ew_0_1183893,0.21,210,5.347107531,,
1240,ea,g_23;em_12_1912;n_32528-n_32529;p_19;#=ew_69_153097;prefix=04361-;[0]=ew_0_16312,K002M,PresentElder,111.593,111.383,https://labbcat.canterbury.ac.nz/maonze/transcript?ag_id=23#ew_0_16312,0.21,210,5.347107531,,
1403,ea,g_323;em_12_148715;n_3841456-n_56798;p_89;#=ew_69_188944;prefix=37729-;[0]=ew_0_1097069,L1Y04M,L1,251.485,251.275,https://labbcat.canterbury.ac.nz/maonze/transcript?ag_id=323#ew_0_1097069,0.21,210,5.347107531,,
1448,ea,g_331;em_12_33238;n_7086490-n_57503;p_85;#=ew_69_184205;prefix=33348-;[0]=ew_0_220866,L1Y02M,L1,98.611,98.401,https://labbcat.canterbury.ac.nz/maonze/transcript?ag_id=331#ew_0_220866,0.21,210,5.347107531,,
1499,ea,g_345;em_12_33630;n_7087080-n_57799;p_85;#=ew_69_184742;prefix=33808-;[0]=ew_0_225973,L1Y02M,L1,153.53,153.32,https://labbcat.canterbury.ac.nz/maonze/transcript?ag_id=345#ew_0_225973,0.21,210,5.347107531,,
1562,ea,g_386;em_12_39185;n_62980-n_62981;p_95;#=ew_69_215689;prefix=62760-;[0]=ew_0_248684,MU06M,Historical,68.78,68.57,https://labbcat.canterbury.ac.nz/maonze/transcript?ag_id=386#ew_0_248684,0.21,210,5.347107531,,
1604,ea,g_451;em_12_161324;n_6123574-n_6123585;p_110;#=ew_69_156474;prefix=07222-;[0]=ew_0_1253391,K003M,PresentElder,232.568,232.358,https://labbcat.canterbury.ac.nz/maonze/transcript?ag_id=451#ew_0_1253391,0.21,210,5.347107531,,
1711,ea,g_480;em_12_49312;n_71210-n_71211;p_121;#=ew_69_168539;prefix=18171-;[0]=ew_0_308850,K009M,PresentElder,139.781,139.571,https://labbcat.canterbury.ac.nz/maonze/transcript?ag_id=480#ew_0_308850,0.21,210,5.347107531,,
1787,ea,g_501;em_12_52163;n_73399-n_73400;p_97;#=ew_69_214827;prefix=63035-;[0]=ew_0_321814,MU07M,Historical,179.216,179.006,https://labbcat.canterbury.ac.nz/maonze/transcript?ag_id=501#ew_0_321814,0.21,210,5.347107531,,
1860,ea,g_59;em_12_162190;n_6219105-n_6219106;p_32;#=ew_69_159510;prefix=09791-;[0]=ew_0_1263417,K004M,PresentElder,166.376,166.166,https://labbcat.canterbury.ac.nz/maonze/transcript?ag_id=59#ew_0_1263417,0.21,210,5.347107531,,
1863,ea,g_59;em_12_162226;n_6219052-n_6219097;p_32;#=ew_69_159459;prefix=09685-;[0]=ew_0_1263376,K004M,PresentElder,86.858,86.648,https://labbcat.canterbury.ac.nz/maonze/transcript?ag_id=59#ew_0_1263376,0.21,210,5.347107531,,
1902,ea,g_606;em_12_64451;n_84036-n_84037;p_140;#=ew_69_190553;prefix=40057-;[0]=ew_0_386922,L1Y05M,L1,143.6,143.39,https://labbcat.canterbury.ac.nz/maonze/transcript?ag_id=606#ew_0_386922,0.21,210,5.347107531,,
2059,ea,g_634;em_12_66380;n_85816-n_85817;p_143;#=ew_69_204033;prefix=52100-;[0]=ew_0_403831,L2Y02M,L2,194.336,194.126,https://labbcat.canterbury.ac.nz/maonze/transcript?ag_id=634#ew_0_403831,0.21,210,5.347107531,,
2073,ea,g_642;em_12_66999;n_10700-n_86246;p_145;#=ew_69_201151;prefix=50063-;[0]=ew_0_1107520,L2Y01M,L2,130.643,130.433,https://labbcat.canterbury.ac.nz/maonze/transcript?ag_id=642#ew_0_1107520,0.21,210,5.347107531,,
2143,ea,g_668;em_12_70597;n_89386-n_89387;p_148;#=ew_69_208258;prefix=56147-;[0]=ew_0_423794,L2Y05M,L2,175.419,175.209,https://labbcat.canterbury.ac.nz/maonze/transcript?ag_id=668#ew_0_423794,0.21,210,5.347107531,,
2233,ea,g_85;em_12_160531;n_5957987-n_5957993;p_37;#=ew_69_161346;prefix=11308-;[0]=ew_0_1236532,K005M,PresentElder,162.93,162.72,https://labbcat.canterbury.ac.nz/maonze/transcript?ag_id=85#ew_0_1236532,0.21,210,5.347107531,,
2307,ea,g_861;em_12_86295;n_101234-n_101235;p_168;#=ew_69_173341;prefix=22623-;[0]=ew_0_547587,L1H02M,L1,178.58,178.37,https://labbcat.canterbury.ac.nz/maonze/transcript?ag_id=861#ew_0_547587,0.21,210,5.347107531,,
2308,ea,g_862;em_12_86364;n_101275-n_101276;p_168;#=ew_69_172843;prefix=22747-;[0]=ew_0_548200,L1H02M,L1,172.287,172.077,https://labbcat.canterbury.ac.nz/maonze/transcript?ag_id=862#ew_0_548200,0.21,210,5.347107531,,
2327,ea,g_865;em_12_86622;n_101473-n_101474;p_168;#=ew_69_173625;prefix=23308-;[0]=ew_0_550308,L1H02M,L1,239.417,239.207,https://labbcat.canterbury.ac.nz/maonze/transcript?ag_id=865#ew_0_550308,0.21,210,5.347107531,,
2383,ea,g_880;em_12_87634;n_102149-n_102150;p_169;#=ew_69_175468;prefix=24963-;[0]=ew_0_557137,L1H03M,L1,121.575,121.365,https://labbcat.canterbury.ac.nz/maonze/transcript?ag_id=880#ew_0_557137,0.21,210,5.347107531,,
2389,ea,g_885;em_12_88025;n_102371-n_102372;p_169;#=ew_69_175629;prefix=25446-;[0]=ew_0_559378,L1H03M,L1,219.809,219.599,https://labbcat.canterbury.ac.nz/maonze/transcript?ag_id=885#ew_0_559378,0.21,210,5.347107531,,
2406,ea,g_892;em_12_88382;n_102653-n_102654;p_174;#=ew_69_179621;prefix=28772-;[0]=ew_0_562404,L1H05M,L1,221.71,221.5,https://labbcat.canterbury.ac.nz/maonze/transcript?ag_id=892#ew_0_562404,0.21,210,5.347107531,,
2447,ea,g_898;em_12_88675;n_102900-n_5774242;p_174;#=ew_69_178728;prefix=27699-;[0]=ew_0_565938,L1H05M,L1,162.467,162.257,https://labbcat.canterbury.ac.nz/maonze/transcript?ag_id=898#ew_0_565938,0.21,210,5.347107531,,
2468,ea,g_901;em_12_170112;n_6967266-n_6967267;p_173;#=ew_69_177172;prefix=26923-;[0]=ew_0_1330722,L1H04M,L1,123.644,123.434,https://labbcat.canterbury.ac.nz/maonze/transcript?ag_id=901#ew_0_1330722,0.21,210,5.347107531,,
2490,ea,g_907;em_12_89159;n_103251-n_103252;p_173;#=ew_69_177421;prefix=26603-;[0]=ew_0_570314,L1H04M,L1,146.806,146.596,https://labbcat.canterbury.ac.nz/maonze/transcript?ag_id=907#ew_0_570314,0.21,210,5.347107531,,
2681,ea,g_968;em_12_92804;n_106201-n_106202;p_183;#=ew_69_223259;prefix=70259-;[0]=ew_0_601410,R003M,PresentElder,186.949,186.739,https://labbcat.canterbury.ac.nz/maonze/transcript?ag_id=968#ew_0_601410,0.21,210,5.347107531,,
2778,ea,g_982;em_12_163523;n_6611747-n_6611753;p_184;#=ew_69_225336;prefix=72192-;[0]=ew_0_1280699,R004M,PresentElder,98.757,98.547,https://labbcat.canterbury.ac.nz/maonze/transcript?ag_id=982#ew_0_1280699,0.21,210,5.347107531,,
2813,ea,g_989;em_12_150914;n_4619476-n_4619478;p_182;#=ew_69_225928;prefix=73366-;[0]=ew_0_1128175,R005M,PresentElder,242.11,241.9,https://labbcat.canterbury.ac.nz/maonze/transcript?ag_id=989#ew_0_1128175,0.21,210,5.347107531,,
3391,ia,g_1548;em_12_127382;n_25813-n_130889;p_293;#=ew_69_216647;prefix=64067-;[0]=ew_0_900132,MU10M,Historical,151.012,150.802,https://labbcat.canterbury.ac.nz/maonze/transcript?ag_id=1548#ew_0_900132,0.21,210,5.347107531,,
3449,ia,g_1630;em_12_132603;n_134870-n_27009;p_299;#=ew_69_193200;prefix=41929-;[0]=ew_0_939053,L2H01M,L2,80.51,80.3,https://labbcat.canterbury.ac.nz/maonze/transcript?ag_id=1630#ew_0_939053,0.21,210,5.347107531,,
3511,ia,g_1658;em_12_134492;n_27368-n_136400;p_300;#=ew_69_195127;prefix=43694-;[0]=ew_0_951649,L2H02M,L2,156.616,156.406,https://labbcat.canterbury.ac.nz/maonze/transcript?ag_id=1658#ew_0_951649,0.21,210,5.347107531,,
3548,ia,g_1670;em_12_134995;n_136789-n_136790;p_302;#=ew_69_198199;prefix=46935-;[0]=ew_0_957526,L2H04M,L2,143.731,143.521,https://labbcat.canterbury.ac.nz/maonze/transcript?ag_id=1670#ew_0_957526,0.21,210,5.347107531,,
3702,ia,g_1903;em_12_156496;n_5280129-n_5280151;p_333;#=ew_69_240040;prefix=85629-;[0]=ew_0_1187427,R012M,PresentElder,216.345,216.135,https://labbcat.canterbury.ac.nz/maonze/transcript?ag_id=1903#ew_0_1187427,0.21,210,5.347107531,,
3715,ia,g_1908;em_12_156788;n_5284281-n_5284298;p_333;#=ew_69_240962;prefix=86454-;[0]=ew_0_1191548,R012M,PresentElder,89.67,89.46,https://labbcat.canterbury.ac.nz/maonze/transcript?ag_id=1908#ew_0_1191548,0.21,210,5.347107531,,
3725,ia,g_1909;em_12_156847;n_5285534-n_5285556;p_333;#=ew_69_240988;prefix=86630-;[0]=ew_0_1191664,R012M,PresentElder,154.669,154.459,https://labbcat.canterbury.ac.nz/maonze/transcript?ag_id=1909#ew_0_1191664,0.21,210,5.347107531,,
3774,ia,g_1942;em_12_165584;n_6841848-n_6841859;p_41;#=ew_69_164828;prefix=14909-;[0]=ew_0_1294992,K007M,PresentElder,74.245,74.035,https://labbcat.canterbury.ac.nz/maonze/transcript?ag_id=1942#ew_0_1294992,0.21,210,5.347107531,,
3936,ia,g_341;em_12_33495;n_57708-n_57709;p_85;#=ew_69_184449;prefix=33762-;[0]=ew_0_224244,L1Y02M,L1,104.754,104.544,https://labbcat.canterbury.ac.nz/maonze/transcript?ag_id=341#ew_0_224244,0.21,210,5.347107531,,
4014,ia,g_385;em_12_39021;n_62816-n_62818;p_95;#=ew_69_215264;prefix=62603-;[0]=ew_0_248112,MU06M,Historical,205.632,205.422,https://labbcat.canterbury.ac.nz/maonze/transcript?ag_id=385#ew_0_248112,0.21,210,5.347107531,,
4108,ia,g_456;em_12_47123;n_69458-n_69459;p_112;#=ew_69_161693;prefix=11798-;[0]=ew_0_295200,K006M,PresentElder,211.555,211.345,https://labbcat.canterbury.ac.nz/maonze/transcript?ag_id=456#ew_0_295200,0.21,210,5.347107531,,
4218,ia,g_499;em_12_51749;n_73045-n_73046;p_97;#=ew_69_215459;prefix=63178-;[0]=ew_0_320376,MU07M,Historical,132.434,132.224,https://labbcat.canterbury.ac.nz/maonze/transcript?ag_id=499#ew_0_320376,0.21,210,5.347107531,,
4471,ia,g_672;em_12_70734;n_89503-n_89504;p_148;#=ew_69_208366;prefix=56694-;[0]=ew_0_426198,L2Y05M,L2,77.043,76.833,https://labbcat.canterbury.ac.nz/maonze/transcript?ag_id=672#ew_0_426198,0.21,210,5.347107531,,
4594,ia,g_880;em_12_87662;n_102169-n_102170;p_169;#=ew_69_175515;prefix=25006-;[0]=ew_0_557289,L1H03M,L1,216.526,216.316,https://labbcat.canterbury.ac.nz/maonze/transcript?ag_id=880#ew_0_557289,0.21,210,5.347107531,,
4773,ia,g_949;em_12_91735;n_6521871-n_105398;p_181;#=ew_69_220553;prefix=67607-;[0]=ew_0_590731,R002M,PresentElder,153.982,153.772,https://labbcat.canterbury.ac.nz/maonze/transcript?ag_id=949#ew_0_590731,0.21,210,5.347107531,,
4933,oa,g_1009;em_12_95346;n_108277-n_108278;p_188;#=ew_69_229751;prefix=76298-;[0]=ew_0_624458,R007M,PresentElder,138.041,137.831,https://labbcat.canterbury.ac.nz/maonze/transcript?ag_id=1009#ew_0_624458,0.21,210,5.347107531,,
5130,oa,g_1087;em_12_100476;n_18434-n_111572;p_208;#=ew_69_247874;prefix=93411-;[0]=ew_0_668582,WU07M,Historical,170.465,170.255,https://labbcat.canterbury.ac.nz/maonze/transcript?ag_id=1087#ew_0_668582,0.21,210,5.347107531,,
5175,oa,g_1200;em_12_108647;n_117451-n_117452;p_244;#=ew_69_242996;prefix=89096-;[0]=ew_0_724322,WU04M,Historical,111.433,111.223,https://labbcat.canterbury.ac.nz/maonze/transcript?ag_id=1200#ew_0_724322,0.21,210,5.347107531,,
5376,oa,g_1549;em_12_127410;n_25829-n_25830;p_293;#=ew_69_216677;prefix=64100-;[0]=ew_0_900370,MU10M,Historical,65.281,65.071,https://labbcat.canterbury.ac.nz/maonze/transcript?ag_id=1549#ew_0_900370,0.21,210,5.347107531,,
5428,oa,g_1642;em_12_133294;n_135503-n_135504;p_288;#=ew_69_196406;prefix=45038-;[0]=ew_0_943459,L2H03M,L2,93.185,92.975,https://labbcat.canterbury.ac.nz/maonze/transcript?ag_id=1642#ew_0_943459,0.21,210,5.347107531,,
5506,oa,g_1674;em_12_163229;n_6459897-n_6459898;p_307;#=ew_69_200574;prefix=48839-;[0]=ew_0_1277576,L2H05M,L2,193.036,192.826,https://labbcat.canterbury.ac.nz/maonze/transcript?ag_id=1674#ew_0_1277576,0.21,210,5.347107531,,
5535,oa,g_17;em_12_1352;n_31978-n_31979;p_19;#=ew_69_151615;prefix=02486-;[0]=ew_0_11850,K002M,PresentElder,228.287,228.077,https://labbcat.canterbury.ac.nz/maonze/transcript?ag_id=17#ew_0_11850,0.21,210,5.347107531,,
5546,oa,g_1748;em_12_139763;n_140460-n_140461;p_318;#=ew_69_231208;prefix=77835-;[0]=ew_0_1002235,R008M,PresentElder,155.02,154.81,https://labbcat.canterbury.ac.nz/maonze/transcript?ag_id=1748#ew_0_1002235,0.21,210,5.347107531,,
5561,oa,g_1755;em_12_140310;n_140925-n_140926;p_318;#=ew_69_232119;prefix=78630-;[0]=ew_0_1005050,R008M,PresentElder,218.942,218.732,https://labbcat.canterbury.ac.nz/maonze/transcript?ag_id=1755#ew_0_1005050,0.21,210,5.347107531,,
5641,oa,g_1890;em_12_155504;n_5265622-n_5265643;p_334;#=ew_69_237478;prefix=84012-;[0]=ew_0_1176242,R011M,PresentElder,81.679,81.469,https://labbcat.canterbury.ac.nz/maonze/transcript?ag_id=1890#ew_0_1176242,0.21,210,5.347107531,,
5694,oa,g_1902;em_12_156446;n_5279016-n_5279031;p_333;#=ew_69_239276;prefix=85418-;[0]=ew_0_1186609,R012M,PresentElder,109.816,109.606,https://labbcat.canterbury.ac.nz/maonze/transcript?ag_id=1902#ew_0_1186609,0.21,210,5.347107531,,
5758,oa,g_1922;em_12_162553;n_6278779-n_6278786;p_337;#=ew_69_216899;prefix=64249-;[0]=ew_0_1267610,MU11M,Historical,124.605,124.395,https://labbcat.canterbury.ac.nz/maonze/transcript?ag_id=1922#ew_0_1267610,0.21,210,5.347107531,,
5850,oa,g_317;em_12_148860;n_3842042-n_3842061;p_89;#=ew_69_187673;prefix=36726-;[0]=ew_0_1097469,L1Y04M,L1,180.353,180.143,https://labbcat.canterbury.ac.nz/maonze/transcript?ag_id=317#ew_0_1097469,0.21,210,5.347107531,,
6058,oa,g_465;em_12_47929;n_69977-n_6953183;p_120;#=ew_69_165655;prefix=15749-;[0]=ew_0_299802,K008M,PresentElder,93.956,93.746,https://labbcat.canterbury.ac.nz/maonze/transcript?ag_id=465#ew_0_299802,0.21,210,5.347107531,,
6065,oa,g_469;em_12_48533;n_70512-n_70514;p_120;#=ew_69_166396;prefix=16430-;[0]=ew_0_302753,K008M,PresentElder,220.202,219.992,https://labbcat.canterbury.ac.nz/maonze/transcript?ag_id=469#ew_0_302753,0.21,210,5.347107531,,
6178,oa,g_600;em_12_64087;n_83684-n_83685;p_140;#=ew_69_189836;prefix=38817-;[0]=ew_0_382626,L1Y05M,L1,117.989,117.779,https://labbcat.canterbury.ac.nz/maonze/transcript?ag_id=600#ew_0_382626,0.21,210,5.347107531,,
6316,oa,g_662;em_12_70378;n_89178-n_89179;p_148;#=ew_69_207151;prefix=55096-;[0]=ew_0_420094,L2Y05M,L2,228.389,228.179,https://labbcat.canterbury.ac.nz/maonze/transcript?ag_id=662#ew_0_420094,0.21,210,5.347107531,,
6338,oa,g_672;em_12_70739;n_89508-n_89509;p_148;#=ew_69_208392;prefix=56718-;[0]=ew_0_426266,L2Y05M,L2,109.525,109.315,https://labbcat.canterbury.ac.nz/maonze/transcript?ag_id=672#ew_0_426266,0.21,210,5.347107531,,
6339,oa,g_672;em_12_70740;n_89509-n_89510;p_148;#=ew_69_208398;prefix=56724-;[0]=ew_0_426289,L2Y05M,L2,118.417,118.207,https://labbcat.canterbury.ac.nz/maonze/transcript?ag_id=672#ew_0_426289,0.21,210,5.347107531,,
6408,oa,g_865;em_12_86627;n_101478-n_101479;p_168;#=ew_69_173639;prefix=23320-;[0]=ew_0_550356,L1H02M,L1,255.029,254.819,https://labbcat.canterbury.ac.nz/maonze/transcript?ag_id=865#ew_0_550356,0.21,210,5.347107531,,
6430,oa,g_873;em_12_87198;n_101861-n_101862;p_168;#=ew_69_174271;prefix=24407-;[0]=ew_0_554532,L1H02M,L1,67.655,67.445,https://labbcat.canterbury.ac.nz/maonze/transcript?ag_id=873#ew_0_554532,0.21,210,5.347107531,,
6455,oa,g_887;em_12_88171;n_102469-n_102470;p_169;#=ew_69_176041;prefix=25621-;[0]=ew_0_560239,L1H03M,L1,246.185,245.975,https://labbcat.canterbury.ac.nz/maonze/transcript?ag_id=887#ew_0_560239,0.21,210,5.347107531,,
6515,oa,g_925;em_12_90175;n_103996-n_103997;p_179;#=ew_69_217174;prefix=64402-;[0]=ew_0_579415,R001M,PresentElder,228.793,228.583,https://labbcat.canterbury.ac.nz/maonze/transcript?ag_id=925#ew_0_579415,0.21,210,5.347107531,,
6586,oa,g_954;em_12_91969;n_105590-n_105591;p_181;#=ew_69_221301;prefix=68085-;[0]=ew_0_593712,R002M,PresentElder,101.286,101.076,https://labbcat.canterbury.ac.nz/maonze/transcript?ag_id=954#ew_0_593712,0.21,210,5.347107531,,
6779,ua,g_102;em_12_162956;n_6286098-n_6286104;p_41;#=ew_69_163788;prefix=13942-;[0]=ew_0_1272661,K007M,PresentElder,233.996,233.786,https://labbcat.canterbury.ac.nz/maonze/transcript?ag_id=102#ew_0_1272661,0.21,210,5.347107531,,
6997,ua,g_1050;em_12_97671;n_17688-n_17689;p_201;#=ew_69_241632;prefix=87707-;[0]=ew_0_648461,WU01M,Historical,136.893,136.683,https://labbcat.canterbury.ac.nz/maonze/transcript?ag_id=1050#ew_0_648461,0.21,210,5.347107531,,
7040,ua,g_1072;em_12_99616;n_110830-n_110831;p_206;#=ew_69_245895;prefix=91433-;[0]=ew_0_660614,WU06M,Historical,138.453,138.243,https://labbcat.canterbury.ac.nz/maonze/transcript?ag_id=1072#ew_0_660614,0.21,210,5.347107531,,
7046,ua,g_1072;em_12_99638;n_110852-n_110853;p_206;#=ew_69_246274;prefix=91519-;[0]=ew_0_660892,WU06M,Historical,235,234.79,https://labbcat.canterbury.ac.nz/maonze/transcript?ag_id=1072#ew_0_660892,0.21,210,5.347107531,,
7536,ua,g_1393;em_12_119223;n_124689-n_124690;p_262;#=ew_69_249627;prefix=95306-;[0]=ew_0_825191,WU08M,Historical,177.613,177.403,https://labbcat.canterbury.ac.nz/maonze/transcript?ag_id=1393#ew_0_825191,0.21,210,5.347107531,,
7796,ua,g_1629;em_12_132536;n_134810-n_134811;p_299;#=ew_69_192928;prefix=41790-;[0]=ew_0_938571,L2H01M,L2,100.072,99.862,https://labbcat.canterbury.ac.nz/maonze/transcript?ag_id=1629#ew_0_938571,0.21,210,5.347107531,,
7811,ua,g_1634;em_12_132780;n_135022-n_135023;p_288;#=ew_69_195650;prefix=43999-;[0]=ew_0_940091,L2H03M,L2,151.848,151.638,https://labbcat.canterbury.ac.nz/maonze/transcript?ag_id=1634#ew_0_940091,0.21,210,5.347107531,,
7818,ua,g_1635;em_12_132857;n_135096-n_135097;p_288;#=ew_69_195643;prefix=44168-;[0]=ew_0_940637,L2H03M,L2,193.257,193.047,https://labbcat.canterbury.ac.nz/maonze/transcript?ag_id=1635#ew_0_940637,0.21,210,5.347107531,,
7824,ua,g_1636;em_12_132915;n_135152-n_135153;p_288;#=ew_69_195271;prefix=44272-;[0]=ew_0_1275436,L2H03M,L2,140.793,140.583,https://labbcat.canterbury.ac.nz/maonze/transcript?ag_id=1636#ew_0_1275436,0.21,210,5.347107531,,
8101,ua,g_1746;em_12_139624;n_140337-n_140338;p_318;#=ew_69_231068;prefix=77642-;[0]=ew_0_1001481,R008M,PresentElder,156.227,156.017,https://labbcat.canterbury.ac.nz/maonze/transcript?ag_id=1746#ew_0_1001481,0.21,210,5.347107531,,
8108,ua,g_1747;em_12_139714;n_140416-n_140417;p_318;#=ew_69_231004;prefix=77738-;[0]=ew_0_1001914,R008M,PresentElder,196.728,196.518,https://labbcat.canterbury.ac.nz/maonze/transcript?ag_id=1747#ew_0_1001914,0.21,210,5.347107531,,
8234,ua,g_1868;em_12_153973;n_5221702-n_5221708;p_334;#=ew_69_237179;prefix=83561-;[0]=ew_0_1157792,R011M,PresentElder,172.394,172.184,https://labbcat.canterbury.ac.nz/maonze/transcript?ag_id=1868#ew_0_1157792,0.21,210,5.347107531,,
8389,ua,g_1909;em_12_156878;n_5285670-n_5285689;p_333;#=ew_69_241075;prefix=86662-;[0]=ew_0_1191936,R012M,PresentElder,198.262,198.052,https://labbcat.canterbury.ac.nz/maonze/transcript?ag_id=1909#ew_0_1191936,0.21,210,5.347107531,,
8450,ua,g_1941;em_12_165465;n_6840770-n_6840776;p_112;#=ew_69_161897;prefix=11968-;[0]=ew_0_1294214,K006M,PresentElder,154.612,154.402,https://labbcat.canterbury.ac.nz/maonze/transcript?ag_id=1941#ew_0_1294214,0.21,210,5.347107531,,
8584,ua,g_306;em_12_160900;n_5999995-n_6000302;p_81;#=ew_69_186163;prefix=35366-;[0]=ew_0_1237994,L1Y03M,L1,91.45,91.24,https://labbcat.canterbury.ac.nz/maonze/transcript?ag_id=306#ew_0_1237994,0.21,210,5.347107531,,
8621,ua,g_311;em_12_30297;n_5999341-n_55032;p_81;#=ew_69_187125;prefix=35955-;[0]=ew_0_209669,L1Y03M,L1,90.629,90.419,https://labbcat.canterbury.ac.nz/maonze/transcript?ag_id=311#ew_0_209669,0.21,210,5.347107531,,
8643,ua,g_318;em_12_148554;n_3841649-n_3841677;p_89;#=ew_69_187902;prefix=36871-;[0]=ew_0_1095918,L1Y04M,L1,140.025,139.815,https://labbcat.canterbury.ac.nz/maonze/transcript?ag_id=318#ew_0_1095918,0.21,210,5.347107531,,
8941,ua,g_446;em_12_169677;n_6944612-n_6944613;p_110;#=ew_69_156022;prefix=05888-;[0]=ew_0_1325761,K003M,PresentElder,254.959,254.749,https://labbcat.canterbury.ac.nz/maonze/transcript?ag_id=446#ew_0_1325761,0.21,210,5.347107531,,
9076,ua,g_474;em_12_49008;n_70941-n_70942;p_121;#=ew_69_167132;prefix=17035-;[0]=ew_0_304931,K009M,PresentElder,176.113,175.903,https://labbcat.canterbury.ac.nz/maonze/transcript?ag_id=474#ew_0_304931,0.21,210,5.347107531,,
9085,ua,g_477;em_12_49152;n_71070-n_71071;p_121;#=ew_69_167483;prefix=17680-;[0]=ew_0_306853,K009M,PresentElder,118.046,117.836,https://labbcat.canterbury.ac.nz/maonze/transcript?ag_id=477#ew_0_306853,0.21,210,5.347107531,,
9096,ua,g_479;em_12_49256;n_71164-n_71165;p_121;#=ew_69_167993;prefix=17977-;[0]=ew_0_308188,K009M,PresentElder,128.495,128.285,https://labbcat.canterbury.ac.nz/maonze/transcript?ag_id=479#ew_0_308188,0.21,210,5.347107531,,
9097,ua,g_479;em_12_49259;n_71167-n_71168;p_121;#=ew_69_168003;prefix=17987-;[0]=ew_0_308229,K009M,PresentElder,143.023,142.813,https://labbcat.canterbury.ac.nz/maonze/transcript?ag_id=479#ew_0_308229,0.21,210,5.347107531,,
9149,ua,g_487;em_12_49937;n_8251-n_8252;p_122;#=ew_69_169478;prefix=19317-;[0]=ew_0_313248,K010M,PresentElder,197.661,197.451,https://labbcat.canterbury.ac.nz/maonze/transcript?ag_id=487#ew_0_313248,0.21,210,5.347107531,,
9292,ua,g_60;em_12_158378;n_5388061-n_5388067;p_32;#=ew_69_159172;prefix=09874-;[0]=ew_0_1207832,K004M,PresentElder,158.547,158.337,https://labbcat.canterbury.ac.nz/maonze/transcript?ag_id=60#ew_0_1207832,0.21,210,5.347107531,,
9334,ua,g_604;em_12_64334;n_83927-n_83928;p_140;#=ew_69_191395;prefix=39681-;[0]=ew_0_385565,L1Y05M,L1,188.589,188.379,https://labbcat.canterbury.ac.nz/maonze/transcript?ag_id=604#ew_0_385565,0.21,210,5.347107531,,
9349,ua,g_607;em_12_64539;n_84115-n_84116;p_140;#=ew_69_191169;prefix=40159-;[0]=ew_0_387349,L1Y05M,L1,133.65,133.44,https://labbcat.canterbury.ac.nz/maonze/transcript?ag_id=607#ew_0_387349,0.21,210,5.347107531,,
9557,ua,g_635;em_12_66444;n_10528-n_85865;p_145;#=ew_69_200695;prefix=49006-;[0]=ew_0_1107567,L2Y01M,L2,150.157,149.947,https://labbcat.canterbury.ac.nz/maonze/transcript?ag_id=635#ew_0_1107567,0.21,210,5.347107531,,
9560,ua,g_635;em_12_66452;n_85870-n_10531;p_145;#=ew_69_200707;prefix=49018-;[0]=ew_0_404365,L2Y01M,L2,177.369,177.159,https://labbcat.canterbury.ac.nz/maonze/transcript?ag_id=635#ew_0_404365,0.21,210,5.347107531,,
9568,ua,g_636;em_12_66536;n_85929-n_85930;p_145;#=ew_69_201363;prefix=49178-;[0]=ew_0_404991,L2Y01M,L2,109.156,108.946,https://labbcat.canterbury.ac.nz/maonze/transcript?ag_id=636#ew_0_404991,0.21,210,5.347107531,,
9642,ua,g_650;em_12_67689;n_86840-n_86841;p_146;#=ew_69_206243;prefix=53844-;[0]=ew_0_413780,L2Y04M,L2,114.43,114.22,https://labbcat.canterbury.ac.nz/maonze/transcript?ag_id=650#ew_0_413780,0.21,210,5.347107531,,
9657,ua,g_657;em_12_69345;n_88269-n_88270;p_146;#=ew_69_206732;prefix=54527-;[0]=ew_0_417573,L2Y04M,L2,71.679,71.469,https://labbcat.canterbury.ac.nz/maonze/transcript?ag_id=657#ew_0_417573,0.21,210,5.347107531,,
9682,ua,g_664;em_12_70463;n_89258-n_89259;p_148;#=ew_69_207327;prefix=55424-;[0]=ew_0_421503,L2Y05M,L2,247.026,246.816,https://labbcat.canterbury.ac.nz/maonze/transcript?ag_id=664#ew_0_421503,0.21,210,5.347107531,,
9909,ua,g_864;em_12_86530;n_101397-n_101398;p_168;#=ew_69_173761;prefix=23075-;[0]=ew_0_549531,L1H02M,L1,178.52,178.31,https://labbcat.canterbury.ac.nz/maonze/transcript?ag_id=864#ew_0_549531,0.21,210,5.347107531,,
10181,ua,g_907;em_12_89166;n_103256-n_103257;p_173;#=ew_69_177499;prefix=26630-;[0]=ew_0_570443,L1H04M,L1,205.38,205.17,https://labbcat.canterbury.ac.nz/maonze/transcript?ag_id=907#ew_0_570443,0.21,210,5.347107531,,
10182,ua,g_907;em_12_89167;n_103257-n_103258;p_173;#=ew_69_177517;prefix=26638-;[0]=ew_0_570464,L1H04M,L1,215.934,215.724,https://labbcat.canterbury.ac.nz/maonze/transcript?ag_id=907#ew_0_570464,0.21,210,5.347107531,,
10206,ua,g_909;em_12_89250;n_15570-n_15571;p_173;#=ew_69_176428;prefix=26400-;[0]=ew_0_571484,L1H04M,L1,218.048,217.838,https://labbcat.canterbury.ac.nz/maonze/transcript?ag_id=909#ew_0_571484,0.21,210,5.347107531,,
10416,ua,g_949;em_12_91729;n_105391-n_105392;p_181;#=ew_69_220526;prefix=67582-;[0]=ew_0_590635,R002M,PresentElder,115.028,114.818,https://labbcat.canterbury.ac.nz/maonze/transcript?ag_id=949#ew_0_590635,0.21,210,5.347107531,,
10430,ua,g_950;em_12_91792;n_105441-n_105442;p_181;#=ew_69_220420;prefix=67813-;[0]=ew_0_591470,R002M,PresentElder,160.55,160.34,https://labbcat.canterbury.ac.nz/maonze/transcript?ag_id=950#ew_0_591470,0.21,210,5.347107531,,
10439,ua,g_951;em_12_91850;n_105486-n_105487;p_181;#=ew_69_220370;prefix=67994-;[0]=ew_0_592256,R002M,PresentElder,245.864,245.654,https://labbcat.canterbury.ac.nz/maonze/transcript?ag_id=951#ew_0_592256,0.21,210,5.347107531,,
10491,ua,g_962;em_12_92417;n_6578891-n_105946;p_183;#=ew_69_222604;prefix=69519-;[0]=ew_0_598181,R003M,PresentElder,252.591,252.381,https://labbcat.canterbury.ac.nz/maonze/transcript?ag_id=962#ew_0_598181,0.21,210,5.347107531,,
10535,ua,g_970;em_12_92894;n_106271-n_106272;p_184;#=ew_69_223416;prefix=70431-;[0]=ew_0_602136,R004M,PresentElder,168.169,167.959,https://labbcat.canterbury.ac.nz/maonze/transcript?ag_id=970#ew_0_602136,0.21,210,5.347107531,,
10683,ua,g_990;em_12_94075;n_107130-n_107131;p_182;#=ew_69_227004;prefix=73498-;[0]=ew_0_612503,R005M,PresentElder,188.578,188.368,https://labbcat.canterbury.ac.nz/maonze/transcript?ag_id=990#ew_0_612503,0.21,210,5.347107531,,
270,ea,g_1089;em_12_100549;n_111622-n_111623;p_208;#=ew_69_247729;prefix=93556-;[0]=ew_0_669264,WU07M,Historical,63.101,62.891,https://labbcat.canterbury.ac.nz/maonze/transcript?ag_id=1089#ew_0_669264,0.21,210,5.347107531,,
943,ea,g_1840;em_12_148950;n_3847101-n_3847117;p_49;#=ew_69_204462;prefix=52323-;[0]=ew_0_1100458,L2Y03M,L2,60.314,60.104,https://labbcat.canterbury.ac.nz/maonze/transcript?ag_id=1840#ew_0_1100458,0.21,210,5.347107531,,
962,ea,g_1842;em_12_149103;n_3849098-n_3849115;p_49;#=ew_69_204651;prefix=52602-;[0]=ew_0_1102137,L2Y03M,L2,58.873,58.663,https://labbcat.canterbury.ac.nz/maonze/transcript?ag_id=1842#ew_0_1102137,0.21,210,5.347107531,,
1405,ea,g_323;em_12_32100;n_5755-n_56611;p_89;#=ew_69_188820;prefix=37614-;[0]=ew_0_216504,L1Y04M,L1,20.724,20.514,https://labbcat.canterbury.ac.nz/maonze/transcript?ag_id=323#ew_0_216504,0.21,210,5.347107531,,
2038,ea,g_633;em_12_66215;n_85666-n_85667;p_143;#=ew_69_202726;prefix=51708-;[0]=ew_0_402446,L2Y02M,L2,19.053,18.843,https://labbcat.canterbury.ac.nz/maonze/transcript?ag_id=633#ew_0_402446,0.21,210,5.347107531,,
2206,ea,g_80;em_12_5512;n_35591-n_35592;p_37;#=ew_69_160030;prefix=10498-;[0]=ew_0_1091953,K005M,PresentElder,43.188,42.978,https://labbcat.canterbury.ac.nz/maonze/transcript?ag_id=80#ew_0_1091953,0.21,210,5.347107531,,
2369,ea,g_872;em_12_87129;n_101796-n_101797;p_168;#=ew_69_173908;prefix=24295-;[0]=ew_0_554015,L1H02M,L1,7.48,7.27,https://labbcat.canterbury.ac.nz/maonze/transcript?ag_id=872#ew_0_554015,0.21,210,5.347107531,,
2879,ia,g_1013;em_12_95603;n_108415-n_108416;p_188;#=ew_69_229795;prefix=76754-;[0]=ew_0_626236,R007M,PresentElder,32.649,32.439,https://labbcat.canterbury.ac.nz/maonze/transcript?ag_id=1013#ew_0_626236,0.21,210,5.347107531,,
3154,ia,g_116;em_12_8322;n_37880-n_37881;p_43;#=ew_69_211874;prefix=58968-;[0]=ew_0_1113665,MU02M,Historical,35.373,35.163,https://labbcat.canterbury.ac.nz/maonze/transcript?ag_id=116#ew_0_1113665,0.21,210,5.347107531,,
3361,ia,g_1522;em_12_126061;n_6613409-n_130105;p_287;#=ew_69_228362;prefix=74993-;[0]=ew_0_886132,R006M,PresentElder,21.404,21.194,https://labbcat.canterbury.ac.nz/maonze/transcript?ag_id=1522#ew_0_886132,0.21,210,5.347107531,,
3482,ia,g_1646;em_12_133486;n_135675-n_135676;p_300;#=ew_69_193736;prefix=42033-;[0]=ew_0_944976,L2H02M,L2,54.121,53.911,https://labbcat.canterbury.ac.nz/maonze/transcript?ag_id=1646#ew_0_944976,0.21,210,5.347107531,,
3492,ia,g_1650;em_12_133818;n_135929-n_27165;p_300;#=ew_69_193926;prefix=42634-;[0]=ew_0_947309,L2H02M,L2,43.548,43.338,https://labbcat.canterbury.ac.nz/maonze/transcript?ag_id=1650#ew_0_947309,0.21,210,5.347107531,,
3507,ia,g_1658;em_12_134457;n_136378-n_136379;p_300;#=ew_69_195044;prefix=43615-;[0]=ew_0_951342,L2H02M,L2,23.614,23.404,https://labbcat.canterbury.ac.nz/maonze/transcript?ag_id=1658#ew_0_951342,0.21,210,5.347107531,,
3687,ia,g_1898;em_12_156054;n_5274723-n_5274740;p_333;#=ew_69_238165;prefix=84922-;[0]=ew_0_1183016,R012M,PresentElder,25.042,24.832,https://labbcat.canterbury.ac.nz/maonze/transcript?ag_id=1898#ew_0_1183016,0.21,210,5.347107531,,
4255,ia,g_56;em_12_3951;n_34278-n_34279;p_32;#=ew_69_158382;prefix=08989-;[0]=ew_0_1327833,K004M,PresentElder,29.239,29.029,https://labbcat.canterbury.ac.nz/maonze/transcript?ag_id=56#ew_0_1327833,0.21,210,5.347107531,,
4498,ia,g_849;em_12_85441;n_100457-n_100458;p_167;#=ew_69_171396;prefix=20778-;[0]=ew_0_540806,L1H01M,L1,57.665,57.455,https://labbcat.canterbury.ac.nz/maonze/transcript?ag_id=849#ew_0_540806,0.21,210,5.347107531,,
4840,ia,g_972;em_12_92978;n_106347-n_106348;p_184;#=ew_69_223711;prefix=70676-;[0]=ew_0_602929,R004M,PresentElder,46.637,46.427,https://labbcat.canterbury.ac.nz/maonze/transcript?ag_id=972#ew_0_602929,0.21,210,5.347107531,,
4981,oa,g_1024;em_12_96139;n_108590-n_108591;p_190;#=ew_69_232992;prefix=79057-;[0]=ew_0_631133,R009M,PresentElder,40.335,40.125,https://labbcat.canterbury.ac.nz/maonze/transcript?ag_id=1024#ew_0_631133,0.21,210,5.347107531,,
5106,oa,g_1079;em_12_99945;n_111119-n_111120;p_208;#=ew_69_245923;prefix=92203-;[0]=ew_0_663706,WU07M,Historical,16.149,15.939,https://labbcat.canterbury.ac.nz/maonze/transcript?ag_id=1079#ew_0_663706,0.21,210,5.347107531,,
5132,oa,g_1088;em_12_100500;n_111590-n_4699157;p_208;#=ew_69_247531;prefix=93462-;[0]=ew_0_668812,WU07M,Historical,21.747,21.537,https://labbcat.canterbury.ac.nz/maonze/transcript?ag_id=1088#ew_0_668812,0.21,210,5.347107531,,
5151,oa,g_1130;em_12_105030;n_19977-n_19978;p_287;#=ew_69_227371;prefix=74356-;[0]=ew_0_691760,R006M,PresentElder,50.707,50.497,https://labbcat.canterbury.ac.nz/maonze/transcript?ag_id=1130#ew_0_691760,0.21,210,5.347107531,,
5181,oa,g_1203;em_12_108966;n_117767-n_117768;p_244;#=ew_69_244102;prefix=89622-;[0]=ew_0_725897,WU04M,Historical,50.243,50.033,https://labbcat.canterbury.ac.nz/maonze/transcript?ag_id=1203#ew_0_725897,0.21,210,5.347107531,,
5471,oa,g_1658;em_12_134460;n_136381-n_136382;p_300;#=ew_69_195054;prefix=43622-;[0]=ew_0_951372,L2H02M,L2,36.322,36.112,https://labbcat.canterbury.ac.nz/maonze/transcript?ag_id=1658#ew_0_951372,0.21,210,5.347107531,,
5502,oa,g_1673;em_12_135080;n_136850-n_136851;p_302;#=ew_69_198109;prefix=47278-;[0]=ew_0_958820,L2H04M,L2,13.445,13.235,https://labbcat.canterbury.ac.nz/maonze/transcript?ag_id=1673#ew_0_958820,0.21,210,5.347107531,,
5542,oa,g_1748;em_12_139731;n_140432-n_140433;p_318;#=ew_69_231145;prefix=77778-;[0]=ew_0_1002025,R008M,PresentElder,47.996,47.786,https://labbcat.canterbury.ac.nz/maonze/transcript?ag_id=1748#ew_0_1002025,0.21,210,5.347107531,,
6448,oa,g_882;em_12_87747;n_102221-n_102222;p_169;#=ew_69_175830;prefix=25136-;[0]=ew_0_557794,L1H03M,L1,14.983,14.773,https://labbcat.canterbury.ac.nz/maonze/transcript?ag_id=882#ew_0_557794,0.21,210,5.347107531,,
7375,ua,g_1239;em_12_160325;n_5826062-n_21626;p_249;#=ew_69_180607;prefix=30241-;[0]=ew_0_1229511,L1H06M,L1,28.609,28.399,https://labbcat.canterbury.ac.nz/maonze/transcript?ag_id=1239#ew_0_1229511,0.21,210,5.347107531,,
7488,ua,g_138;em_12_9613;n_39085-n_39086;p_284;#=ew_69_209897;prefix=57710-;[0]=ew_0_92576,MU01M,Historical,15.734,15.524,https://labbcat.canterbury.ac.nz/maonze/transcript?ag_id=138#ew_0_92576,0.21,210,5.347107531,,
7574,ua,g_1513;em_12_125584;n_129728-n_129729;p_276;#=ew_69_241942;prefix=88298-;[0]=ew_0_881580,WU03M,Historical,55.891,55.681,https://labbcat.canterbury.ac.nz/maonze/transcript?ag_id=1513#ew_0_881580,0.21,210,5.347107531,,
7630,ua,g_1524;em_12_126143;n_130172-n_130173;p_287;#=ew_69_228565;prefix=75298-;[0]=ew_0_887367,R006M,PresentElder,42.159,41.949,https://labbcat.canterbury.ac.nz/maonze/transcript?ag_id=1524#ew_0_887367,0.21,210,5.347107531,,
7802,ua,g_1633;em_12_132668;n_134919-n_134920;p_288;#=ew_69_195286;prefix=43821-;[0]=ew_0_939412,L2H03M,L2,21.573,21.363,https://labbcat.canterbury.ac.nz/maonze/transcript?ag_id=1633#ew_0_939412,0.21,210,5.347107531,,
8067,ua,g_1681;em_12_135614;n_137266-n_137267;p_307;#=ew_69_198950;prefix=47790-;[0]=ew_0_962522,L2H05M,L2,52.022,51.812,https://labbcat.canterbury.ac.nz/maonze/transcript?ag_id=1681#ew_0_962522,0.21,210,5.347107531,,
8109,ua,g_1748;em_12_139724;n_140425-n_140426;p_318;#=ew_69_231125;prefix=77758-;[0]=ew_0_1001976,R008M,PresentElder,19.681,19.471,https://labbcat.canterbury.ac.nz/maonze/transcript?ag_id=1748#ew_0_1001976,0.21,210,5.347107531,,
8203,ua,g_1847;em_12_149400;n_3853065-n_3853085;p_49;#=ew_69_205364;prefix=53285-;[0]=ew_0_1105509,L2Y03M,L2,56.073,55.863,https://labbcat.canterbury.ac.nz/maonze/transcript?ag_id=1847#ew_0_1105509,0.21,210,5.347107531,,
8437,ua,g_1921;em_12_162537;n_6278434-n_6278441;p_337;#=ew_69_216619;prefix=64182-;[0]=ew_0_1267481,MU11M,Historical,47.568,47.358,https://labbcat.canterbury.ac.nz/maonze/transcript?ag_id=1921#ew_0_1267481,0.21,210,5.347107531,,
8891,ua,g_380;em_12_37949;n_61751-n_61752;p_94;#=ew_69_214437;prefix=62044-;[0]=ew_0_245148,MU05M,Historical,48.211,48.001,https://labbcat.canterbury.ac.nz/maonze/transcript?ag_id=380#ew_0_245148,0.21,210,5.347107531,,
9474,ua,g_626;em_12_65336;n_84855-n_84856;p_142;#=ew_69_183651;prefix=32857-;[0]=ew_0_396342,L1Y01M,L1,20.463,20.253,https://labbcat.canterbury.ac.nz/maonze/transcript?ag_id=626#ew_0_396342,0.21,210,5.347107531,,
9678,ua,g_664;em_12_70437;n_4423153-n_89233;p_148;#=ew_69_207208;prefix=55313-;[0]=ew_0_421057,L2Y05M,L2,28.562,28.352,https://labbcat.canterbury.ac.nz/maonze/transcript?ag_id=664#ew_0_421057,0.21,210,5.347107531,,
10138,ua,g_901;em_12_88826;n_103036-n_15403;p_173;#=ew_69_177126;prefix=26858-;[0]=ew_0_567076,L1H04M,L1,63.208,62.998,https://labbcat.canterbury.ac.nz/maonze/transcript?ag_id=901#ew_0_567076,0.21,210,5.347107531,,
10344,ua,g_939;em_12_91199;n_104972-n_104973;p_179;#=ew_69_219012;prefix=66239-;[0]=ew_0_585772,R001M,PresentElder,46.014,45.804,https://labbcat.canterbury.ac.nz/maonze/transcript?ag_id=939#ew_0_585772,0.21,210,5.347107531,,
10494,ua,g_963;em_12_92453;n_105961-n_16097;p_183;#=ew_69_221783;prefix=69567-;[0]=ew_0_598430,R003M,PresentElder,63.446,63.236,https://labbcat.canterbury.ac.nz/maonze/transcript?ag_id=963#ew_0_598430,0.21,210,5.347107531,,
1770,ea,g_497;em_12_51448;n_72779-n_72780;p_122;#=ew_69_170515;prefix=20452-;[0]=ew_0_319360,K010M,PresentElder,7.925,7.715,https://labbcat.canterbury.ac.nz/maonze/transcript?ag_id=497#ew_0_319360,0.21,210,5.347107531,,
3745,ia,g_1912;em_12_157051;n_5288295-n_5288308;p_333;#=ew_69_240098;prefix=87200-;[0]=ew_0_1195168,R012M,PresentElder,6.776,6.566,https://labbcat.canterbury.ac.nz/maonze/transcript?ag_id=1912#ew_0_1195168,0.21,210,5.347107531,,
4722,ia,g_934;em_12_90798;n_104601-n_104602;p_179;#=ew_69_217668;prefix=65428-;[0]=ew_0_582974,R001M,PresentElder,7.673,7.463,https://labbcat.canterbury.ac.nz/maonze/transcript?ag_id=934#ew_0_582974,0.21,210,5.347107531,,
5576,oa,g_1842;em_12_149091;n_3848940-n_3848950;p_49;#=ew_69_204607;prefix=52583-;[0]=ew_0_1102006,L2Y03M,L2,4.58,4.37,https://labbcat.canterbury.ac.nz/maonze/transcript?ag_id=1842#ew_0_1102006,0.21,210,5.347107531,,
6719,ua,g_1010;em_12_95374;n_16686-n_108290;p_188;#=ew_69_229917;prefix=76362-;[0]=ew_0_624683,R007M,PresentElder,0.75,0.54,https://labbcat.canterbury.ac.nz/maonze/transcript?ag_id=1010#ew_0_624683,0.21,210,5.347107531,,
7059,ua,g_1075;em_12_99728;n_110926-n_110927;p_208;#=ew_69_245355;prefix=91761-;[0]=ew_0_661796,WU07M,Historical,5.516,5.306,https://labbcat.canterbury.ac.nz/maonze/transcript?ag_id=1075#ew_0_661796,0.21,210,5.347107531,,
9293,ua,g_60;em_12_4150;n_34473-n_34474;p_32;#=ew_69_159104;prefix=09806-;[0]=ew_0_41080,K004M,PresentElder,7.096,6.886,https://labbcat.canterbury.ac.nz/maonze/transcript?ag_id=60#ew_0_41080,0.21,210,5.347107531,,
9373,ua,g_61;em_12_4191;n_34512-n_34513;p_32;#=ew_69_159225;prefix=09925-;[0]=ew_0_41631,K004M,PresentElder,7.094,6.884,https://labbcat.canterbury.ac.nz/maonze/transcript?ag_id=61#ew_0_41631,0.21,210,5.347107531,,
9994,ua,g_877;em_12_87383;n_15010-n_101996;p_169;#=ew_69_175257;prefix=24700-;[0]=ew_0_555632,L1H03M,L1,4.25,4.04,https://labbcat.canterbury.ac.nz/maonze/transcript?ag_id=877#ew_0_555632,0.21,210,5.347107531,,
659,ea,g_1622;em_12_132059;n_134485-n_134486;p_299;#=ew_69_191630;prefix=41059-;[0]=ew_0_935314,L2H01M,L2,10.251,10.041,https://labbcat.canterbury.ac.nz/maonze/transcript?ag_id=1622#ew_0_935314,0.21,210,5.347107531,,
2335,ea,g_867;em_12_86714;n_101537-n_101538;p_168;#=ew_69_174310;prefix=23527-;[0]=ew_0_550995,L1H02M,L1,13.654,13.444,https://labbcat.canterbury.ac.nz/maonze/transcript?ag_id=867#ew_0_550995,0.21,210,5.347107531,,
2530,ea,g_930;em_12_90591;n_104406-n_104407;p_179;#=ew_69_217921;prefix=65199-;[0]=ew_0_581980,R001M,PresentElder,14.453,14.243,https://labbcat.canterbury.ac.nz/maonze/transcript?ag_id=930#ew_0_581980,0.21,210,5.347107531,,
2959,ia,g_1031;em_12_96451;n_108793-n_108794;p_190;#=ew_69_233935;prefix=80188-;[0]=ew_0_635676,R009M,PresentElder,14.997,14.787,https://labbcat.canterbury.ac.nz/maonze/transcript?ag_id=1031#ew_0_635676,0.21,210,5.347107531,,
9684,ua,g_665;em_12_70469;n_89263-n_89264;p_148;#=ew_69_207353;prefix=55449-;[0]=ew_0_421591,L2Y05M,L2,9.53,9.32,https://labbcat.canterbury.ac.nz/maonze/transcript?ag_id=665#ew_0_421591,0.21,210,5.347107531,,
6459,oa,g_889;em_12_88259;n_102549-n_102550;p_174;#=ew_69_178821;prefix=29061-;[0]=ew_0_560734,L1H05M,L1,21.374,21.164,https://labbcat.canterbury.ac.nz/maonze/transcript?ag_id=889#ew_0_560734,0.21,210,5.347107531,,
8443,ua,g_1922;em_12_162576;n_6278555-n_6278561;p_337;#=ew_69_216830;prefix=64206-;[0]=ew_0_1267647,MU11M,Historical,28.409,28.199,https://labbcat.canterbury.ac.nz/maonze/transcript?ag_id=1922#ew_0_1267647,0.21,210,5.347107531,,
10089,ua,g_896;em_12_88538;n_102782-n_102783;p_174;#=ew_69_178069;prefix=27958-;[0]=ew_0_564319,L1H05M,L1,26.926,26.716,https://labbcat.canterbury.ac.nz/maonze/transcript?ag_id=896#ew_0_564319,0.21,210,5.347107531,,
42,ea,g_1016;em_12_95820;n_16934-n_16935;p_188;#=ew_69_230574;prefix=77011-;[0]=ew_0_627585,R007M,PresentElder,78.002,77.792,https://labbcat.canterbury.ac.nz/maonze/transcript?ag_id=1016#ew_0_627585,0.21,210,5.347107531,,
210,ea,g_1071;em_12_99555;n_110770-n_110771;p_206;#=ew_69_245601;prefix=91159-;[0]=ew_0_659777,WU06M,Historical,55.791,55.581,https://labbcat.canterbury.ac.nz/maonze/transcript?ag_id=1071#ew_0_659777,0.21,210,5.347107531,,
436,ea,g_1241;em_12_160231;n_5827790-n_5827799;p_249;#=ew_69_181024;prefix=30520-;[0]=ew_0_1229696,L1H06M,L1,83.827,83.617,https://labbcat.canterbury.ac.nz/maonze/transcript?ag_id=1241#ew_0_1229696,0.21,210,5.347107531,,
760,ea,g_1653;em_12_134141;n_136156-n_136157;p_300;#=ew_69_194802;prefix=43092-;[0]=ew_0_949076,L2H02M,L2,121.698,121.488,https://labbcat.canterbury.ac.nz/maonze/transcript?ag_id=1653#ew_0_949076,0.21,210,5.347107531,,
802,ea,g_1662;em_12_134630;n_136480-n_136481;p_302;#=ew_69_197062;prefix=45726-;[0]=ew_0_953158,L2H04M,L2,91.622,91.412,https://labbcat.canterbury.ac.nz/maonze/transcript?ag_id=1662#ew_0_953158,0.21,210,5.347107531,,
1990,ea,g_626;em_12_65344;n_84863-n_84864;p_142;#=ew_69_183688;prefix=32894-;[0]=ew_0_396459,L1Y01M,L1,62.364,62.154,https://labbcat.canterbury.ac.nz/maonze/transcript?ag_id=626#ew_0_396459,0.21,210,5.347107531,,
2106,ea,g_657;em_12_69394;n_88306-n_88307;p_146;#=ew_69_206796;prefix=54546-;[0]=ew_0_417679,L2Y04M,L2,125.35,125.14,https://labbcat.canterbury.ac.nz/maonze/transcript?ag_id=657#ew_0_417679,0.21,210,5.347107531,,
2368,ea,g_871;em_12_87107;n_101781-n_101782;p_168;#=ew_69_173888;prefix=24258-;[0]=ew_0_553916,L1H02M,L1,86.865,86.655,https://labbcat.canterbury.ac.nz/maonze/transcript?ag_id=871#ew_0_553916,0.21,210,5.347107531,,
2390,ea,g_887;em_12_88122;n_102424-n_102425;p_169;#=ew_69_175964;prefix=25544-;[0]=ew_0_559904,L1H03M,L1,82.815,82.605,https://labbcat.canterbury.ac.nz/maonze/transcript?ag_id=887#ew_0_559904,0.21,210,5.347107531,,
2445,ea,g_898;em_12_88655;n_102890-n_102891;p_174;#=ew_69_178615;prefix=27644-;[0]=ew_0_565725,L1H05M,L1,83.384,83.174,https://labbcat.canterbury.ac.nz/maonze/transcript?ag_id=898#ew_0_565725,0.21,210,5.347107531,,
2703,ea,g_971;em_12_92933;n_106309-n_106310;p_184;#=ew_69_223563;prefix=70566-;[0]=ew_0_602516,R004M,PresentElder,94.494,94.284,https://labbcat.canterbury.ac.nz/maonze/transcript?ag_id=971#ew_0_602516,0.21,210,5.347107531,,
2939,ia,g_1029;em_12_96383;n_108744-n_108745;p_190;#=ew_69_233621;prefix=79926-;[0]=ew_0_634712,R009M,PresentElder,125.494,125.284,https://labbcat.canterbury.ac.nz/maonze/transcript?ag_id=1029#ew_0_634712,0.21,210,5.347107531,,
3568,ia,g_1678;em_12_135398;n_137120-n_137121;p_307;#=ew_69_199889;prefix=48297-;[0]=ew_0_961147,L2H05M,L2,74.363,74.153,https://labbcat.canterbury.ac.nz/maonze/transcript?ag_id=1678#ew_0_961147,0.21,210,5.347107531,,
3572,ia,g_1689;em_12_136124;n_137585-n_137586;p_307;#=ew_69_200336;prefix=48907-;[0]=ew_0_1277317,L2H05M,L2,89.41,89.2,https://labbcat.canterbury.ac.nz/maonze/transcript?ag_id=1689#ew_0_1277317,0.21,210,5.347107531,,
3906,ia,g_327;em_12_33116;n_57401-n_57402;p_85;#=ew_69_185525;prefix=34727-;[0]=ew_0_219246,L1Y02M,L1,107.636,107.426,https://labbcat.canterbury.ac.nz/maonze/transcript?ag_id=327#ew_0_219246,0.21,210,5.347107531,,
4609,ia,g_888;em_12_88215;n_102509-n_102510;p_169;#=ew_69_176110;prefix=25685-;[0]=ew_0_560465,L1H03M,L1,66.071,65.861,https://labbcat.canterbury.ac.nz/maonze/transcript?ag_id=888#ew_0_560465,0.21,210,5.347107531,,
4612,ia,g_888;em_12_88236;n_102530-n_102531;p_169;#=ew_69_176127;prefix=25702-;[0]=ew_0_560575,L1H03M,L1,120.55,120.34,https://labbcat.canterbury.ac.nz/maonze/transcript?ag_id=888#ew_0_560575,0.21,210,5.347107531,,
4968,oa,g_1020;em_12_96019;n_108503-n_108504;p_188;#=ew_69_230299;prefix=77361-;[0]=ew_0_1281878,R007M,PresentElder,91.762,91.552,https://labbcat.canterbury.ac.nz/maonze/transcript?ag_id=1020#ew_0_1281878,0.21,210,5.347107531,,
4993,oa,g_1025;em_12_96196;n_108634-n_108635;p_190;#=ew_69_232390;prefix=79293-;[0]=ew_0_632088,R009M,PresentElder,114.616,114.406,https://labbcat.canterbury.ac.nz/maonze/transcript?ag_id=1025#ew_0_632088,0.21,210,5.347107531,,
5179,oa,g_1203;em_12_108958;n_117759-n_117760;p_244;#=ew_69_244077;prefix=89610-;[0]=ew_0_725880,WU04M,Historical,33.282,33.072,https://labbcat.canterbury.ac.nz/maonze/transcript?ag_id=1203#ew_0_725880,0.21,210,5.347107531,,
5571,oa,g_1840;em_12_148960;n_3847225-n_3847243;p_49;#=ew_69_204513;prefix=52344-;[0]=ew_0_1100555,L2Y03M,L2,94.478,94.268,https://labbcat.canterbury.ac.nz/maonze/transcript?ag_id=1840#ew_0_1100555,0.21,210,5.347107531,,
5660,oa,g_1897;em_12_155969;n_5273923-n_5273941;p_333;#=ew_69_238436;prefix=84653-;[0]=ew_0_1182578,R012M,PresentElder,73.006,72.796,https://labbcat.canterbury.ac.nz/maonze/transcript?ag_id=1897#ew_0_1182578,0.21,210,5.347107531,,
5847,oa,g_315;em_12_30597;n_55242-n_55243;p_89;#=ew_69_187358;prefix=36445-;[0]=ew_0_211629,L1Y04M,L1,110.759,110.549,https://labbcat.canterbury.ac.nz/maonze/transcript?ag_id=315#ew_0_211629,0.21,210,5.347107531,,
5916,oa,g_337;em_12_33377;n_57607-n_57608;p_85;#=ew_69_184822;prefix=33922-;[0]=ew_0_222619,L1Y02M,L1,97.726,97.516,https://labbcat.canterbury.ac.nz/maonze/transcript?ag_id=337#ew_0_222619,0.21,210,5.347107531,,
5996,oa,g_377;em_12_150226;n_61116-n_4462189;p_94;#=ew_69_214086;prefix=61841-;[0]=ew_0_1120091,MU05M,Historical,116.217,116.007,https://labbcat.canterbury.ac.nz/maonze/transcript?ag_id=377#ew_0_1120091,0.21,210,5.347107531,,
6039,oa,g_450;em_12_46535;n_7622-n_7623;p_110;#=ew_69_156618;prefix=06661-;[0]=ew_0_290843,K003M,PresentElder,88.041,87.831,https://labbcat.canterbury.ac.nz/maonze/transcript?ag_id=450#ew_0_290843,0.21,210,5.347107531,,
6152,oa,g_56;em_12_162045;n_6215583-n_6215584;p_32;#=ew_69_158477;prefix=09110-;[0]=ew_0_1260903,K004M,PresentElder,117.862,117.652,https://labbcat.canterbury.ac.nz/maonze/transcript?ag_id=56#ew_0_1260903,0.21,210,5.347107531,,
6190,oa,g_604;em_12_64315;n_83908-n_83909;p_140;#=ew_69_191227;prefix=39589-;[0]=ew_0_385294,L1Y05M,L1,88.211,88.001,https://labbcat.canterbury.ac.nz/maonze/transcript?ag_id=604#ew_0_385294,0.21,210,5.347107531,,
6197,oa,g_607;em_12_64529;n_84107-n_84108;p_140;#=ew_69_191084;prefix=40123-;[0]=ew_0_387225,L1Y05M,L1,79.869,79.659,https://labbcat.canterbury.ac.nz/maonze/transcript?ag_id=607#ew_0_387225,0.21,210,5.347107531,,
6427,oa,g_872;em_12_87157;n_101824-n_101825;p_168;#=ew_69_173973;prefix=24342-;[0]=ew_0_554223,L1H02M,L1,87.803,87.593,https://labbcat.canterbury.ac.nz/maonze/transcript?ag_id=872#ew_0_554223,0.21,210,5.347107531,,
6450,oa,g_885;em_12_87986;n_102349-n_6965066;p_169;#=ew_69_175565;prefix=25415-;[0]=ew_0_559201,L1H03M,L1,103.396,103.186,https://labbcat.canterbury.ac.nz/maonze/transcript?ag_id=885#ew_0_559201,0.21,210,5.347107531,,
7614,ua,g_1522;em_12_126077;n_130116-n_6613435;p_287;#=ew_69_228432;prefix=75044-;[0]=ew_0_886342,R006M,PresentElder,112.237,112.027,https://labbcat.canterbury.ac.nz/maonze/transcript?ag_id=1522#ew_0_886342,0.21,210,5.347107531,,
7785,ua,g_1626;em_12_132385;n_134719-n_134720;p_299;#=ew_69_192766;prefix=41519-;[0]=ew_0_937490,L2H01M,L2,119.137,118.927,https://labbcat.canterbury.ac.nz/maonze/transcript?ag_id=1626#ew_0_937490,0.21,210,5.347107531,,
8038,ua,g_1671;em_12_135019;n_136806-n_136812;p_302;#=ew_69_198779;prefix=47029-;[0]=ew_0_1277145,L2H04M,L2,80.916,80.706,https://labbcat.canterbury.ac.nz/maonze/transcript?ag_id=1671#ew_0_1277145,0.21,210,5.347107531,,
8481,ua,g_1944;em_12_165791;n_6846923-n_6846932;p_28;#=ew_69_150180;prefix=01357-;[0]=ew_0_1296835,K001M,PresentElder,92.869,92.659,https://labbcat.canterbury.ac.nz/maonze/transcript?ag_id=1944#ew_0_1296835,0.21,210,5.347107531,,
9511,ua,g_629;em_12_65676;n_85167-n_85168;p_143;#=ew_69_202802;prefix=50663-;[0]=ew_0_398651,L2Y02M,L2,122.993,122.783,https://labbcat.canterbury.ac.nz/maonze/transcript?ag_id=629#ew_0_398651,0.21,210,5.347107531,,
9554,ua,g_635;em_12_66427;n_85851-n_85852;p_145;#=ew_69_200671;prefix=48983-;[0]=ew_0_1107453,L2Y01M,L2,85.865,85.655,https://labbcat.canterbury.ac.nz/maonze/transcript?ag_id=635#ew_0_1107453,0.21,210,5.347107531,,
10386,ua,g_946;em_12_91599;n_105277-n_105278;p_181;#=ew_69_220019;prefix=67114-;[0]=ew_0_588826,R002M,PresentElder,103.752,103.542,https://labbcat.canterbury.ac.nz/maonze/transcript?ag_id=946#ew_0_588826,0.21,210,5.347107531,,
268,ea,g_1087;em_12_100479;n_111574-n_18435;p_208;#=ew_69_247880;prefix=93415-;[0]=ew_0_668608,WU07M,Historical,179.677,179.467,https://labbcat.canterbury.ac.nz/maonze/transcript?ag_id=1087#ew_0_668608,0.21,210,5.347107531,,
510,ea,g_1389;em_12_119089;n_124566-n_124567;p_262;#=ew_69_249385;prefix=94757-;[0]=ew_0_823141,WU08M,Historical,159.956,159.746,https://labbcat.canterbury.ac.nz/maonze/transcript?ag_id=1389#ew_0_823141,0.21,210,5.347107531,,
1054,ea,g_1887;em_12_155340;n_5263150-n_5263168;p_334;#=ew_69_237458;prefix=83717-;[0]=ew_0_1173411,R011M,PresentElder,275.496,275.286,https://labbcat.canterbury.ac.nz/maonze/transcript?ag_id=1887#ew_0_1173411,0.21,210,5.347107531,,
1402,ea,g_322;em_12_32009;n_56538-n_56540;p_89;#=ew_69_189211;prefix=37559-;[0]=ew_0_216272,L1Y04M,L1,264.418,264.208,https://labbcat.canterbury.ac.nz/maonze/transcript?ag_id=322#ew_0_216272,0.21,210,5.347107531,,
1487,ea,g_342;em_12_33532;n_57738-n_57739;p_85;#=ew_69_185016;prefix=34132-;[0]=ew_0_224719,L1Y02M,L1,145.832,145.622,https://labbcat.canterbury.ac.nz/maonze/transcript?ag_id=342#ew_0_224719,0.21,210,5.347107531,,
1553,ea,g_378;em_12_37508;n_61410-n_61313;p_94;#=ew_69_214648;prefix=62019-;[0]=ew_0_1121274,MU05M,Historical,282.96,282.75,https://labbcat.canterbury.ac.nz/maonze/transcript?ag_id=378#ew_0_1121274,0.21,210,5.347107531,,
1627,ea,g_455;em_12_158564;n_5391864-n_5392160;p_112;#=ew_69_161128;prefix=11675-;[0]=ew_0_1209219,K006M,PresentElder,148.593,148.383,https://labbcat.canterbury.ac.nz/maonze/transcript?ag_id=455#ew_0_1209219,0.21,210,5.347107531,,
2078,ea,g_645;em_12_67189;n_86399-n_86400;p_145;#=ew_69_202045;prefix=50224-;[0]=ew_0_411734,L2Y01M,L2,186.564,186.354,https://labbcat.canterbury.ac.nz/maonze/transcript?ag_id=645#ew_0_411734,0.21,210,5.347107531,,
2309,ea,g_862;em_12_86366;n_101277-n_101278;p_168;#=ew_69_172847;prefix=22751-;[0]=ew_0_548211,L1H02M,L1,177.39,177.18,https://labbcat.canterbury.ac.nz/maonze/transcript?ag_id=862#ew_0_548211,0.21,210,5.347107531,,
2358,ea,g_869;em_12_86967;n_101692-n_101693;p_168;#=ew_69_174531;prefix=24024-;[0]=ew_0_552906,L1H02M,L1,208.152,207.942,https://labbcat.canterbury.ac.nz/maonze/transcript?ag_id=869#ew_0_552906,0.21,210,5.347107531,,
2397,ea,g_890;em_12_88283;n_102566-n_102567;p_174;#=ew_69_179079;prefix=28984-;[0]=ew_0_1223913,L1H05M,L1,135.926,135.716,https://labbcat.canterbury.ac.nz/maonze/transcript?ag_id=890#ew_0_1223913,0.21,210,5.347107531,,
2497,ea,g_908;em_12_89195;n_6967147-n_6967146;p_173;#=ew_69_177040;prefix=26473-;[0]=ew_0_570751,L1H04M,L1,129.117,128.907,https://labbcat.canterbury.ac.nz/maonze/transcript?ag_id=908#ew_0_570751,0.21,210,5.347107531,,
3141,ia,g_1130;em_12_105058;n_114606-n_114607;p_287;#=ew_69_227462;prefix=74445-;[0]=ew_0_692144,R006M,PresentElder,241.027,240.817,https://labbcat.canterbury.ac.nz/maonze/transcript?ag_id=1130#ew_0_692144,0.21,210,5.347107531,,
3151,ia,g_115;em_12_8298;n_37857-n_37858;p_43;#=ew_69_211321;prefix=59478-;[0]=ew_0_1113478,MU02M,Historical,316.772,316.562,https://labbcat.canterbury.ac.nz/maonze/transcript?ag_id=115#ew_0_1113478,0.21,210,5.347107531,,
3398,ia,g_16;em_12_1288;n_31915-n_31916;p_19;#=ew_69_152352;prefix=02349-;[0]=ew_0_11271,K002M,PresentElder,306.108,305.898,https://labbcat.canterbury.ac.nz/maonze/transcript?ag_id=16#ew_0_11271,0.21,210,5.347107531,,
3441,ia,g_1629;em_12_132552;n_134826-n_134827;p_299;#=ew_69_193010;prefix=41829-;[0]=ew_0_938703,L2H01M,L2,169.385,169.175,https://labbcat.canterbury.ac.nz/maonze/transcript?ag_id=1629#ew_0_938703,0.21,210,5.347107531,,
3975,ia,g_370;em_12_36107;n_59932-n_59933;p_92;#=ew_69_214308;prefix=61100-;[0]=ew_0_239649,MU04M,Historical,427.631,427.421,https://labbcat.canterbury.ac.nz/maonze/transcript?ag_id=370#ew_0_239649,0.21,210,5.347107531,,
4016,ia,g_385;em_12_39093;n_62888-n_62890;p_95;#=ew_69_215337;prefix=62659-;[0]=ew_0_248334,MU06M,Historical,290.613,290.403,https://labbcat.canterbury.ac.nz/maonze/transcript?ag_id=385#ew_0_248334,0.21,210,5.347107531,,
4072,ia,g_450;em_12_169789;n_6946249-n_6946250;p_110;#=ew_69_156921;prefix=06921-;[0]=ew_0_1326953,K003M,PresentElder,405.688,405.478,https://labbcat.canterbury.ac.nz/maonze/transcript?ag_id=450#ew_0_1326953,0.21,210,5.347107531,,
4207,ia,g_494;em_12_51131;n_72566-n_72567;p_122;#=ew_69_170110;prefix=20262-;[0]=ew_0_318107,K010M,PresentElder,295.786,295.576,https://labbcat.canterbury.ac.nz/maonze/transcript?ag_id=494#ew_0_318107,0.21,210,5.347107531,,
4374,ia,g_632;em_12_66169;n_85623-n_85624;p_143;#=ew_69_203415;prefix=51631-;[0]=ew_0_402092,L2Y02M,L2,251.759,251.549,https://labbcat.canterbury.ac.nz/maonze/transcript?ag_id=632#ew_0_402092,0.21,210,5.347107531,,
4406,ia,g_641;em_12_66972;n_86227-n_86228;p_145;#=ew_69_201866;prefix=49994-;[0]=ew_0_409244,L2Y01M,L2,362.472,362.262,https://labbcat.canterbury.ac.nz/maonze/transcript?ag_id=641#ew_0_409244,0.21,210,5.347107531,,
4738,ia,g_936;em_12_90995;n_104781-n_104782;p_179;#=ew_69_218460;prefix=65785-;[0]=ew_0_584214,R001M,PresentElder,188.664,188.454,https://labbcat.canterbury.ac.nz/maonze/transcript?ag_id=936#ew_0_584214,0.21,210,5.347107531,,
4762,ia,g_942;em_12_91463;n_105163-n_105164;p_179;#=ew_69_219465;prefix=66809-;[0]=ew_0_587813,R001M,PresentElder,137.551,137.341,https://labbcat.canterbury.ac.nz/maonze/transcript?ag_id=942#ew_0_587813,0.21,210,5.347107531,,
5326,oa,g_1522;em_12_126081;n_130120-n_130121;p_287;#=ew_69_228451;prefix=75062-;[0]=ew_0_886427,R006M,PresentElder,147.653,147.443,https://labbcat.canterbury.ac.nz/maonze/transcript?ag_id=1522#ew_0_886427,0.21,210,5.347107531,,
5583,oa,g_1842;em_12_149138;n_3849493-n_3849511;p_49;#=ew_69_204856;prefix=52672-;[0]=ew_0_1102474,L2Y03M,L2,205.212,205.002,https://labbcat.canterbury.ac.nz/maonze/transcript?ag_id=1842#ew_0_1102474,0.21,210,5.347107531,,
5878,oa,g_321;em_12_31629;n_56206-n_56207;p_89;#=ew_69_188128;prefix=37314-;[0]=ew_0_215192,L1Y04M,L1,145.706,145.496,https://labbcat.canterbury.ac.nz/maonze/transcript?ag_id=321#ew_0_215192,0.21,210,5.347107531,,
5906,oa,g_330;em_12_33215;n_57480-n_57481;p_85;#=ew_69_185423;prefix=34470-;[0]=ew_0_220540,L1Y02M,L1,148.26,148.05,https://labbcat.canterbury.ac.nz/maonze/transcript?ag_id=330#ew_0_220540,0.21,210,5.347107531,,
6154,oa,g_57;em_12_162078;n_6216391-n_6216392;p_32;#=ew_69_159065;prefix=09273-;[0]=ew_0_1261344,K004M,PresentElder,282.253,282.043,https://labbcat.canterbury.ac.nz/maonze/transcript?ag_id=57#ew_0_1261344,0.21,210,5.347107531,,
6172,oa,g_598;em_12_63987;n_83586-n_83587;p_140;#=ew_69_189599;prefix=38574-;[0]=ew_0_381676,L1Y05M,L1,270.652,270.442,https://labbcat.canterbury.ac.nz/maonze/transcript?ag_id=598#ew_0_381676,0.21,210,5.347107531,,
6201,oa,g_609;em_12_161092;n_6052289-n_6052294;p_142;#=ew_69_181583;prefix=30915-;[0]=ew_0_1244010,L1Y01M,L1,144.284,144.074,https://labbcat.canterbury.ac.nz/maonze/transcript?ag_id=609#ew_0_1244010,0.21,210,5.347107531,,
6289,oa,g_637;em_12_66684;n_86028-n_86029;p_145;#=ew_69_201233;prefix=49449-;[0]=ew_0_406178,L2Y01M,L2,321.911,321.701,https://labbcat.canterbury.ac.nz/maonze/transcript?ag_id=637#ew_0_406178,0.21,210,5.347107531,,
6789,ua,g_1021;em_12_96045;n_108526-n_108527;p_188;#=ew_69_230873;prefix=77480-;[0]=ew_0_1282390,R007M,PresentElder,214.015,213.805,https://labbcat.canterbury.ac.nz/maonze/transcript?ag_id=1021#ew_0_1282390,0.21,210,5.347107531,,
7412,ua,g_130;em_12_8849;n_38330-n_38331;p_284;#=ew_69_209742;prefix=58069-;[0]=ew_0_85547,MU01M,Historical,218.099,217.889,https://labbcat.canterbury.ac.nz/maonze/transcript?ag_id=130#ew_0_85547,0.21,210,5.347107531,,
7571,ua,g_1512;em_12_125559;n_129712-n_129713;p_276;#=ew_69_242330;prefix=88394-;[0]=ew_0_881367,WU03M,Historical,187.915,187.705,https://labbcat.canterbury.ac.nz/maonze/transcript?ag_id=1512#ew_0_881367,0.21,210,5.347107531,,
8044,ua,g_1671;em_12_163221;n_6399624-n_6399631;p_302;#=ew_69_198817;prefix=47064-;[0]=ew_0_1277050,L2H04M,L2,144.082,143.872,https://labbcat.canterbury.ac.nz/maonze/transcript?ag_id=1671#ew_0_1277050,0.21,210,5.347107531,,
8175,ua,g_1842;em_12_149152;n_3849666-n_3849678;p_49;#=ew_69_204943;prefix=52706-;[0]=ew_0_1102610,L2Y03M,L2,263.284,263.074,https://labbcat.canterbury.ac.nz/maonze/transcript?ag_id=1842#ew_0_1102610,0.21,210,5.347107531,,
8271,ua,g_1895;em_12_155843;n_5271238-n_5271253;p_334;#=ew_69_238902;prefix=84401-;[0]=ew_0_1180721,R011M,PresentElder,316.325,316.115,https://labbcat.canterbury.ac.nz/maonze/transcript?ag_id=1895#ew_0_1180721,0.21,210,5.347107531,,
8533,ua,g_24;em_12_2045;n_32660-n_32661;p_19;#=ew_69_154485;prefix=04687-;[0]=ew_0_17397,K002M,PresentElder,267.912,267.702,https://labbcat.canterbury.ac.nz/maonze/transcript?ag_id=24#ew_0_17397,0.21,210,5.347107531,,
9074,ua,g_474;em_12_49002;n_70935-n_70936;p_121;#=ew_69_167085;prefix=17015-;[0]=ew_0_304853,K009M,PresentElder,142.403,142.193,https://labbcat.canterbury.ac.nz/maonze/transcript?ag_id=474#ew_0_304853,0.21,210,5.347107531,,
9109,ua,g_482;em_12_49515;n_71379-n_71380;p_121;#=ew_69_169202;prefix=18653-;[0]=ew_0_310379,K009M,PresentElder,271.647,271.437,https://labbcat.canterbury.ac.nz/maonze/transcript?ag_id=482#ew_0_310379,0.21,210,5.347107531,,
9195,ua,g_497;em_12_51510;n_72841-n_72842;p_122;#=ew_69_170571;prefix=20508-;[0]=ew_0_1099339,K010M,PresentElder,133.391,133.181,https://labbcat.canterbury.ac.nz/maonze/transcript?ag_id=497#ew_0_1099339,0.21,210,5.347107531,,
9602,ua,g_640;em_12_66850;n_86153-n_10645;p_145;#=ew_69_201726;prefix=49725-;[0]=ew_0_407998,L2Y01M,L2,151.14,150.93,https://labbcat.canterbury.ac.nz/maonze/transcript?ag_id=640#ew_0_407998,0.21,210,5.347107531,,
9615,ua,g_641;em_12_66972;n_86227-n_86228;p_145;#=ew_69_201856;prefix=49991-;[0]=ew_0_409233,L2Y01M,L2,357.842,357.632,https://labbcat.canterbury.ac.nz/maonze/transcript?ag_id=641#ew_0_409233,0.21,210,5.347107531,,
9938,ua,g_868;em_12_159520;n_5655731-n_5655737;p_168;#=ew_69_174139;prefix=23878-;[0]=ew_0_1219975,L1H02M,L1,143.182,142.972,https://labbcat.canterbury.ac.nz/maonze/transcript?ag_id=868#ew_0_1219975,0.21,210,5.347107531,,
10331,ua,g_938;em_12_91162;n_104936-n_104937;p_179;#=ew_69_218910;prefix=66143-;[0]=ew_0_585468,R001M,PresentElder,175.957,175.747,https://labbcat.canterbury.ac.nz/maonze/transcript?ag_id=938#ew_0_585468,0.21,210,5.347107531,,
10496,ua,g_963;em_12_92468;n_105972-n_16101;p_183;#=ew_69_221845;prefix=69592-;[0]=ew_0_598557,R003M,PresentElder,131.712,131.502,https://labbcat.canterbury.ac.nz/maonze/transcript?ag_id=963#ew_0_598557,0.21,210,5.347107531,,
2120,ea,g_662;em_12_70383;n_89183-n_89184;p_148;#=ew_69_207180;prefix=55123-;[0]=ew_0_420207,L2Y05M,L2,267.386,267.186,https://labbcat.canterbury.ac.nz/maonze/transcript?ag_id=662#ew_0_420207,0.2,200,5.298317367,,
5636,oa,g_1888;em_12_155394;n_5264302-n_5264315;p_334;#=ew_69_237858;prefix=83858-;[0]=ew_0_1174212,R011M,PresentElder,310.79,310.59,https://labbcat.canterbury.ac.nz/maonze/transcript?ag_id=1888#ew_0_1174212,0.2,200,5.298317367,,
7668,ua,g_1528;em_12_126339;n_130352-n_130353;p_287;#=ew_69_229482;prefix=76146-;[0]=ew_0_890365,R006M,PresentElder,265.814,265.614,https://labbcat.canterbury.ac.nz/maonze/transcript?ag_id=1528#ew_0_890365,0.2,200,5.298317367,,
10129,ua,g_9;em_12_650;n_31298-n_31299;p_28;#=ew_69_150666;prefix=00938-;[0]=ew_0_5867,K001M,PresentElder,310.1,309.9,https://labbcat.canterbury.ac.nz/maonze/transcript?ag_id=9#ew_0_5867,0.2,200,5.298317367,,
184,ea,g_1047;em_12_97531;n_6793493-n_109459;p_193;#=ew_69_236626;prefix=82926-;[0]=ew_0_646973,R010M,PresentElder,178.108,177.908,https://labbcat.canterbury.ac.nz/maonze/transcript?ag_id=1047#ew_0_646973,0.2,200,5.298317367,,
337,ea,g_1201;em_12_108787;n_117590-n_117591;p_244;#=ew_69_243397;prefix=89320-;[0]=ew_0_725013,WU04M,Historical,189.102,188.902,https://labbcat.canterbury.ac.nz/maonze/transcript?ag_id=1201#ew_0_725013,0.2,200,5.298317367,,
469,ea,g_132;em_12_8967;n_38446-n_38447;p_284;#=ew_69_209262;prefix=57023-;[0]=ew_0_1340958,MU01M,Historical,238.425,238.225,https://labbcat.canterbury.ac.nz/maonze/transcript?ag_id=132#ew_0_1340958,0.2,200,5.298317367,,
567,ea,g_1522;em_12_126091;n_130130-n_6613483;p_287;#=ew_69_228499;prefix=75109-;[0]=ew_0_886568,R006M,PresentElder,213.472,213.272,https://labbcat.canterbury.ac.nz/maonze/transcript?ag_id=1522#ew_0_886568,0.2,200,5.298317367,,
683,ea,g_1627;em_12_132491;n_134783-n_134784;p_299;#=ew_69_192783;prefix=41699-;[0]=ew_0_938259,L2H01M,L2,199.507,199.307,https://labbcat.canterbury.ac.nz/maonze/transcript?ag_id=1627#ew_0_938259,0.2,200,5.298317367,,
866,ea,g_1672;em_12_163191;n_6399218-n_6399227;p_302;#=ew_69_198730;prefix=47265-;[0]=ew_0_1276596,L2H04M,L2,243.638,243.438,https://labbcat.canterbury.ac.nz/maonze/transcript?ag_id=1672#ew_0_1276596,0.2,200,5.298317367,,
1387,ea,g_320;em_12_31466;n_56057-n_3841323;p_89;#=ew_69_188329;prefix=37183-;[0]=ew_0_214731,L1Y04M,L1,216.757,216.557,https://labbcat.canterbury.ac.nz/maonze/transcript?ag_id=320#ew_0_214731,0.2,200,5.298317367,,
1852,ea,g_58;em_12_162151;n_6217260-n_6217261;p_32;#=ew_69_159755;prefix=09453-;[0]=ew_0_1263027,K004M,PresentElder,199.263,199.063,https://labbcat.canterbury.ac.nz/maonze/transcript?ag_id=58#ew_0_1263027,0.2,200,5.298317367,,
1905,ea,g_607;em_12_64555;n_6082659-n_84132;p_140;#=ew_69_191306;prefix=40210-;[0]=ew_0_387561,L1Y05M,L1,218.602,218.402,https://labbcat.canterbury.ac.nz/maonze/transcript?ag_id=607#ew_0_387561,0.2,200,5.298317367,,
2257,ea,g_853;em_12_85741;n_100747-n_100748;p_167;#=ew_69_171622;prefix=21423-;[0]=ew_0_543405,L1H01M,L1,181.227,181.027,https://labbcat.canterbury.ac.nz/maonze/transcript?ag_id=853#ew_0_543405,0.2,200,5.298317367,,
2333,ea,g_866;em_12_86688;n_101521-n_101522;p_168;#=ew_69_173448;prefix=23395-;[0]=ew_0_1220551,L1H02M,L1,234.222,234.022,https://labbcat.canterbury.ac.nz/maonze/transcript?ag_id=866#ew_0_1220551,0.2,200,5.298317367,,
2741,ea,g_977;em_12_163560;n_6612103-n_6612108;p_184;#=ew_69_224817;prefix=71598-;[0]=ew_0_1280644,R004M,PresentElder,232.252,232.052,https://labbcat.canterbury.ac.nz/maonze/transcript?ag_id=977#ew_0_1280644,0.2,200,5.298317367,,
3148,ia,g_115;em_12_8264;n_37823-n_37824;p_43;#=ew_69_211236;prefix=59419-;[0]=ew_0_80083,MU02M,Historical,201.86,201.66,https://labbcat.canterbury.ac.nz/maonze/transcript?ag_id=115#ew_0_80083,0.2,200,5.298317367,,
3559,ia,g_1672;em_12_135068;n_6399099-n_6399112;p_302;#=ew_69_198705;prefix=47242-;[0]=ew_0_958625,L2H04M,L2,189.996,189.796,https://labbcat.canterbury.ac.nz/maonze/transcript?ag_id=1672#ew_0_958625,0.2,200,5.298317367,,
4572,ia,g_868;em_12_159521;n_5655811-n_5655815;p_168;#=ew_69_174194;prefix=23853-;[0]=ew_0_1219983,L1H02M,L1,235.372,235.172,https://labbcat.canterbury.ac.nz/maonze/transcript?ag_id=868#ew_0_1219983,0.2,200,5.298317367,,
4659,ia,g_900;em_12_88796;n_103010-n_103011;p_173;#=ew_69_177766;prefix=27161-;[0]=ew_0_566809,L1H04M,L1,187.217,187.017,https://labbcat.canterbury.ac.nz/maonze/transcript?ag_id=900#ew_0_566809,0.2,200,5.298317367,,
5723,oa,g_1909;em_12_156821;n_5285689-n_5285712;p_333;#=ew_69_241085;prefix=86667-;[0]=ew_0_1192321,R012M,PresentElder,204.692,204.492,https://labbcat.canterbury.ac.nz/maonze/transcript?ag_id=1909#ew_0_1192321,0.2,200,5.298317367,,
5774,oa,g_1943;em_12_165678;n_6846298-n_6846308;p_19;#=ew_69_152061;prefix=02685-;[0]=ew_0_1295598,K002M,PresentElder,212.555,212.355,https://labbcat.canterbury.ac.nz/maonze/transcript?ag_id=1943#ew_0_1295598,0.2,200,5.298317367,,
6085,oa,g_478;em_12_49210;n_71125-n_71126;p_121;#=ew_69_167539;prefix=17841-;[0]=ew_0_307571,K009M,PresentElder,143.11,142.91,https://labbcat.canterbury.ac.nz/maonze/transcript?ag_id=478#ew_0_307571,0.2,200,5.298317367,,
6319,oa,g_663;em_12_70409;n_89205-n_89206;p_148;#=ew_69_207505;prefix=55170-;[0]=ew_0_420578,L2Y05M,L2,162.812,162.612,https://labbcat.canterbury.ac.nz/maonze/transcript?ag_id=663#ew_0_420578,0.2,200,5.298317367,,
6416,oa,g_868;em_12_159526;n_5655787-n_5655792;p_168;#=ew_69_174180;prefix=23839-;[0]=ew_0_1219899,L1H02M,L1,222.234,222.034,https://labbcat.canterbury.ac.nz/maonze/transcript?ag_id=868#ew_0_1219899,0.2,200,5.298317367,,
6620,oa,g_972;em_12_93033;n_106394-n_106395;p_184;#=ew_69_224001;prefix=70773-;[0]=ew_0_603325,R004M,PresentElder,211.169,210.969,https://labbcat.canterbury.ac.nz/maonze/transcript?ag_id=972#ew_0_603325,0.2,200,5.298317367,,
6751,ua,g_1014;em_12_95746;n_16865-n_108483;p_188;#=ew_69_229728;prefix=76909-;[0]=ew_0_627065,R007M,PresentElder,229.187,228.987,https://labbcat.canterbury.ac.nz/maonze/transcript?ag_id=1014#ew_0_627065,0.2,200,5.298317367,,
7044,ua,g_1072;em_12_99627;n_110841-n_110842;p_206;#=ew_69_246101;prefix=91472-;[0]=ew_0_660769,WU06M,Historical,190.037,189.837,https://labbcat.canterbury.ac.nz/maonze/transcript?ag_id=1072#ew_0_660769,0.2,200,5.298317367,,
7302,ua,g_1202;em_12_108929;n_117731-n_117732;p_244;#=ew_69_243061;prefix=89571-;[0]=ew_0_725770,WU04M,Historical,251.74,251.54,https://labbcat.canterbury.ac.nz/maonze/transcript?ag_id=1202#ew_0_725770,0.2,200,5.298317367,,
7398,ua,g_13;em_12_1008;n_31643-n_31644;p_19;#=ew_69_152620;prefix=03398-;[0]=ew_0_8863,K002M,PresentElder,131.092,130.892,https://labbcat.canterbury.ac.nz/maonze/transcript?ag_id=13#ew_0_8863,0.2,200,5.298317367,,
7527,ua,g_1390;em_12_119129;n_124605-n_124606;p_262;#=ew_69_249531;prefix=94934-;[0]=ew_0_823748,WU08M,Historical,196.204,196.004,https://labbcat.canterbury.ac.nz/maonze/transcript?ag_id=1390#ew_0_823748,0.2,200,5.298317367,,
7778,ua,g_1625;em_12_132334;n_134679-n_134680;p_299;#=ew_69_192515;prefix=41448-;[0]=ew_0_937155,L2H01M,L2,184.365,184.165,https://labbcat.canterbury.ac.nz/maonze/transcript?ag_id=1625#ew_0_937155,0.2,200,5.298317367,,
7929,ua,g_1653;em_12_134148;n_136163-n_136164;p_300;#=ew_69_194855;prefix=43109-;[0]=ew_0_949118,L2H02M,L2,141.979,141.779,https://labbcat.canterbury.ac.nz/maonze/transcript?ag_id=1653#ew_0_949118,0.2,200,5.298317367,,
8219,ua,g_1853;em_12_150419;n_4569191-n_4569213;p_148;#=ew_69_208037;prefix=55939-;[0]=ew_0_1124781,L2Y05M,L2,189.138,188.938,https://labbcat.canterbury.ac.nz/maonze/transcript?ag_id=1853#ew_0_1124781,0.2,200,5.298317367,,
8221,ua,g_1853;em_12_150422;n_4569263-n_4569283;p_148;#=ew_69_208061;prefix=55960-;[0]=ew_0_1124854,L2Y05M,L2,221.687,221.487,https://labbcat.canterbury.ac.nz/maonze/transcript?ag_id=1853#ew_0_1124854,0.2,200,5.298317367,,
8385,ua,g_1909;em_12_156852;n_5285737-n_5285750;p_333;#=ew_69_241103;prefix=86676-;[0]=ew_0_1192126,R012M,PresentElder,218.424,218.224,https://labbcat.canterbury.ac.nz/maonze/transcript?ag_id=1909#ew_0_1192126,0.2,200,5.298317367,,
8499,ua,g_1946;em_12_165972;n_6849778-n_6849795;p_121;#=ew_69_167811;prefix=17304-;[0]=ew_0_1298696,K009M,PresentElder,213.086,212.886,https://labbcat.canterbury.ac.nz/maonze/transcript?ag_id=1946#ew_0_1298696,0.2,200,5.298317367,,
8720,ua,g_330;em_12_33214;n_57479-n_57480;p_85;#=ew_69_185414;prefix=34466-;[0]=ew_0_220518,L1Y02M,L1,137.459,137.259,https://labbcat.canterbury.ac.nz/maonze/transcript?ag_id=330#ew_0_220518,0.2,200,5.298317367,,
8946,ua,g_447;em_12_169734;n_6945255-n_6945256;p_110;#=ew_69_155789;prefix=06124-;[0]=ew_0_1326419,K003M,PresentElder,167.711,167.511,https://labbcat.canterbury.ac.nz/maonze/transcript?ag_id=447#ew_0_1326419,0.2,200,5.298317367,,
9029,ua,g_463;em_12_158462;n_5390750-n_5390773;p_112;#=ew_69_160957;prefix=11612-;[0]=ew_0_1209236,K006M,PresentElder,241.657,241.457,https://labbcat.canterbury.ac.nz/maonze/transcript?ag_id=463#ew_0_1209236,0.2,200,5.298317367,,
9356,ua,g_607;em_12_64549;n_84125-n_84126;p_140;#=ew_69_191232;prefix=40187-;[0]=ew_0_387467,L1Y05M,L1,186.811,186.611,https://labbcat.canterbury.ac.nz/maonze/transcript?ag_id=607#ew_0_387467,0.2,200,5.298317367,,
9540,ua,g_633;em_12_66270;n_85719-n_85720;p_143;#=ew_69_203019;prefix=51820-;[0]=ew_0_402882,L2Y02M,L2,165.049,164.849,https://labbcat.canterbury.ac.nz/maonze/transcript?ag_id=633#ew_0_402882,0.2,200,5.298317367,,
9708,ua,g_666;em_12_70528;n_89321-n_89322;p_148;#=ew_69_207706;prefix=55754-;[0]=ew_0_422577,L2Y05M,L2,196.192,195.992,https://labbcat.canterbury.ac.nz/maonze/transcript?ag_id=666#ew_0_422577,0.2,200,5.298317367,,
9731,ua,g_669;em_12_70637;n_89419-n_89420;p_148;#=ew_69_208851;prefix=56298-;[0]=ew_0_424462,L2Y05M,L2,171.4,171.2,https://labbcat.canterbury.ac.nz/maonze/transcript?ag_id=669#ew_0_424462,0.2,200,5.298317367,,
10283,ua,g_928;em_12_90452;n_104270-n_104271;p_179;#=ew_69_217878;prefix=64948-;[0]=ew_0_581215,R001M,PresentElder,245.526,245.326,https://labbcat.canterbury.ac.nz/maonze/transcript?ag_id=928#ew_0_581215,0.2,200,5.298317367,,
10431,ua,g_950;em_12_91801;n_105448-n_105449;p_181;#=ew_69_220479;prefix=67844-;[0]=ew_0_591573,R002M,PresentElder,209.782,209.582,https://labbcat.canterbury.ac.nz/maonze/transcript?ag_id=950#ew_0_591573,0.2,200,5.298317367,,
10471,ua,g_959;em_12_92208;n_105798-n_105799;p_183;#=ew_69_222132;prefix=68927-;[0]=ew_0_596136,R003M,PresentElder,168.747,168.547,https://labbcat.canterbury.ac.nz/maonze/transcript?ag_id=959#ew_0_596136,0.2,200,5.298317367,,
10604,ua,g_981;em_12_93687;n_106818-n_6611869;p_184;#=ew_69_224773;prefix=72097-;[0]=ew_0_608242,R004M,PresentElder,159.656,159.456,https://labbcat.canterbury.ac.nz/maonze/transcript?ag_id=981#ew_0_608242,0.2,200,5.298317367,,
175,ea,g_1045;em_12_97428;n_109360-n_109361;p_193;#=ew_69_236355;prefix=82568-;[0]=ew_0_645771,R010M,PresentElder,45.313,45.113,https://labbcat.canterbury.ac.nz/maonze/transcript?ag_id=1045#ew_0_645771,0.2,200,5.298317367,,
217,ea,g_1074;em_12_99681;n_110890-n_110891;p_208;#=ew_69_245326;prefix=91650-;[0]=ew_0_661306,WU07M,Historical,31.856,31.656,https://labbcat.canterbury.ac.nz/maonze/transcript?ag_id=1074#ew_0_661306,0.2,200,5.298317367,,
229,ea,g_1076;em_12_99821;n_111014-n_111015;p_208;#=ew_69_246237;prefix=91942-;[0]=ew_0_662671,WU07M,Historical,123.367,123.167,https://labbcat.canterbury.ac.nz/maonze/transcript?ag_id=1076#ew_0_662671,0.2,200,5.298317367,,
354,ea,g_1206;em_12_109330;n_118126-n_118127;p_244;#=ew_69_244199;prefix=90016-;[0]=ew_0_727849,WU04M,Historical,102.61,102.41,https://labbcat.canterbury.ac.nz/maonze/transcript?ag_id=1206#ew_0_727849,0.2,200,5.298317367,,
483,ea,g_1372;em_12_118255;n_123802-n_123803;p_287;#=ew_69_227735;prefix=74695-;[0]=ew_0_814127,R006M,PresentElder,69.098,68.898,https://labbcat.canterbury.ac.nz/maonze/transcript?ag_id=1372#ew_0_814127,0.2,200,5.298317367,,
718,ea,g_1643;em_12_133351;n_135559-n_135560;p_288;#=ew_69_196277;prefix=45181-;[0]=ew_0_943931,L2H03M,L2,61.469,61.269,https://labbcat.canterbury.ac.nz/maonze/transcript?ag_id=1643#ew_0_943931,0.2,200,5.298317367,,
1358,ea,g_317;em_12_30820;n_55456-n_55457;p_89;#=ew_69_187585;prefix=36644-;[0]=ew_0_212512,L1Y04M,L1,49.475,49.275,https://labbcat.canterbury.ac.nz/maonze/transcript?ag_id=317#ew_0_212512,0.2,200,5.298317367,,
1372,ea,g_319;em_12_148585;n_3841593-n_3841615;p_89;#=ew_69_187770;prefix=37094-;[0]=ew_0_1095321,L1Y04M,L1,30.324,30.124,https://labbcat.canterbury.ac.nz/maonze/transcript?ag_id=319#ew_0_1095321,0.2,200,5.298317367,,
1437,ea,g_328;em_12_33148;n_57429-n_57430;p_85;#=ew_69_184554;prefix=33649-;[0]=ew_0_219685,L1Y02M,L1,85.592,85.392,https://labbcat.canterbury.ac.nz/maonze/transcript?ag_id=328#ew_0_219685,0.2,200,5.298317367,,
1574,ea,g_41;em_12_3294;n_33663-n_33664;p_276;#=ew_69_242445;prefix=88486-;[0]=ew_0_27499,WU03M,Historical,84.777,84.577,https://labbcat.canterbury.ac.nz/maonze/transcript?ag_id=41#ew_0_27499,0.2,200,5.298317367,,
1615,ea,g_452;em_12_169885;n_6947369-n_6947370;p_110;#=ew_69_157211;prefix=07277-;[0]=ew_0_1327707,K003M,PresentElder,82.531,82.331,https://labbcat.canterbury.ac.nz/maonze/transcript?ag_id=452#ew_0_1327707,0.2,200,5.298317367,,
2117,ea,g_662;em_12_70364;n_7015964-n_89165;p_148;#=ew_69_207084;prefix=55029-;[0]=ew_0_419827,L2Y05M,L2,121.831,121.631,https://labbcat.canterbury.ac.nz/maonze/transcript?ag_id=662#ew_0_419827,0.2,200,5.298317367,,
2141,ea,g_668;em_12_70590;n_89379-n_89380;p_148;#=ew_69_208215;prefix=56105-;[0]=ew_0_423657,L2Y05M,L2,114.031,113.831,https://labbcat.canterbury.ac.nz/maonze/transcript?ag_id=668#ew_0_423657,0.2,200,5.298317367,,
2170,ea,g_671;em_12_70692;n_89470-n_89471;p_148;#=ew_69_208640;prefix=56536-;[0]=ew_0_425467,L2Y05M,L2,38.491,38.291,https://labbcat.canterbury.ac.nz/maonze/transcript?ag_id=671#ew_0_425467,0.2,200,5.298317367,,
2370,ea,g_872;em_12_87150;n_101817-n_101818;p_168;#=ew_69_173964;prefix=24333-;[0]=ew_0_554177,L1H02M,L1,68.593,68.393,https://labbcat.canterbury.ac.nz/maonze/transcript?ag_id=872#ew_0_554177,0.2,200,5.298317367,,
2375,ea,g_877;em_12_87417;n_15021-n_102018;p_169;#=ew_69_175336;prefix=24752-;[0]=ew_0_555832,L1H03M,L1,103.129,102.929,https://labbcat.canterbury.ac.nz/maonze/transcript?ag_id=877#ew_0_555832,0.2,200,5.298317367,,
2493,ea,g_908;em_12_89183;n_15527-n_103261;p_173;#=ew_69_176995;prefix=26440-;[0]=ew_0_570631,L1H04M,L1,76.033,75.833,https://labbcat.canterbury.ac.nz/maonze/transcript?ag_id=908#ew_0_570631,0.2,200,5.298317367,,
2727,ea,g_974;em_12_93144;n_106474-n_106475;p_184;#=ew_69_224129;prefix=71018-;[0]=ew_0_604157,R004M,PresentElder,74.343,74.143,https://labbcat.canterbury.ac.nz/maonze/transcript?ag_id=974#ew_0_604157,0.2,200,5.298317367,,
2795,ea,g_984;em_12_93813;n_106904-n_106905;p_182;#=ew_69_225572;prefix=72480-;[0]=ew_0_609290,R005M,PresentElder,100.903,100.703,https://labbcat.canterbury.ac.nz/maonze/transcript?ag_id=984#ew_0_609290,0.2,200,5.298317367,,
2837,ea,g_993;em_12_94190;n_107225-n_107226;p_182;#=ew_69_227136;prefix=73754-;[0]=ew_0_613935,R005M,PresentElder,100.912,100.712,https://labbcat.canterbury.ac.nz/maonze/transcript?ag_id=993#ew_0_613935,0.2,200,5.298317367,,
2850,ia,g_100;em_12_162704;n_6281934-n_6281805;p_41;#=ew_69_162708;prefix=13491-;[0]=ew_0_1269036,K007M,PresentElder,98.337,98.137,https://labbcat.canterbury.ac.nz/maonze/transcript?ag_id=100#ew_0_1269036,0.2,200,5.298317367,,
2866,ia,g_1009;em_12_95342;n_108275-n_7047888;p_188;#=ew_69_229741;prefix=76288-;[0]=ew_0_624426,R007M,PresentElder,122.131,121.931,https://labbcat.canterbury.ac.nz/maonze/transcript?ag_id=1009#ew_0_624426,0.2,200,5.298317367,,
3030,ia,g_1049;em_12_97621;n_109495-n_17660;p_201;#=ew_69_241599;prefix=87681-;[0]=ew_0_647981,WU01M,Historical,99.644,99.444,https://labbcat.canterbury.ac.nz/maonze/transcript?ag_id=1049#ew_0_647981,0.2,200,5.298317367,,
3047,ia,g_1071;em_12_99558;n_110773-n_110774;p_206;#=ew_69_245616;prefix=91174-;[0]=ew_0_659808,WU06M,Historical,69.155,68.955,https://labbcat.canterbury.ac.nz/maonze/transcript?ag_id=1071#ew_0_659808,0.2,200,5.298317367,,
3061,ia,g_1073;em_12_99661;n_110874-n_110875;p_206;#=ew_69_245255;prefix=91576-;[0]=ew_0_661130,WU06M,Historical,80.415,80.215,https://labbcat.canterbury.ac.nz/maonze/transcript?ag_id=1073#ew_0_661130,0.2,200,5.298317367,,
3357,ia,g_1521;em_12_126022;n_130066-n_130067;p_284;#=ew_69_210626;prefix=58445-;[0]=ew_0_885702,MU01M,Historical,119.911,119.711,https://labbcat.canterbury.ac.nz/maonze/transcript?ag_id=1521#ew_0_885702,0.2,200,5.298317367,,
3493,ia,g_1650;em_12_163146;n_6345639-n_6345646;p_300;#=ew_69_194037;prefix=42743-;[0]=ew_0_1275348,L2H02M,L2,89.449,89.249,https://labbcat.canterbury.ac.nz/maonze/transcript?ag_id=1650#ew_0_1275348,0.2,200,5.298317367,,
3885,ia,g_319;em_12_31161;n_55778-n_5648;p_89;#=ew_69_187890;prefix=36984-;[0]=ew_0_213722,L1Y04M,L1,93.819,93.619,https://labbcat.canterbury.ac.nz/maonze/transcript?ag_id=319#ew_0_213722,0.2,200,5.298317367,,
4109,ia,g_459;em_12_47366;n_69565-n_69566;p_112;#=ew_69_161762;prefix=12110-;[0]=ew_0_296724,K006M,PresentElder,83.166,82.966,https://labbcat.canterbury.ac.nz/maonze/transcript?ag_id=459#ew_0_296724,0.2,200,5.298317367,,
4331,ia,g_615;em_12_64914;n_84477-n_84478;p_142;#=ew_69_182518;prefix=31619-;[0]=ew_0_1244895,L1Y01M,L1,71.18,70.98,https://labbcat.canterbury.ac.nz/maonze/transcript?ag_id=615#ew_0_1244895,0.2,200,5.298317367,,
4443,ia,g_668;em_12_70582;n_89371-n_89372;p_148;#=ew_69_208157;prefix=56049-;[0]=ew_0_423531,L2Y05M,L2,54.84,54.64,https://labbcat.canterbury.ac.nz/maonze/transcript?ag_id=668#ew_0_423531,0.2,200,5.298317367,,
4524,ia,g_857;em_12_86019;n_101003-n_101004;p_167;#=ew_69_172438;prefix=22025-;[0]=ew_0_545600,L1H01M,L1,121.274,121.074,https://labbcat.canterbury.ac.nz/maonze/transcript?ag_id=857#ew_0_545600,0.2,200,5.298317367,,
4610,ia,g_888;em_12_88230;n_102524-n_102525;p_169;#=ew_69_176122;prefix=25697-;[0]=ew_0_560542,L1H03M,L1,104.918,104.718,https://labbcat.canterbury.ac.nz/maonze/transcript?ag_id=888#ew_0_560542,0.2,200,5.298317367,,
4653,ia,g_899;em_12_88709;n_102931-n_102932;p_173;#=ew_69_177593;prefix=27221-;[0]=ew_0_566215,L1H04M,L1,60.796,60.596,https://labbcat.canterbury.ac.nz/maonze/transcript?ag_id=899#ew_0_566215,0.2,200,5.298317367,,
4714,ia,g_929;em_12_90530;n_104347-n_104348;p_179;#=ew_69_216919;prefix=65117-;[0]=ew_0_581696,R001M,PresentElder,44.438,44.238,https://labbcat.canterbury.ac.nz/maonze/transcript?ag_id=929#ew_0_581696,0.2,200,5.298317367,,
4991,oa,g_1025;em_12_96185;n_108625-n_108626;p_190;#=ew_69_232319;prefix=79255-;[0]=ew_0_631904,R009M,PresentElder,35.475,35.275,https://labbcat.canterbury.ac.nz/maonze/transcript?ag_id=1025#ew_0_631904,0.2,200,5.298317367,,
5014,oa,g_1031;em_12_96464;n_17254-n_108803;p_190;#=ew_69_234059;prefix=80237-;[0]=ew_0_635872,R009M,PresentElder,76.895,76.695,https://labbcat.canterbury.ac.nz/maonze/transcript?ag_id=1031#ew_0_635872,0.2,200,5.298317367,,
5102,oa,g_1078;em_12_99906;n_111097-n_111098;p_208;#=ew_69_246030;prefix=92126-;[0]=ew_0_663457,WU07M,Historical,78.787,78.587,https://labbcat.canterbury.ac.nz/maonze/transcript?ag_id=1078#ew_0_663457,0.2,200,5.298317367,,
5180,oa,g_1203;em_12_108959;n_117760-n_117761;p_244;#=ew_69_244079;prefix=89611-;[0]=ew_0_725882,WU04M,Historical,34.212,34.012,https://labbcat.canterbury.ac.nz/maonze/transcript?ag_id=1203#ew_0_725882,0.2,200,5.298317367,,
5332,oa,g_1523;em_12_126106;n_130142-n_6614360;p_287;#=ew_69_228256;prefix=75164-;[0]=ew_0_886785,R006M,PresentElder,50.962,50.762,https://labbcat.canterbury.ac.nz/maonze/transcript?ag_id=1523#ew_0_886785,0.2,200,5.298317367,,
5334,oa,g_1523;em_12_163609;n_6614360-n_25289;p_287;#=ew_69_228262;prefix=75170-;[0]=ew_0_1281545,R006M,PresentElder,56.015,55.815,https://labbcat.canterbury.ac.nz/maonze/transcript?ag_id=1523#ew_0_1281545,0.2,200,5.298317367,,
5371,oa,g_1541;em_12_126986;n_130683-n_130684;p_291;#=ew_69_216341;prefix=63725-;[0]=ew_0_896367,MU09M,Historical,70.895,70.695,https://labbcat.canterbury.ac.nz/maonze/transcript?ag_id=1541#ew_0_896367,0.2,200,5.298317367,,
5448,oa,g_1652;em_12_134026;n_136088-n_27214;p_300;#=ew_69_194768;prefix=42939-;[0]=ew_0_948444,L2H02M,L2,61.517,61.317,https://labbcat.canterbury.ac.nz/maonze/transcript?ag_id=1652#ew_0_948444,0.2,200,5.298317367,,
5529,oa,g_1689;em_12_136116;n_137577-n_137578;p_307;#=ew_69_200319;prefix=48890-;[0]=ew_0_1277257,L2H05M,L2,57.462,57.262,https://labbcat.canterbury.ac.nz/maonze/transcript?ag_id=1689#ew_0_1277257,0.2,200,5.298317367,,
5554,oa,g_1752;em_12_140033;n_140691-n_140692;p_318;#=ew_69_231721;prefix=78251-;[0]=ew_0_1003634,R008M,PresentElder,79.389,79.189,https://labbcat.canterbury.ac.nz/maonze/transcript?ag_id=1752#ew_0_1003634,0.2,200,5.298317367,,
5574,oa,g_1841;em_12_149035;n_3848185-n_3848197;p_49;#=ew_69_204255;prefix=52525-;[0]=ew_0_1101363,L2Y03M,L2,92.998,92.798,https://labbcat.canterbury.ac.nz/maonze/transcript?ag_id=1841#ew_0_1101363,0.2,200,5.298317367,,
5628,oa,g_1883;em_12_155054;n_5259511-n_5259512;p_334;#=ew_69_237011;prefix=83355-;[0]=ew_0_1170462,R011M,PresentElder,43.558,43.358,https://labbcat.canterbury.ac.nz/maonze/transcript?ag_id=1883#ew_0_1170462,0.2,200,5.298317367,,
5657,oa,g_1896;em_12_155930;n_5271430-n_5271445;p_334;#=ew_69_238348;prefix=84539-;[0]=ew_0_1181199,R011M,PresentElder,53.783,53.583,https://labbcat.canterbury.ac.nz/maonze/transcript?ag_id=1896#ew_0_1181199,0.2,200,5.298317367,,
5918,oa,g_338;em_12_33403;n_57626-n_57627;p_85;#=ew_69_185174;prefix=34340-;[0]=ew_0_222957,L1Y02M,L1,72.885,72.685,https://labbcat.canterbury.ac.nz/maonze/transcript?ag_id=338#ew_0_222957,0.2,200,5.298317367,,
5981,oa,g_374;em_12_36726;n_60534-n_60535;p_92;#=ew_69_213482;prefix=61353-;[0]=ew_0_242094,MU04M,Historical,105.875,105.675,https://labbcat.canterbury.ac.nz/maonze/transcript?ag_id=374#ew_0_242094,0.2,200,5.298317367,,
6071,oa,g_474;em_12_48982;n_70915-n_70916;p_121;#=ew_69_166952;prefix=16944-;[0]=ew_0_304588,K009M,PresentElder,28.42,28.22,https://labbcat.canterbury.ac.nz/maonze/transcript?ag_id=474#ew_0_304588,0.2,200,5.298317367,,
6236,oa,g_624;em_12_65273;n_84807-n_84808;p_142;#=ew_69_183279;prefix=32584-;[0]=ew_0_395566,L1Y01M,L1,87.8,87.6,https://labbcat.canterbury.ac.nz/maonze/transcript?ag_id=624#ew_0_395566,0.2,200,5.298317367,,
6290,oa,g_638;em_12_66709;n_86046-n_86047;p_145;#=ew_69_200861;prefix=49519-;[0]=ew_0_1350430,L2Y01M,L2,99.26,99.06,https://labbcat.canterbury.ac.nz/maonze/transcript?ag_id=638#ew_0_1350430,0.2,200,5.298317367,,
6327,oa,g_665;em_12_70482;n_89276-n_89277;p_148;#=ew_69_207483;prefix=55518-;[0]=ew_0_421784,L2Y05M,L2,107.186,106.986,https://labbcat.canterbury.ac.nz/maonze/transcript?ag_id=665#ew_0_421784,0.2,200,5.298317367,,
6341,oa,g_76;em_12_5335;n_35431-n_35432;p_37;#=ew_69_159917;prefix=10192-;[0]=ew_0_1237161,K005M,PresentElder,88.619,88.419,https://labbcat.canterbury.ac.nz/maonze/transcript?ag_id=76#ew_0_1237161,0.2,200,5.298317367,,
6381,oa,g_856;em_12_85939;n_100930-n_100931;p_167;#=ew_69_171889;prefix=21845-;[0]=ew_0_544975,L1H01M,L1,79.077,78.877,https://labbcat.canterbury.ac.nz/maonze/transcript?ag_id=856#ew_0_544975,0.2,200,5.298317367,,
6391,oa,g_859;em_12_86198;n_101172-n_101173;p_167;#=ew_69_172500;prefix=22341-;[0]=ew_0_546802,L1H01M,L1,79.221,79.021,https://labbcat.canterbury.ac.nz/maonze/transcript?ag_id=859#ew_0_546802,0.2,200,5.298317367,,
6477,oa,g_897;em_12_88603;n_102844-n_102840;p_174;#=ew_69_178520;prefix=27802-;[0]=ew_0_565096,L1H05M,L1,86.113,85.913,https://labbcat.canterbury.ac.nz/maonze/transcript?ag_id=897#ew_0_565096,0.2,200,5.298317367,,
6655,oa,g_985;em_12_93841;n_106929-n_106930;p_182;#=ew_69_226047;prefix=72600-;[0]=ew_0_609666,R005M,PresentElder,60.843,60.643,https://labbcat.canterbury.ac.nz/maonze/transcript?ag_id=985#ew_0_609666,0.2,200,5.298317367,,
6943,ua,g_1041;em_12_97090;n_109228-n_109229;p_193;#=ew_69_236026;prefix=82133-;[0]=ew_0_642901,R010M,PresentElder,91.235,91.035,https://labbcat.canterbury.ac.nz/maonze/transcript?ag_id=1041#ew_0_642901,0.2,200,5.298317367,,
7004,ua,g_1051;em_12_97732;n_109560-n_109561;p_203;#=ew_69_241724;prefix=87794-;[0]=ew_0_648940,WU02M,Historical,114.242,114.042,https://labbcat.canterbury.ac.nz/maonze/transcript?ag_id=1051#ew_0_648940,0.2,200,5.298317367,,
7071,ua,g_1076;em_12_99809;n_111002-n_111003;p_208;#=ew_69_246118;prefix=91911-;[0]=ew_0_662547,WU07M,Historical,74.161,73.961,https://labbcat.canterbury.ac.nz/maonze/transcript?ag_id=1076#ew_0_662547,0.2,200,5.298317367,,
7320,ua,g_1212;em_12_109804;n_118532-n_118533;p_244;#=ew_69_244788;prefix=90877-;[0]=ew_0_731090,WU04M,Historical,111.23,111.03,https://labbcat.canterbury.ac.nz/maonze/transcript?ag_id=1212#ew_0_731090,0.2,200,5.298317367,,
7479,ua,g_1373;em_12_118302;n_123846-n_123847;p_287;#=ew_69_227554;prefix=74529-;[0]=ew_0_814801,R006M,PresentElder,98.754,98.554,https://labbcat.canterbury.ac.nz/maonze/transcript?ag_id=1373#ew_0_814801,0.2,200,5.298317367,,
7681,ua,g_1533;em_12_126555;n_130470-n_25408;p_200;#=ew_69_216084;prefix=63529-;[0]=ew_0_892337,MU08M,Historical,109.4,109.2,https://labbcat.canterbury.ac.nz/maonze/transcript?ag_id=1533#ew_0_892337,0.2,200,5.298317367,,
7971,ua,g_1662;em_12_134624;n_27423-n_136477;p_302;#=ew_69_197037;prefix=45703-;[0]=ew_0_953086,L2H04M,L2,53.384,53.184,https://labbcat.canterbury.ac.nz/maonze/transcript?ag_id=1662#ew_0_953086,0.2,200,5.298317367,,
7998,ua,g_1667;em_12_134852;n_136672-n_136673;p_302;#=ew_69_197975;prefix=46426-;[0]=ew_0_955656,L2H04M,L2,45.747,45.547,https://labbcat.canterbury.ac.nz/maonze/transcript?ag_id=1667#ew_0_955656,0.2,200,5.298317367,,
8129,ua,g_1750;em_12_139898;n_140575-n_140576;p_318;#=ew_69_231512;prefix=78025-;[0]=ew_0_1002905,R008M,PresentElder,107.976,107.776,https://labbcat.canterbury.ac.nz/maonze/transcript?ag_id=1750#ew_0_1002905,0.2,200,5.298317367,,
8157,ua,g_1756;em_12_140338;n_140951-n_140952;p_318;#=ew_69_231911;prefix=78680-;[0]=ew_0_1005285,R008M,PresentElder,45.051,44.851,https://labbcat.canterbury.ac.nz/maonze/transcript?ag_id=1756#ew_0_1005285,0.2,200,5.298317367,,
8341,ua,g_1903;em_12_156500;n_5279650-n_5279676;p_333;#=ew_69_239902;prefix=85501-;[0]=ew_0_1186809,R012M,PresentElder,58.563,58.363,https://labbcat.canterbury.ac.nz/maonze/transcript?ag_id=1903#ew_0_1186809,0.2,200,5.298317367,,
8962,ua,g_449;em_12_46403;n_68881-n_68882;p_110;#=ew_69_154682;prefix=06571-;[0]=ew_0_289750,K003M,PresentElder,105.416,105.216,https://labbcat.canterbury.ac.nz/maonze/transcript?ag_id=449#ew_0_289750,0.2,200,5.298317367,,
9280,ua,g_597;em_12_63877;n_83477-n_83478;p_140;#=ew_69_189340;prefix=38330-;[0]=ew_0_1248779,L1Y05M,L1,126.152,125.952,https://labbcat.canterbury.ac.nz/maonze/transcript?ag_id=597#ew_0_1248779,0.2,200,5.298317367,,
9382,ua,g_611;em_12_64730;n_84297-n_84298;p_142;#=ew_69_181764;prefix=31152-;[0]=ew_0_1244090,L1Y01M,L1,112.427,112.227,https://labbcat.canterbury.ac.nz/maonze/transcript?ag_id=611#ew_0_1244090,0.2,200,5.298317367,,
9431,ua,g_619;em_12_65075;n_84632-n_84633;p_142;#=ew_69_182630;prefix=32088-;[0]=ew_0_393188,L1Y01M,L1,61.249,61.049,https://labbcat.canterbury.ac.nz/maonze/transcript?ag_id=619#ew_0_393188,0.2,200,5.298317367,,
9433,ua,g_619;em_12_65082;n_84639-n_84640;p_142;#=ew_69_182697;prefix=32113-;[0]=ew_0_393276,L1Y01M,L1,94.056,93.856,https://labbcat.canterbury.ac.nz/maonze/transcript?ag_id=619#ew_0_393276,0.2,200,5.298317367,,
9479,ua,g_626;em_12_65344;n_84863-n_84864;p_142;#=ew_69_183690;prefix=32896-;[0]=ew_0_396464,L1Y01M,L1,63.884,63.684,https://labbcat.canterbury.ac.nz/maonze/transcript?ag_id=626#ew_0_396464,0.2,200,5.298317367,,
9776,ua,g_8;em_12_479;n_31133-n_31134;p_28;#=ew_69_149724;prefix=01100-;[0]=ew_0_4511,K001M,PresentElder,112.036,111.836,https://labbcat.canterbury.ac.nz/maonze/transcript?ag_id=8#ew_0_4511,0.2,200,5.298317367,,
9945,ua,g_868;em_12_86847;n_101618-n_101619;p_168;#=ew_69_174122;prefix=23793-;[0]=ew_0_552071,L1H02M,L1,116.397,116.197,https://labbcat.canterbury.ac.nz/maonze/transcript?ag_id=868#ew_0_552071,0.2,200,5.298317367,,
9975,ua,g_873;em_12_87202;n_101865-n_101866;p_168;#=ew_69_174279;prefix=24412-;[0]=ew_0_554569,L1H02M,L1,82.305,82.105,https://labbcat.canterbury.ac.nz/maonze/transcript?ag_id=873#ew_0_554569,0.2,200,5.298317367,,
9998,ua,g_877;em_12_87392;n_102004-n_102005;p_169;#=ew_69_175302;prefix=24723-;[0]=ew_0_555693,L1H03M,L1,35.67,35.47,https://labbcat.canterbury.ac.nz/maonze/transcript?ag_id=877#ew_0_555693,0.2,200,5.298317367,,
10200,ua,g_909;em_12_89237;n_103275-n_103276;p_173;#=ew_69_176303;prefix=26337-;[0]=ew_0_571255,L1H04M,L1,120.524,120.324,https://labbcat.canterbury.ac.nz/maonze/transcript?ag_id=909#ew_0_571255,0.2,200,5.298317367,,
10302,ua,g_934;em_12_90812;n_104615-n_104616;p_179;#=ew_69_217685;prefix=65442-;[0]=ew_0_583059,R001M,PresentElder,43.1,42.9,https://labbcat.canterbury.ac.nz/maonze/transcript?ag_id=934#ew_0_583059,0.2,200,5.298317367,,
10396,ua,g_947;em_12_91641;n_105318-n_105319;p_181;#=ew_69_220754;prefix=67272-;[0]=ew_0_589424,R002M,PresentElder,122.444,122.244,https://labbcat.canterbury.ac.nz/maonze/transcript?ag_id=947#ew_0_589424,0.2,200,5.298317367,,
10408,ua,g_948;em_12_91684;n_105357-n_105358;p_181;#=ew_69_219927;prefix=67409-;[0]=ew_0_1278636,R002M,PresentElder,73.711,73.511,https://labbcat.canterbury.ac.nz/maonze/transcript?ag_id=948#ew_0_1278636,0.2,200,5.298317367,,
10624,ua,g_985;em_12_93841;n_106929-n_106930;p_182;#=ew_69_226042;prefix=72599-;[0]=ew_0_609663,R005M,PresentElder,59.463,59.263,https://labbcat.canterbury.ac.nz/maonze/transcript?ag_id=985#ew_0_609663,0.2,200,5.298317367,,
5539,oa,g_1748;em_12_139722;n_140423-n_140424;p_318;#=ew_69_231119;prefix=77753-;[0]=ew_0_1001961,R008M,PresentElder,10.643,10.443,https://labbcat.canterbury.ac.nz/maonze/transcript?ag_id=1748#ew_0_1001961,0.2,200,5.298317367,,
6940,ua,g_1041;em_12_97065;n_109216-n_109217;p_193;#=ew_69_235936;prefix=82078-;[0]=ew_0_642695,R010M,PresentElder,9.599,9.399,https://labbcat.canterbury.ac.nz/maonze/transcript?ag_id=1041#ew_0_642695,0.2,200,5.298317367,,
9597,ua,g_640;em_12_66815;n_86134-n_86135;p_145;#=ew_69_201449;prefix=49640-;[0]=ew_0_407696,L2Y01M,L2,14.534,14.334,https://labbcat.canterbury.ac.nz/maonze/transcript?ag_id=640#ew_0_407696,0.2,200,5.298317367,,
377,ea,g_1213;em_12_109830;n_20732-n_118544;p_244;#=ew_69_244865;prefix=90929-;[0]=ew_0_731351,WU04M,Historical,5.08,4.88,https://labbcat.canterbury.ac.nz/maonze/transcript?ag_id=1213#ew_0_731351,0.2,200,5.298317367,,
6503,oa,g_907;em_12_89137;n_15498-n_103244;p_173;#=ew_69_177285;prefix=26529-;[0]=ew_0_569967,L1H04M,L1,4.674,4.474,https://labbcat.canterbury.ac.nz/maonze/transcript?ag_id=907#ew_0_569967,0.2,200,5.298317367,,
7627,ua,g_1524;em_12_126136;n_25293-n_130168;p_287;#=ew_69_228535;prefix=75276-;[0]=ew_0_887286,R006M,PresentElder,6.87,6.67,https://labbcat.canterbury.ac.nz/maonze/transcript?ag_id=1524#ew_0_887286,0.2,200,5.298317367,,
8016,ua,g_1669;em_12_134939;n_27466-n_136749;p_302;#=ew_69_198390;prefix=46670-;[0]=ew_0_956623,L2H04M,L2,4.298,4.098,https://labbcat.canterbury.ac.nz/maonze/transcript?ag_id=1669#ew_0_956623,0.2,200,5.298317367,,
8426,ua,g_1913;em_12_157123;n_5289389-n_5289402;p_333;#=ew_69_240192;prefix=87317-;[0]=ew_0_1196037,R012M,PresentElder,3.39,3.19,https://labbcat.canterbury.ac.nz/maonze/transcript?ag_id=1913#ew_0_1196037,0.2,200,5.298317367,,
9196,ua,g_5;em_12_138;n_30807-n_30808;p_28;#=ew_69_150837;prefix=01714-;[0]=ew_0_1110628,K001M,PresentElder,4.079,3.879,https://labbcat.canterbury.ac.nz/maonze/transcript?ag_id=5#ew_0_1110628,0.2,200,5.298317367,,
10529,ua,g_97;em_12_6809;n_739-n_36658;p_41;#=ew_69_162990;prefix=12598-;[0]=ew_0_65776,K007M,PresentElder,2.17,1.97,https://labbcat.canterbury.ac.nz/maonze/transcript?ag_id=97#ew_0_65776,0.2,200,5.298317367,,
237,ea,g_1078;em_12_99891;n_111082-n_111083;p_208;#=ew_69_245934;prefix=92095-;[0]=ew_0_663292,WU07M,Historical,8.024,7.824,https://labbcat.canterbury.ac.nz/maonze/transcript?ag_id=1078#ew_0_663292,0.2,200,5.298317367,,
548,ea,g_1515;em_12_125668;n_129780-n_129781;p_276;#=ew_69_242067;prefix=88095-;[0]=ew_0_882349,WU03M,Historical,22.311,22.111,https://labbcat.canterbury.ac.nz/maonze/transcript?ag_id=1515#ew_0_882349,0.2,200,5.298317367,,
817,ea,g_1665;em_12_134774;n_136607-n_136608;p_302;#=ew_69_197657;prefix=46125-;[0]=ew_0_954646,L2H04M,L2,28.438,28.238,https://labbcat.canterbury.ac.nz/maonze/transcript?ag_id=1665#ew_0_954646,0.2,200,5.298317367,,
1157,ea,g_1941;em_12_165437;n_6840395-n_6840408;p_112;#=ew_69_161827;prefix=12054-;[0]=ew_0_1294179,K006M,PresentElder,28.407,28.207,https://labbcat.canterbury.ac.nz/maonze/transcript?ag_id=1941#ew_0_1294179,0.2,200,5.298317367,,
1336,ea,g_312;em_12_30377;n_55082-n_55083;p_81;#=ew_69_186913;prefix=36133-;[0]=ew_0_210331,L1Y03M,L1,16.448,16.248,https://labbcat.canterbury.ac.nz/maonze/transcript?ag_id=312#ew_0_210331,0.2,200,5.298317367,,
2230,ea,g_849;em_12_85431;n_100447-n_100448;p_167;#=ew_69_171366;prefix=20750-;[0]=ew_0_1217747,L1H01M,L1,17.211,17.011,https://labbcat.canterbury.ac.nz/maonze/transcript?ag_id=849#ew_0_1217747,0.2,200,5.298317367,,
2533,ea,g_934;em_12_90802;n_104605-n_104606;p_179;#=ew_69_217670;prefix=65430-;[0]=ew_0_582991,R001M,PresentElder,15.434,15.234,https://labbcat.canterbury.ac.nz/maonze/transcript?ag_id=934#ew_0_582991,0.2,200,5.298317367,,
2674,ea,g_967;em_12_92699;n_106120-n_106121;p_183;#=ew_69_222871;prefix=70040-;[0]=ew_0_600571,R003M,PresentElder,21.743,21.543,https://labbcat.canterbury.ac.nz/maonze/transcript?ag_id=967#ew_0_600571,0.2,200,5.298317367,,
2798,ea,g_985;em_12_93832;n_16514-n_106923;p_182;#=ew_69_225963;prefix=72563-;[0]=ew_0_609551,R005M,PresentElder,7.81,7.61,https://labbcat.canterbury.ac.nz/maonze/transcript?ag_id=985#ew_0_609551,0.2,200,5.298317367,,
3026,ia,g_1048;em_12_97542;n_109464-n_109465;p_193;#=ew_69_236661;prefix=82959-;[0]=ew_0_647090,R010M,PresentElder,22.057,21.857,https://labbcat.canterbury.ac.nz/maonze/transcript?ag_id=1048#ew_0_647090,0.2,200,5.298317367,,
3059,ia,g_1073;em_12_99644;n_110857-n_110858;p_206;#=ew_69_245216;prefix=91537-;[0]=ew_0_660968,WU06M,Historical,19.739,19.539,https://labbcat.canterbury.ac.nz/maonze/transcript?ag_id=1073#ew_0_660968,0.2,200,5.298317367,,
3196,ia,g_1200;em_12_108609;n_117413-n_117414;p_244;#=ew_69_242847;prefix=89022-;[0]=ew_0_724126,WU04M,Historical,14.597,14.397,https://labbcat.canterbury.ac.nz/maonze/transcript?ag_id=1200#ew_0_724126,0.2,200,5.298317367,,
3371,ia,g_1528;em_12_126305;n_130318-n_130319;p_287;#=ew_69_229347;prefix=76014-;[0]=ew_0_889863,R006M,PresentElder,29.032,28.832,https://labbcat.canterbury.ac.nz/maonze/transcript?ag_id=1528#ew_0_889863,0.2,200,5.298317367,,
3474,ia,g_1642;em_12_133278;n_135487-n_135488;p_288;#=ew_69_196345;prefix=45009-;[0]=ew_0_943353,L2H03M,L2,20.343,20.143,https://labbcat.canterbury.ac.nz/maonze/transcript?ag_id=1642#ew_0_943353,0.2,200,5.298317367,,
3490,ia,g_1648;em_12_133637;n_27111-n_135802;p_300;#=ew_69_193457;prefix=42320-;[0]=ew_0_946119,L2H02M,L2,23.936,23.736,https://labbcat.canterbury.ac.nz/maonze/transcript?ag_id=1648#ew_0_946119,0.2,200,5.298317367,,
3560,ia,g_1673;em_12_135080;n_136850-n_136851;p_302;#=ew_69_198111;prefix=47279-;[0]=ew_0_1276364,L2H04M,L2,15.485,15.285,https://labbcat.canterbury.ac.nz/maonze/transcript?ag_id=1673#ew_0_1276364,0.2,200,5.298317367,,
5003,oa,g_1028;em_12_96313;n_108702-n_108703;p_190;#=ew_69_233033;prefix=79695-;[0]=ew_0_1016426,R009M,PresentElder,11.41,11.21,https://labbcat.canterbury.ac.nz/maonze/transcript?ag_id=1028#ew_0_1016426,0.2,200,5.298317367,,
5056,oa,g_1045;em_12_97425;n_109357-n_109358;p_193;#=ew_69_236337;prefix=82554-;[0]=ew_0_645718,R010M,PresentElder,27.627,27.427,https://labbcat.canterbury.ac.nz/maonze/transcript?ag_id=1045#ew_0_645718,0.2,200,5.298317367,,
5184,oa,g_1205;em_12_109188;n_117987-n_117988;p_244;#=ew_69_244208;prefix=89786-;[0]=ew_0_727039,WU04M,Historical,11.075,10.875,https://labbcat.canterbury.ac.nz/maonze/transcript?ag_id=1205#ew_0_727039,0.2,200,5.298317367,,
5201,oa,g_1227;em_12_110649;n_20967-n_119126;p_249;#=ew_69_180081;prefix=29133-;[0]=ew_0_738170,L1H06M,L1,8.35,8.15,https://labbcat.canterbury.ac.nz/maonze/transcript?ag_id=1227#ew_0_738170,0.2,200,5.298317367,,
5219,oa,g_1239;em_12_160355;n_5826000-n_6973371;p_249;#=ew_69_180590;prefix=30224-;[0]=ew_0_1226216,L1H06M,L1,9.644,9.444,https://labbcat.canterbury.ac.nz/maonze/transcript?ag_id=1239#ew_0_1226216,0.2,200,5.298317367,,
5349,oa,g_1526;em_12_126221;n_130238-n_130239;p_287;#=ew_69_228831;prefix=75617-;[0]=ew_0_888484,R006M,PresentElder,21.546,21.346,https://labbcat.canterbury.ac.nz/maonze/transcript?ag_id=1526#ew_0_888484,0.2,200,5.298317367,,
5640,oa,g_1889;em_12_155447;n_5264463-n_5264481;p_334;#=ew_69_237572;prefix=83950-;[0]=ew_0_1175216,R011M,PresentElder,17.433,17.233,https://labbcat.canterbury.ac.nz/maonze/transcript?ag_id=1889#ew_0_1175216,0.2,200,5.298317367,,
5935,oa,g_351;em_12_33819;n_7017860-n_57944;p_87;#=ew_69_210986;prefix=59532-;[0]=ew_0_227769,MU03M,Historical,21.397,21.197,https://labbcat.canterbury.ac.nz/maonze/transcript?ag_id=351#ew_0_227769,0.2,200,5.298317367,,
6055,oa,g_461;em_12_47503;n_69671-n_69672;p_112;#=ew_69_162162;prefix=12274-;[0]=ew_0_297391,K006M,PresentElder,27.008,26.808,https://labbcat.canterbury.ac.nz/maonze/transcript?ag_id=461#ew_0_297391,0.2,200,5.298317367,,
6123,oa,g_497;em_12_51450;n_72781-n_72782;p_122;#=ew_69_170517;prefix=20454-;[0]=ew_0_319370,K010M,PresentElder,11.809,11.609,https://labbcat.canterbury.ac.nz/maonze/transcript?ag_id=497#ew_0_319370,0.2,200,5.298317367,,
6380,oa,g_856;em_12_85924;n_100915-n_100916;p_167;#=ew_69_171816;prefix=21793-;[0]=ew_0_544803,L1H01M,L1,16.264,16.064,https://labbcat.canterbury.ac.nz/maonze/transcript?ag_id=856#ew_0_544803,0.2,200,5.298317367,,
6446,oa,g_882;em_12_87745;n_102219-n_102220;p_169;#=ew_69_175827;prefix=25133-;[0]=ew_0_557788,L1H03M,L1,11.895,11.695,https://labbcat.canterbury.ac.nz/maonze/transcript?ag_id=882#ew_0_557788,0.2,200,5.298317367,,
7047,ua,g_1073;em_12_99644;n_110857-n_110858;p_206;#=ew_69_245212;prefix=91533-;[0]=ew_0_660963,WU06M,Historical,17.299,17.099,https://labbcat.canterbury.ac.nz/maonze/transcript?ag_id=1073#ew_0_660963,0.2,200,5.298317367,,
8242,ua,g_1883;em_12_155018;n_5258589-n_5258601;p_334;#=ew_69_236997;prefix=83297-;[0]=ew_0_1170077,R011M,PresentElder,21.544,21.344,https://labbcat.canterbury.ac.nz/maonze/transcript?ag_id=1883#ew_0_1170077,0.2,200,5.298317367,,
9175,ua,g_492;em_12_50697;n_72284-n_72285;p_122;#=ew_69_169734;prefix=19857-;[0]=ew_0_316256,K010M,PresentElder,18.534,18.334,https://labbcat.canterbury.ac.nz/maonze/transcript?ag_id=492#ew_0_316256,0.2,200,5.298317367,,
9898,ua,g_863;em_12_86399;n_101304-n_101305;p_168;#=ew_69_172915;prefix=22844-;[0]=ew_0_548456,L1H02M,L1,19.994,19.794,https://labbcat.canterbury.ac.nz/maonze/transcript?ag_id=863#ew_0_548456,0.2,200,5.298317367,,
10555,ua,g_972;em_12_92972;n_106343-n_106344;p_184;#=ew_69_223680;prefix=70661-;[0]=ew_0_602871,R004M,PresentElder,26.851,26.651,https://labbcat.canterbury.ac.nz/maonze/transcript?ag_id=972#ew_0_602871,0.2,200,5.298317367,,
410,ea,g_1236;em_12_111187;n_21440-n_21441;p_249;#=ew_69_180411;prefix=29988-;[0]=ew_0_742915,L1H06M,L1,45.498,45.298,https://labbcat.canterbury.ac.nz/maonze/transcript?ag_id=1236#ew_0_742915,0.2,200,5.298317367,,
1686,ea,g_474;em_12_48985;n_70918-n_70919;p_121;#=ew_69_166970;prefix=16956-;[0]=ew_0_304618,K009M,PresentElder,42.245,42.045,https://labbcat.canterbury.ac.nz/maonze/transcript?ag_id=474#ew_0_304618,0.2,200,5.298317367,,
2185,ea,g_672;em_12_70732;n_89501-n_89502;p_148;#=ew_69_208359;prefix=56688-;[0]=ew_0_426148,L2Y05M,L2,56.345,56.145,https://labbcat.canterbury.ac.nz/maonze/transcript?ag_id=672#ew_0_426148,0.2,200,5.298317367,,
3247,ia,g_1228;em_12_110672;n_119147-n_119148;p_249;#=ew_69_179756;prefix=29263-;[0]=ew_0_738713,L1H06M,L1,55.891,55.691,https://labbcat.canterbury.ac.nz/maonze/transcript?ag_id=1228#ew_0_738713,0.2,200,5.298317367,,
4428,ia,g_665;em_12_70475;n_89269-n_89270;p_148;#=ew_69_207386;prefix=55482-;[0]=ew_0_421682,L2Y05M,L2,53.01,52.81,https://labbcat.canterbury.ac.nz/maonze/transcript?ag_id=665#ew_0_421682,0.2,200,5.298317367,,
4914,ia,g_99;em_12_162822;n_6281831-n_6281835;p_41;#=ew_69_163294;prefix=13207-;[0]=ew_0_1269815,K007M,PresentElder,36.172,35.972,https://labbcat.canterbury.ac.nz/maonze/transcript?ag_id=99#ew_0_1269815,0.2,200,5.298317367,,
5784,oa,g_1945;em_12_165863;n_6847930-n_6847942;p_28;#=ew_69_151128;prefix=01529-;[0]=ew_0_1297221,K001M,PresentElder,60.126,59.926,https://labbcat.canterbury.ac.nz/maonze/transcript?ag_id=1945#ew_0_1297221,0.2,200,5.298317367,,
6195,oa,g_606;em_12_64436;n_84021-n_84022;p_140;#=ew_69_190415;prefix=40008-;[0]=ew_0_386743,L1Y05M,L1,64.005,63.805,https://labbcat.canterbury.ac.nz/maonze/transcript?ag_id=606#ew_0_386743,0.2,200,5.298317367,,
6244,oa,g_627;em_12_65376;n_84891-n_84892;p_142;#=ew_69_183752;prefix=33001-;[0]=ew_0_396892,L1Y01M,L1,37.425,37.225,https://labbcat.canterbury.ac.nz/maonze/transcript?ag_id=627#ew_0_396892,0.2,200,5.298317367,,
8339,ua,g_1903;em_12_156488;n_5279676-n_5279689;p_333;#=ew_69_239909;prefix=85508-;[0]=ew_0_1186777,R012M,PresentElder,63.257,63.057,https://labbcat.canterbury.ac.nz/maonze/transcript?ag_id=1903#ew_0_1186777,0.2,200,5.298317367,,
8459,ua,g_1942;em_12_165593;n_6841822-n_6841832;p_41;#=ew_69_164820;prefix=15105-;[0]=ew_0_1295276,K007M,PresentElder,62.919,62.719,https://labbcat.canterbury.ac.nz/maonze/transcript?ag_id=1942#ew_0_1295276,0.2,200,5.298317367,,
8715,ua,g_330;em_12_33200;n_57465-n_57466;p_85;#=ew_69_185271;prefix=34397-;[0]=ew_0_220317,L1Y02M,L1,44.199,43.999,https://labbcat.canterbury.ac.nz/maonze/transcript?ag_id=330#ew_0_220317,0.2,200,5.298317367,,
9686,ua,g_665;em_12_70476;n_89270-n_89271;p_148;#=ew_69_207393;prefix=55488-;[0]=ew_0_421696,L2Y05M,L2,63.47,63.27,https://labbcat.canterbury.ac.nz/maonze/transcript?ag_id=665#ew_0_421696,0.2,200,5.298317367,,
34,ea,g_1012;em_12_95569;n_16780-n_108391;p_188;#=ew_69_230081;prefix=76676-;[0]=ew_0_625938,R007M,PresentElder,145.399,145.199,https://labbcat.canterbury.ac.nz/maonze/transcript?ag_id=1012#ew_0_625938,0.2,200,5.298317367,,
176,ea,g_1045;em_12_97434;n_109366-n_109367;p_193;#=ew_69_236386;prefix=82594-;[0]=ew_0_645856,R010M,PresentElder,75.826,75.626,https://labbcat.canterbury.ac.nz/maonze/transcript?ag_id=1045#ew_0_645856,0.2,200,5.298317367,,
216,ea,g_1073;em_12_99659;n_110872-n_110873;p_206;#=ew_69_245252;prefix=91573-;[0]=ew_0_661121,WU06M,Historical,76.063757,75.863757,https://labbcat.canterbury.ac.nz/maonze/transcript?ag_id=1073#ew_0_661121,0.2,200,5.298317367,,
381,ea,g_1213;em_12_109858;n_118569-n_118570;p_244;#=ew_69_245062;prefix=91024-;[0]=ew_0_731651,WU04M,Historical,177.636,177.436,https://labbcat.canterbury.ac.nz/maonze/transcript?ag_id=1213#ew_0_731651,0.2,200,5.298317367,,
413,ea,g_1236;em_12_111230;n_119194-n_119195;p_249;#=ew_69_180505;prefix=30041-;[0]=ew_0_743245,L1H06M,L1,179.599,179.399,https://labbcat.canterbury.ac.nz/maonze/transcript?ag_id=1236#ew_0_743245,0.2,200,5.298317367,,
438,ea,g_1242;em_12_111645;n_5825486-n_21860;p_249;#=ew_69_181334;prefix=30638-;[0]=ew_0_746616,L1H06M,L1,148.295,148.095,https://labbcat.canterbury.ac.nz/maonze/transcript?ag_id=1242#ew_0_746616,0.2,200,5.298317367,,
461,ea,g_130;em_12_8842;n_38323-n_38324;p_284;#=ew_69_209681;prefix=58050-;[0]=ew_0_85444,MU01M,Historical,171.547,171.347,https://labbcat.canterbury.ac.nz/maonze/transcript?ag_id=130#ew_0_85444,0.2,200,5.298317367,,
507,ea,g_1389;em_12_119080;n_124557-n_124558;p_262;#=ew_69_249136;prefix=94709-;[0]=ew_0_822967,WU08M,Historical,90.701,90.501,https://labbcat.canterbury.ac.nz/maonze/transcript?ag_id=1389#ew_0_822967,0.2,200,5.298317367,,
516,ea,g_1390;em_12_119125;n_124601-n_124602;p_262;#=ew_69_249460;prefix=94906-;[0]=ew_0_823672,WU08M,Historical,165.559,165.359,https://labbcat.canterbury.ac.nz/maonze/transcript?ag_id=1390#ew_0_823672,0.2,200,5.298317367,,
543,ea,g_1513;em_12_125606;n_129740-n_129741;p_276;#=ew_69_242019;prefix=88348-;[0]=ew_0_881796,WU03M,Historical,194.262,194.062,https://labbcat.canterbury.ac.nz/maonze/transcript?ag_id=1513#ew_0_881796,0.2,200,5.298317367,,
575,ea,g_1524;em_12_126152;n_130181-n_130182;p_287;#=ew_69_228664;prefix=75345-;[0]=ew_0_887513,R006M,PresentElder,102.439,102.239,https://labbcat.canterbury.ac.nz/maonze/transcript?ag_id=1524#ew_0_887513,0.2,200,5.298317367,,
598,ea,g_1527;em_12_126281;n_130295-n_130296;p_287;#=ew_69_229168;prefix=75881-;[0]=ew_0_889443,R006M,PresentElder,162.345,162.145,https://labbcat.canterbury.ac.nz/maonze/transcript?ag_id=1527#ew_0_889443,0.2,200,5.298317367,,
629,ea,g_1544;em_12_127224;n_130774-n_25770;p_291;#=ew_69_216597;prefix=63896-;[0]=ew_0_898725,MU09M,Historical,227.452,227.252,https://labbcat.canterbury.ac.nz/maonze/transcript?ag_id=1544#ew_0_898725,0.2,200,5.298317367,,
788,ea,g_1657;em_12_134435;n_136363-n_136364;p_300;#=ew_69_194766;prefix=43599-;[0]=ew_0_951218,L2H02M,L2,165.928,165.728,https://labbcat.canterbury.ac.nz/maonze/transcript?ag_id=1657#ew_0_951218,0.2,200,5.298317367,,
793,ea,g_1660;em_12_134559;n_136437-n_136438;p_302;#=ew_69_196945;prefix=45452-;[0]=ew_0_952169,L2H04M,L2,67.136,66.936,https://labbcat.canterbury.ac.nz/maonze/transcript?ag_id=1660#ew_0_952169,0.2,200,5.298317367,,
931,ea,g_1749;em_12_139834;n_140520-n_140521;p_318;#=ew_69_231303;prefix=77925-;[0]=ew_0_1002578,R008M,PresentElder,143.612,143.412,https://labbcat.canterbury.ac.nz/maonze/transcript?ag_id=1749#ew_0_1002578,0.2,200,5.298317367,,
933,ea,g_1750;em_12_139917;n_140592-n_140593;p_318;#=ew_69_231569;prefix=78070-;[0]=ew_0_1003014,R008M,PresentElder,175.284,175.084,https://labbcat.canterbury.ac.nz/maonze/transcript?ag_id=1750#ew_0_1003014,0.2,200,5.298317367,,
951,ea,g_1840;em_12_148980;n_3847453-n_3847471;p_49;#=ew_69_204602;prefix=52390-;[0]=ew_0_1100742,L2Y03M,L2,183.702,183.502,https://labbcat.canterbury.ac.nz/maonze/transcript?ag_id=1840#ew_0_1100742,0.2,200,5.298317367,,
985,ea,g_1845;em_12_149333;n_3852150-n_3852168;p_49;#=ew_69_205085;prefix=53129-;[0]=ew_0_1104731,L2Y03M,L2,314.835,314.635,https://labbcat.canterbury.ac.nz/maonze/transcript?ag_id=1845#ew_0_1104731,0.2,200,5.298317367,,
1013,ea,g_1848;em_12_149506;n_3854474-n_3854489;p_49;#=ew_69_205608;prefix=53509-;[0]=ew_0_1106706,L2Y03M,L2,278.365,278.165,https://labbcat.canterbury.ac.nz/maonze/transcript?ag_id=1848#ew_0_1106706,0.2,200,5.298317367,,
1036,ea,g_1882;em_12_154904;n_5258473-n_5258491;p_334;#=ew_69_236979;prefix=83188-;[0]=ew_0_1170028,R011M,PresentElder,306.02,305.82,https://labbcat.canterbury.ac.nz/maonze/transcript?ag_id=1882#ew_0_1170028,0.2,200,5.298317367,,
1149,ea,g_1922;em_12_162542;n_6278976-n_6278984;p_337;#=ew_69_216966;prefix=64275-;[0]=ew_0_1267677,MU11M,Historical,213.285,213.085,https://labbcat.canterbury.ac.nz/maonze/transcript?ag_id=1922#ew_0_1267677,0.2,200,5.298317367,,
1712,ea,g_480;em_12_49319;n_71217-n_71218;p_121;#=ew_69_168600;prefix=18199-;[0]=ew_0_308931,K009M,PresentElder,174.637,174.437,https://labbcat.canterbury.ac.nz/maonze/transcript?ag_id=480#ew_0_308931,0.2,200,5.298317367,,
1736,ea,g_489;em_12_50351;n_72011-n_72012;p_122;#=ew_69_170233;prefix=19554-;[0]=ew_0_314773,K010M,PresentElder,283.759,283.559,https://labbcat.canterbury.ac.nz/maonze/transcript?ag_id=489#ew_0_314773,0.2,200,5.298317367,,
1876,ea,g_60;em_12_158381;n_5388034-n_5388039;p_32;#=ew_69_159155;prefix=09857-;[0]=ew_0_1207924,K004M,PresentElder,129.238,129.038,https://labbcat.canterbury.ac.nz/maonze/transcript?ag_id=60#ew_0_1207924,0.2,200,5.298317367,,
1881,ea,g_601;em_12_64154;n_83750-n_83751;p_140;#=ew_69_190121;prefix=39009-;[0]=ew_0_383322,L1Y05M,L1,159.351,159.151,https://labbcat.canterbury.ac.nz/maonze/transcript?ag_id=601#ew_0_383322,0.2,200,5.298317367,,
1914,ea,g_61;em_12_4214;n_34533-n_34534;p_32;#=ew_69_159278;prefix=09978-;[0]=ew_0_41880,K004M,PresentElder,129.236,129.036,https://labbcat.canterbury.ac.nz/maonze/transcript?ag_id=61#ew_0_41880,0.2,200,5.298317367,,
1940,ea,g_615;em_12_161101;n_6053652-n_6053657;p_142;#=ew_69_182582;prefix=31652-;[0]=ew_0_1245103,L1Y01M,L1,133.17,132.97,https://labbcat.canterbury.ac.nz/maonze/transcript?ag_id=615#ew_0_1245103,0.2,200,5.298317367,,
2050,ea,g_633;em_12_66323;n_85766-n_29529;p_143;#=ew_69_203321;prefix=51949-;[0]=ew_0_403346,L2Y02M,L2,322.693,322.493,https://labbcat.canterbury.ac.nz/maonze/transcript?ag_id=633#ew_0_403346,0.2,200,5.298317367,,
2142,ea,g_668;em_12_70595;n_89384-n_89385;p_148;#=ew_69_208247;prefix=56136-;[0]=ew_0_423756,L2Y05M,L2,154.378,154.178,https://labbcat.canterbury.ac.nz/maonze/transcript?ag_id=668#ew_0_423756,0.2,200,5.298317367,,
2320,ea,g_864;em_12_86550;n_14779-n_101414;p_168;#=ew_69_173828;prefix=23139-;[0]=ew_0_549706,L1H02M,L1,248.075,247.875,https://labbcat.canterbury.ac.nz/maonze/transcript?ag_id=864#ew_0_549706,0.2,200,5.298317367,,
2378,ea,g_878;em_12_87501;n_102070-n_102071;p_169;#=ew_69_175024;prefix=24865-;[0]=ew_0_556324,L1H03M,L1,138.373,138.173,https://labbcat.canterbury.ac.nz/maonze/transcript?ag_id=878#ew_0_556324,0.2,200,5.298317367,,
2458,ea,g_9;em_12_651;n_31299-n_31300;p_28;#=ew_69_150670;prefix=00942-;[0]=ew_0_5880,K001M,PresentElder,315.183,314.983,https://labbcat.canterbury.ac.nz/maonze/transcript?ag_id=9#ew_0_5880,0.2,200,5.298317367,,
2555,ea,g_938;em_12_91155;n_104929-n_104930;p_179;#=ew_69_218858;prefix=66114-;[0]=ew_0_585400,R001M,PresentElder,152.981,152.781,https://labbcat.canterbury.ac.nz/maonze/transcript?ag_id=938#ew_0_585400,0.2,200,5.298317367,,
2605,ea,g_949;em_12_91727;n_105389-n_105390;p_181;#=ew_69_220486;prefix=67568-;[0]=ew_0_590604,R002M,PresentElder,102.091,101.891,https://labbcat.canterbury.ac.nz/maonze/transcript?ag_id=949#ew_0_590604,0.2,200,5.298317367,,
2621,ea,g_951;em_12_163291;n_6522066-n_6522070;p_181;#=ew_69_220341;prefix=67982-;[0]=ew_0_1278464,R002M,PresentElder,217.702,217.502,https://labbcat.canterbury.ac.nz/maonze/transcript?ag_id=951#ew_0_1278464,0.2,200,5.298317367,,
2644,ea,g_958;em_12_92139;n_105734-n_105735;p_183;#=ew_69_221628;prefix=68760-;[0]=ew_0_595505,R003M,PresentElder,160.719,160.519,https://labbcat.canterbury.ac.nz/maonze/transcript?ag_id=958#ew_0_595505,0.2,200,5.298317367,,
2660,ea,g_962;em_12_163474;n_6578869-n_6578873;p_183;#=ew_69_222510;prefix=69468-;[0]=ew_0_1279905,R003M,PresentElder,168.304,168.104,https://labbcat.canterbury.ac.nz/maonze/transcript?ag_id=962#ew_0_1279905,0.2,200,5.298317367,,
2676,ea,g_967;em_12_92735;n_106154-n_106155;p_183;#=ew_69_223030;prefix=70128-;[0]=ew_0_600943,R003M,PresentElder,184.271,184.071,https://labbcat.canterbury.ac.nz/maonze/transcript?ag_id=967#ew_0_600943,0.2,200,5.298317367,,
2705,ea,g_971;em_12_92934;n_106310-n_106311;p_184;#=ew_69_223566;prefix=70569-;[0]=ew_0_602528,R004M,PresentElder,98.243,98.043,https://labbcat.canterbury.ac.nz/maonze/transcript?ag_id=971#ew_0_602528,0.2,200,5.298317367,,
2779,ea,g_982;em_12_163523;n_6611747-n_6611753;p_184;#=ew_69_225338;prefix=72194-;[0]=ew_0_1280743,R004M,PresentElder,99.737,99.537,https://labbcat.canterbury.ac.nz/maonze/transcript?ag_id=982#ew_0_1280743,0.2,200,5.298317367,,
2945,ia,g_1029;em_12_96391;n_17233-n_17234;p_190;#=ew_69_233690;prefix=79959-;[0]=ew_0_634805,R009M,PresentElder,162.607,162.407,https://labbcat.canterbury.ac.nz/maonze/transcript?ag_id=1029#ew_0_634805,0.2,200,5.298317367,,
3107,ia,g_1086;em_12_100421;n_111522-n_111523;p_208;#=ew_69_247467;prefix=93268-;[0]=ew_0_667990,WU07M,Historical,184.249,184.049,https://labbcat.canterbury.ac.nz/maonze/transcript?ag_id=1086#ew_0_667990,0.2,200,5.298317367,,
3142,ia,g_1130;em_12_105060;n_114608-n_30028;p_287;#=ew_69_227469;prefix=74452-;[0]=ew_0_692176,R006M,PresentElder,258.397,258.197,https://labbcat.canterbury.ac.nz/maonze/transcript?ag_id=1130#ew_0_692176,0.2,200,5.298317367,,
3272,ia,g_134;em_12_9143;n_38620-n_38621;p_284;#=ew_69_209670;prefix=57441-;[0]=ew_0_88373,MU01M,Historical,357.158,356.958,https://labbcat.canterbury.ac.nz/maonze/transcript?ag_id=134#ew_0_88373,0.2,200,5.298317367,,
3288,ia,g_138;em_12_9623;n_39095-n_39096;p_284;#=ew_69_209961;prefix=57742-;[0]=ew_0_92704,MU01M,Historical,67.228,67.028,https://labbcat.canterbury.ac.nz/maonze/transcript?ag_id=138#ew_0_92704,0.2,200,5.298317367,,
3349,ia,g_1515;em_12_125678;n_129790-n_129791;p_276;#=ew_69_242092;prefix=88117-;[0]=ew_0_882421,WU03M,Historical,75.862,75.662,https://labbcat.canterbury.ac.nz/maonze/transcript?ag_id=1515#ew_0_882421,0.2,200,5.298317367,,
3863,ia,g_307;em_12_30002;n_54796-n_54797;p_81;#=ew_69_186688;prefix=35530-;[0]=ew_0_207331,L1Y03M,L1,298.623,298.423,https://labbcat.canterbury.ac.nz/maonze/transcript?ag_id=307#ew_0_207331,0.2,200,5.298317367,,
4007,ia,g_383;em_12_38666;n_62464-n_62465;p_95;#=ew_69_215241;prefix=62325-;[0]=ew_0_246903,MU06M,Historical,314.166,313.966,https://labbcat.canterbury.ac.nz/maonze/transcript?ag_id=383#ew_0_246903,0.2,200,5.298317367,,
4245,ia,g_55;em_12_161979;n_6214576-n_6214577;p_32;#=ew_69_158923;prefix=08723-;[0]=ew_0_1260006,K004M,PresentElder,269.424,269.224,https://labbcat.canterbury.ac.nz/maonze/transcript?ag_id=55#ew_0_1260006,0.2,200,5.298317367,,
4671,ia,g_904;em_12_88997;n_103159-n_103160;p_174;#=ew_69_178382;prefix=27526-;[0]=ew_0_568738,L1H05M,L1,147.19,146.99,https://labbcat.canterbury.ac.nz/maonze/transcript?ag_id=904#ew_0_568738,0.2,200,5.298317367,,
4730,ia,g_935;em_12_90889;n_104685-n_104686;p_179;#=ew_69_218547;prefix=65575-;[0]=ew_0_583512,R001M,PresentElder,160.022,159.822,https://labbcat.canterbury.ac.nz/maonze/transcript?ag_id=935#ew_0_583512,0.2,200,5.298317367,,
4744,ia,g_938;em_12_91149;n_104923-n_104924;p_179;#=ew_69_218825;prefix=66099-;[0]=ew_0_585355,R001M,PresentElder,132.523,132.323,https://labbcat.canterbury.ac.nz/maonze/transcript?ag_id=938#ew_0_585355,0.2,200,5.298317367,,
4831,ia,g_970;em_12_92913;n_106290-n_29866;p_184;#=ew_69_223486;prefix=70492-;[0]=ew_0_602324,R004M,PresentElder,251.976,251.776,https://labbcat.canterbury.ac.nz/maonze/transcript?ag_id=970#ew_0_602324,0.2,200,5.298317367,,
4902,ia,g_989;em_12_150935;n_4619435-n_4619437;p_182;#=ew_69_225887;prefix=73330-;[0]=ew_0_1128000,R005M,PresentElder,164.69,164.49,https://labbcat.canterbury.ac.nz/maonze/transcript?ag_id=989#ew_0_1128000,0.2,200,5.298317367,,
5176,oa,g_1200;em_12_108704;n_117508-n_117509;p_244;#=ew_69_243268;prefix=89198-;[0]=ew_0_724627,WU04M,Historical,252.089,251.889,https://labbcat.canterbury.ac.nz/maonze/transcript?ag_id=1200#ew_0_724627,0.2,200,5.298317367,,
5260,oa,g_1383;em_12_118881;n_124381-n_124382;p_262;#=ew_69_248387;prefix=93963-;[0]=ew_0_820171,WU08M,Historical,112.871,112.671,https://labbcat.canterbury.ac.nz/maonze/transcript?ag_id=1383#ew_0_820171,0.2,200,5.298317367,,
5305,oa,g_1513;em_12_125602;n_25197-n_129739;p_276;#=ew_69_241999;prefix=88332-;[0]=ew_0_881744,WU03M,Historical,167.119,166.919,https://labbcat.canterbury.ac.nz/maonze/transcript?ag_id=1513#ew_0_881744,0.2,200,5.298317367,,
5322,oa,g_1521;em_12_126026;n_130070-n_130071;p_284;#=ew_69_210645;prefix=58461-;[0]=ew_0_885743,MU01M,Historical,143.893,143.693,https://labbcat.canterbury.ac.nz/maonze/transcript?ag_id=1521#ew_0_885743,0.2,200,5.298317367,,
5367,oa,g_1528;em_12_126341;n_130354-n_130355;p_287;#=ew_69_229497;prefix=76161-;[0]=ew_0_890406,R006M,PresentElder,286.413,286.213,https://labbcat.canterbury.ac.nz/maonze/transcript?ag_id=1528#ew_0_890406,0.2,200,5.298317367,,
5386,oa,g_1618;em_12_131817;n_134294-n_134295;p_299;#=ew_69_192351;prefix=40686-;[0]=ew_0_933512,L2H01M,L2,196.256,196.056,https://labbcat.canterbury.ac.nz/maonze/transcript?ag_id=1618#ew_0_933512,0.2,200,5.298317367,,
5403,oa,g_1623;em_12_132189;n_134587-n_26878;p_299;#=ew_69_192577;prefix=41219-;[0]=ew_0_936130,L2H01M,L2,169.659,169.459,https://labbcat.canterbury.ac.nz/maonze/transcript?ag_id=1623#ew_0_936130,0.2,200,5.298317367,,
5411,oa,g_1626;em_12_132404;n_6993354-n_134733;p_299;#=ew_69_192862;prefix=41567-;[0]=ew_0_937634,L2H01M,L2,183.628,183.428,https://labbcat.canterbury.ac.nz/maonze/transcript?ag_id=1626#ew_0_937634,0.2,200,5.298317367,,
5436,oa,g_1646;em_12_133536;n_135721-n_135722;p_300;#=ew_69_194102;prefix=42145-;[0]=ew_0_945352,L2H02M,L2,207.976,207.776,https://labbcat.canterbury.ac.nz/maonze/transcript?ag_id=1646#ew_0_945352,0.2,200,5.298317367,,
5591,oa,g_1843;em_12_149214;n_3850483-n_3850496;p_49;#=ew_69_204508;prefix=52875-;[0]=ew_0_1103304,L2Y03M,L2,250.856,250.656,https://labbcat.canterbury.ac.nz/maonze/transcript?ag_id=1843#ew_0_1103304,0.2,200,5.298317367,,
5690,oa,g_1902;em_12_156421;n_5279362-n_5279377;p_333;#=ew_69_239581;prefix=85361-;[0]=ew_0_1186654,R012M,PresentElder,227.617,227.417,https://labbcat.canterbury.ac.nz/maonze/transcript?ag_id=1902#ew_0_1186654,0.2,200,5.298317367,,
5857,oa,g_318;em_12_149600;n_3956208-n_3956210;p_89;#=ew_69_187943;prefix=36890-;[0]=ew_0_1109875,L1Y04M,L1,187.643,187.443,https://labbcat.canterbury.ac.nz/maonze/transcript?ag_id=318#ew_0_1109875,0.2,200,5.298317367,,
5868,oa,g_319;em_12_31223;n_55832-n_55834;p_89;#=ew_69_187986;prefix=37033-;[0]=ew_0_213941,L1Y04M,L1,179.434,179.234,https://labbcat.canterbury.ac.nz/maonze/transcript?ag_id=319#ew_0_213941,0.2,200,5.298317367,,
5911,oa,g_334;em_12_161024;n_6031597-n_6031600;p_85;#=ew_69_185029;prefix=34216-;[0]=ew_0_1242939,L1Y02M,L1,85.374,85.174,https://labbcat.canterbury.ac.nz/maonze/transcript?ag_id=334#ew_0_1242939,0.2,200,5.298317367,,
5913,oa,g_336;em_12_33356;n_57587-n_57588;p_85;#=ew_69_184415;prefix=33562-;[0]=ew_0_222326,L1Y02M,L1,150.926,150.726,https://labbcat.canterbury.ac.nz/maonze/transcript?ag_id=336#ew_0_222326,0.2,200,5.298317367,,
5936,oa,g_351;em_12_33863;n_57987-n_57988;p_87;#=ew_69_211031;prefix=59572-;[0]=ew_0_227930,MU03M,Historical,133.134,132.934,https://labbcat.canterbury.ac.nz/maonze/transcript?ag_id=351#ew_0_227930,0.2,200,5.298317367,,
6140,oa,g_51;em_12_3720;n_34054-n_34055;p_32;#=ew_69_157507;prefix=07977-;[0]=ew_0_34049,K004M,PresentElder,251.545,251.345,https://labbcat.canterbury.ac.nz/maonze/transcript?ag_id=51#ew_0_34049,0.2,200,5.298317367,,
6184,oa,g_602;em_12_64236;n_83831-n_83832;p_140;#=ew_69_190334;prefix=39262-;[0]=ew_0_384274,L1Y05M,L1,288.039,287.839,https://labbcat.canterbury.ac.nz/maonze/transcript?ag_id=602#ew_0_384274,0.2,200,5.298317367,,
6194,oa,g_605;em_12_64416;n_84002-n_84003;p_140;#=ew_69_191022;prefix=39959-;[0]=ew_0_386538,L1Y05M,L1,285.977,285.777,https://labbcat.canterbury.ac.nz/maonze/transcript?ag_id=605#ew_0_386538,0.2,200,5.298317367,,
6296,oa,g_641;em_12_66972;n_86227-n_86228;p_145;#=ew_69_201871;prefix=49997-;[0]=ew_0_409247,L2Y01M,L2,363.842,363.642,https://labbcat.canterbury.ac.nz/maonze/transcript?ag_id=641#ew_0_409247,0.2,200,5.298317367,,
6308,oa,g_656;em_12_69187;n_10987-n_88144;p_146;#=ew_69_206743;prefix=54456-;[0]=ew_0_417194,L2Y04M,L2,176.468,176.268,https://labbcat.canterbury.ac.nz/maonze/transcript?ag_id=656#ew_0_417194,0.2,200,5.298317367,,
6431,oa,g_873;em_12_87201;n_101864-n_101865;p_168;#=ew_69_174276;prefix=24410-;[0]=ew_0_554556,L1H02M,L1,77.832,77.632,https://labbcat.canterbury.ac.nz/maonze/transcript?ag_id=873#ew_0_554556,0.2,200,5.298317367,,
6461,oa,g_890;em_12_159909;n_5773648-n_5773657;p_174;#=ew_69_179133;prefix=29013-;[0]=ew_0_1224541,L1H05M,L1,178.678,178.478,https://labbcat.canterbury.ac.nz/maonze/transcript?ag_id=890#ew_0_1224541,0.2,200,5.298317367,,
6543,oa,g_937;em_12_91039;n_104824-n_104825;p_179;#=ew_69_218598;prefix=65883-;[0]=ew_0_584550,R001M,PresentElder,73.728,73.528,https://labbcat.canterbury.ac.nz/maonze/transcript?ag_id=937#ew_0_584550,0.2,200,5.298317367,,
6603,oa,g_967;em_12_92727;n_106146-n_106147;p_183;#=ew_69_222986;prefix=70107-;[0]=ew_0_600850,R003M,PresentElder,146.338,146.138,https://labbcat.canterbury.ac.nz/maonze/transcript?ag_id=967#ew_0_600850,0.2,200,5.298317367,,
6670,oa,g_994;em_12_94249;n_107276-n_107277;p_182;#=ew_69_227114;prefix=73989-;[0]=ew_0_614624,R005M,PresentElder,177.88,177.68,https://labbcat.canterbury.ac.nz/maonze/transcript?ag_id=994#ew_0_614624,0.2,200,5.298317367,,
6814,ua,g_1026;em_12_96255;n_108672-n_17182;p_190;#=ew_69_232640;prefix=79497-;[0]=ew_0_632972,R009M,PresentElder,213.405,213.205,https://labbcat.canterbury.ac.nz/maonze/transcript?ag_id=1026#ew_0_632972,0.2,200,5.298317367,,
7262,ua,g_117;em_12_8502;n_38059-n_38060;p_43;#=ew_69_211599;prefix=58712-;[0]=ew_0_1113653,MU02M,Historical,155.468,155.268,https://labbcat.canterbury.ac.nz/maonze/transcript?ag_id=117#ew_0_1113653,0.2,200,5.298317367,,
7439,ua,g_134;em_12_9161;n_38638-n_38639;p_284;#=ew_69_209798;prefix=57485-;[0]=ew_0_1114952,MU01M,Historical,440.926,440.726,https://labbcat.canterbury.ac.nz/maonze/transcript?ag_id=134#ew_0_1114952,0.2,200,5.298317367,,
7671,ua,g_1528;em_12_126341;n_130354-n_130355;p_287;#=ew_69_229490;prefix=76154-;[0]=ew_0_890393,R006M,PresentElder,281.033,280.833,https://labbcat.canterbury.ac.nz/maonze/transcript?ag_id=1528#ew_0_890393,0.2,200,5.298317367,,
7703,ua,g_1543;em_12_127160;n_130739-n_130740;p_291;#=ew_69_216434;prefix=63828-;[0]=ew_0_898042,MU09M,Historical,240.42,240.22,https://labbcat.canterbury.ac.nz/maonze/transcript?ag_id=1543#ew_0_898042,0.2,200,5.298317367,,
7764,ua,g_1623;em_12_132203;n_134597-n_134598;p_299;#=ew_69_192599;prefix=41240-;[0]=ew_0_936231,L2H01M,L2,216.183,215.983,https://labbcat.canterbury.ac.nz/maonze/transcript?ag_id=1623#ew_0_936231,0.2,200,5.298317367,,
7772,ua,g_1624;em_12_132260;n_134634-n_134635;p_299;#=ew_69_193126;prefix=41349-;[0]=ew_0_936656,L2H01M,L2,170.26,170.06,https://labbcat.canterbury.ac.nz/maonze/transcript?ag_id=1624#ew_0_936656,0.2,200,5.298317367,,
7863,ua,g_1642;em_12_133306;n_135515-n_135516;p_288;#=ew_69_196451;prefix=45064-;[0]=ew_0_943539,L2H03M,L2,137,136.8,https://labbcat.canterbury.ac.nz/maonze/transcript?ag_id=1642#ew_0_943539,0.2,200,5.298317367,,
8060,ua,g_1678;em_12_135426;n_27559-n_27560;p_307;#=ew_69_200132;prefix=48335-;[0]=ew_0_961328,L2H05M,L2,163.2,163,https://labbcat.canterbury.ac.nz/maonze/transcript?ag_id=1678#ew_0_961328,0.2,200,5.298317367,,
8132,ua,g_1750;em_12_139910;n_140587-n_28530;p_318;#=ew_69_231543;prefix=78047-;[0]=ew_0_1002964,R008M,PresentElder,150.397,150.197,https://labbcat.canterbury.ac.nz/maonze/transcript?ag_id=1750#ew_0_1002964,0.2,200,5.298317367,,
8156,ua,g_1755;em_12_140304;n_140919-n_140920;p_318;#=ew_69_232107;prefix=78618-;[0]=ew_0_1005008,R008M,PresentElder,196.408,196.208,https://labbcat.canterbury.ac.nz/maonze/transcript?ag_id=1755#ew_0_1005008,0.2,200,5.298317367,,
8243,ua,g_1883;em_12_155049;n_5259297-n_5259306;p_334;#=ew_69_237100;prefix=83372-;[0]=ew_0_1170805,R011M,PresentElder,246.052,245.852,https://labbcat.canterbury.ac.nz/maonze/transcript?ag_id=1883#ew_0_1170805,0.2,200,5.298317367,,
8371,ua,g_1908;em_12_156775;n_5284914-n_5284936;p_333;#=ew_69_241284;prefix=86282-;[0]=ew_0_1191502,R012M,PresentElder,299.53,299.33,https://labbcat.canterbury.ac.nz/maonze/transcript?ag_id=1908#ew_0_1191502,0.2,200,5.298317367,,
8482,ua,g_1944;em_12_165813;n_6847282-n_6847290;p_28;#=ew_69_150312;prefix=01438-;[0]=ew_0_1296995,K001M,PresentElder,197.688,197.488,https://labbcat.canterbury.ac.nz/maonze/transcript?ag_id=1944#ew_0_1296995,0.2,200,5.298317367,,
8583,ua,g_306;em_12_160889;n_6000495-n_6000145;p_81;#=ew_69_186336;prefix=35277-;[0]=ew_0_1239470,L1Y03M,L1,215.777,215.577,https://labbcat.canterbury.ac.nz/maonze/transcript?ag_id=306#ew_0_1239470,0.2,200,5.298317367,,
8756,ua,g_338;em_12_33414;n_57637-n_57638;p_85;#=ew_69_185213;prefix=34375-;[0]=ew_0_223117,L1Y02M,L1,148.868,148.668,https://labbcat.canterbury.ac.nz/maonze/transcript?ag_id=338#ew_0_223117,0.2,200,5.298317367,,
8842,ua,g_367;em_12_150190;n_59414-n_4458991;p_92;#=ew_69_212525;prefix=60350-;[0]=ew_0_1123912,MU04M,Historical,220.188,219.988,https://labbcat.canterbury.ac.nz/maonze/transcript?ag_id=367#ew_0_1123912,0.2,200,5.298317367,,
9123,ua,g_484;em_12_49721;n_71541-n_71542;p_121;#=ew_69_169166;prefix=19002-;[0]=ew_0_311714,K009M,PresentElder,233.643,233.443,https://labbcat.canterbury.ac.nz/maonze/transcript?ag_id=484#ew_0_311714,0.2,200,5.298317367,,
9612,ua,g_641;em_12_66961;n_10689-n_86219;p_145;#=ew_69_201813;prefix=49966-;[0]=ew_0_409093,L2Y01M,L2,297.116,296.916,https://labbcat.canterbury.ac.nz/maonze/transcript?ag_id=641#ew_0_409093,0.2,200,5.298317367,,
9636,ua,g_649;em_12_67459;n_86635-n_86636;p_146;#=ew_69_205700;prefix=53720-;[0]=ew_0_413270,L2Y04M,L2,144.439,144.239,https://labbcat.canterbury.ac.nz/maonze/transcript?ag_id=649#ew_0_413270,0.2,200,5.298317367,,
9658,ua,g_657;em_12_69492;n_88382-n_88383;p_146;#=ew_69_206909;prefix=54589-;[0]=ew_0_417906,L2Y04M,L2,223.547,223.347,https://labbcat.canterbury.ac.nz/maonze/transcript?ag_id=657#ew_0_417906,0.2,200,5.298317367,,
9666,ua,g_663;em_12_70412;n_89208-n_89209;p_148;#=ew_69_207537;prefix=55184-;[0]=ew_0_420625,L2Y05M,L2,185.923,185.723,https://labbcat.canterbury.ac.nz/maonze/transcript?ag_id=663#ew_0_420625,0.2,200,5.298317367,,
9801,ua,g_83;em_12_5686;n_35740-n_35741;p_37;#=ew_69_160619;prefix=11052-;[0]=ew_0_1093441,K005M,PresentElder,290.191,289.991,https://labbcat.canterbury.ac.nz/maonze/transcript?ag_id=83#ew_0_1093441,0.2,200,5.298317367,,
9819,ua,g_848;em_12_85421;n_100438-n_100439;p_167;#=ew_69_170990;prefix=20730-;[0]=ew_0_540628,L1H01M,L1,231.021,230.821,https://labbcat.canterbury.ac.nz/maonze/transcript?ag_id=848#ew_0_540628,0.2,200,5.298317367,,
10427,ua,g_949;em_12_91753;n_105414-n_105416;p_181;#=ew_69_220697;prefix=67689-;[0]=ew_0_1278384,R002M,PresentElder,265.044,264.844,https://labbcat.canterbury.ac.nz/maonze/transcript?ag_id=949#ew_0_1278384,0.2,200,5.298317367,,
10429,ua,g_950;em_12_91778;n_105433-n_105434;p_181;#=ew_69_220328;prefix=67782-;[0]=ew_0_591351,R002M,PresentElder,105.728,105.528,https://labbcat.canterbury.ac.nz/maonze/transcript?ag_id=950#ew_0_591351,0.2,200,5.298317367,,
10536,ua,g_970;em_12_92896;n_106273-n_106274;p_184;#=ew_69_223427;prefix=70441-;[0]=ew_0_602163,R004M,PresentElder,178.393,178.193,https://labbcat.canterbury.ac.nz/maonze/transcript?ag_id=970#ew_0_602163,0.2,200,5.298317367,,
10537,ua,g_970;em_12_92897;n_106274-n_106275;p_184;#=ew_69_223428;prefix=70442-;[0]=ew_0_602166,R004M,PresentElder,181.426,181.226,https://labbcat.canterbury.ac.nz/maonze/transcript?ag_id=970#ew_0_602166,0.2,200,5.298317367,,
10664,ua,g_99;em_12_162779;n_6281821-n_6281981;p_41;#=ew_69_163688;prefix=13130-;[0]=ew_0_1270013,K007M,PresentElder,216.789,216.589,https://labbcat.canterbury.ac.nz/maonze/transcript?ag_id=99#ew_0_1270013,0.2,200,5.298317367,,
10681,ua,g_990;em_12_94072;n_107127-n_107128;p_182;#=ew_69_226957;prefix=73483-;[0]=ew_0_612468,R005M,PresentElder,164.077,163.877,https://labbcat.canterbury.ac.nz/maonze/transcript?ag_id=990#ew_0_612468,0.2,200,5.298317367,,
10682,ua,g_990;em_12_94074;n_107129-n_107130;p_182;#=ew_69_226986;prefix=73493-;[0]=ew_0_612495,R005M,PresentElder,182.773,182.573,https://labbcat.canterbury.ac.nz/maonze/transcript?ag_id=990#ew_0_612495,0.2,200,5.298317367,,
456,ea,g_13;em_12_1068;n_31703-n_31704;p_19;#=ew_69_152899;prefix=03525-;[0]=ew_0_9280,K002M,PresentElder,340.708,340.518,https://labbcat.canterbury.ac.nz/maonze/transcript?ag_id=13#ew_0_9280,0.19,190,5.247024072,,
1655,ea,g_464;em_12_47820;n_69882-n_69883;p_120;#=ew_69_165896;prefix=15607-;[0]=ew_0_299249,K008M,PresentElder,174.217,174.027,https://labbcat.canterbury.ac.nz/maonze/transcript?ag_id=464#ew_0_299249,0.19,190,5.247024072,,
2465,ea,g_900;em_12_88780;n_102994-n_102995;p_173;#=ew_69_177732;prefix=27127-;[0]=ew_0_566687,L1H04M,L1,138.824,138.634,https://labbcat.canterbury.ac.nz/maonze/transcript?ag_id=900#ew_0_566687,0.19,190,5.247024072,,
2500,ea,g_909;em_12_89245;n_103281-n_103282;p_173;#=ew_69_176394;prefix=26383-;[0]=ew_0_571411,L1H04M,L1,184.354,184.164,https://labbcat.canterbury.ac.nz/maonze/transcript?ag_id=909#ew_0_571411,0.19,190,5.247024072,,
2887,ia,g_1016;em_12_163671;n_6670665-n_6670670;p_188;#=ew_69_230625;prefix=77061-;[0]=ew_0_1282173,R007M,PresentElder,250.616,250.426,https://labbcat.canterbury.ac.nz/maonze/transcript?ag_id=1016#ew_0_1282173,0.19,190,5.247024072,,
3529,ia,g_1666;em_12_134835;n_6399012-n_136659;p_302;#=ew_69_197895;prefix=46353-;[0]=ew_0_955398,L2H04M,L2,155.568,155.378,https://labbcat.canterbury.ac.nz/maonze/transcript?ag_id=1666#ew_0_955398,0.19,190,5.247024072,,
3891,ia,g_320;em_12_31453;n_56044-n_56045;p_89;#=ew_69_188322;prefix=37177-;[0]=ew_0_214705,L1Y04M,L1,202.193,202.003,https://labbcat.canterbury.ac.nz/maonze/transcript?ag_id=320#ew_0_214705,0.19,190,5.247024072,,
4598,ia,g_884;em_12_87923;n_15221-n_102318;p_169;#=ew_69_175657;prefix=25367-;[0]=ew_0_558871,L1H03M,L1,144.717,144.527,https://labbcat.canterbury.ac.nz/maonze/transcript?ag_id=884#ew_0_558871,0.19,190,5.247024072,,
4857,ia,g_978;em_12_93526;n_106701-n_106702;p_184;#=ew_69_225147;prefix=71764-;[0]=ew_0_606761,R004M,PresentElder,172.836,172.646,https://labbcat.canterbury.ac.nz/maonze/transcript?ag_id=978#ew_0_606761,0.19,190,5.247024072,,
4872,ia,g_984;em_12_93830;n_106921-n_106922;p_182;#=ew_69_225650;prefix=72556-;[0]=ew_0_609530,R005M,PresentElder,246.122,245.932,https://labbcat.canterbury.ac.nz/maonze/transcript?ag_id=984#ew_0_609530,0.19,190,5.247024072,,
5034,oa,g_1036;em_12_96682;n_17304-n_108971;p_193;#=ew_69_235014;prefix=81182-;[0]=ew_0_639177,R010M,PresentElder,133.616,133.426,https://labbcat.canterbury.ac.nz/maonze/transcript?ag_id=1036#ew_0_639177,0.19,190,5.247024072,,
5685,oa,g_1901;em_12_156374;n_5278132-n_5278144;p_333;#=ew_69_239161;prefix=85181-;[0]=ew_0_1185541,R012M,PresentElder,150.693,150.503,https://labbcat.canterbury.ac.nz/maonze/transcript?ag_id=1901#ew_0_1185541,0.19,190,5.247024072,,
6512,oa,g_911;em_12_89314;n_103309-n_103310;p_173;#=ew_69_176740;prefix=26145-;[0]=ew_0_572404,L1H04M,L1,185.854,185.664,https://labbcat.canterbury.ac.nz/maonze/transcript?ag_id=911#ew_0_572404,0.19,190,5.247024072,,
7217,ua,g_1130;em_12_105057;n_114605-n_114606;p_287;#=ew_69_227458;prefix=74441-;[0]=ew_0_692122,R006M,PresentElder,233.092,232.902,https://labbcat.canterbury.ac.nz/maonze/transcript?ag_id=1130#ew_0_692122,0.19,190,5.247024072,,
7473,ua,g_1372;em_12_118280;n_123827-n_123828;p_287;#=ew_69_227950;prefix=74809-;[0]=ew_0_814472,R006M,PresentElder,225.354,225.164,https://labbcat.canterbury.ac.nz/maonze/transcript?ag_id=1372#ew_0_814472,0.19,190,5.247024072,,
9089,ua,g_477;em_12_49169;n_71087-n_71088;p_121;#=ew_69_167750;prefix=17769-;[0]=ew_0_307114,K009M,PresentElder,216.211,216.021,https://labbcat.canterbury.ac.nz/maonze/transcript?ag_id=477#ew_0_307114,0.19,190,5.247024072,,
9319,ua,g_603;em_12_64269;n_83863-n_83864;p_140;#=ew_69_190739;prefix=39420-;[0]=ew_0_384744,L1Y05M,L1,163.092,162.902,https://labbcat.canterbury.ac.nz/maonze/transcript?ag_id=603#ew_0_384744,0.19,190,5.247024072,,
437,ea,g_1242;em_12_111627;n_21842-n_6973646;p_249;#=ew_69_181252;prefix=30612-;[0]=ew_0_746452,L1H06M,L1,74.665,74.475,https://labbcat.canterbury.ac.nz/maonze/transcript?ag_id=1242#ew_0_746452,0.19,190,5.247024072,,
1464,ea,g_336;em_12_33342;n_57575-n_57576;p_85;#=ew_69_184348;prefix=33519-;[0]=ew_0_222139,L1Y02M,L1,80.915,80.725,https://labbcat.canterbury.ac.nz/maonze/transcript?ag_id=336#ew_0_222139,0.19,190,5.247024072,,
1571,ea,g_4;em_12_133;n_30804-n_30805;p_28;#=ew_69_150812;prefix=02010-;[0]=ew_0_1918,K001M,PresentElder,73.302,73.112,https://labbcat.canterbury.ac.nz/maonze/transcript?ag_id=4#ew_0_1918,0.19,190,5.247024072,,
2253,ea,g_853;em_12_85709;n_100715-n_100716;p_167;#=ew_69_171540;prefix=21342-;[0]=ew_0_543133,L1H01M,L1,67.034,66.844,https://labbcat.canterbury.ac.nz/maonze/transcript?ag_id=853#ew_0_543133,0.19,190,5.247024072,,
2365,ea,g_87;em_12_5856;n_35900-n_35901;p_37;#=ew_69_161020;prefix=11534-;[0]=ew_0_59900,K005M,PresentElder,114.275,114.085,https://labbcat.canterbury.ac.nz/maonze/transcript?ag_id=87#ew_0_59900,0.19,190,5.247024072,,
3145,ia,g_115;em_12_8232;n_37791-n_37792;p_43;#=ew_69_211187;prefix=59374-;[0]=ew_0_79804,MU02M,Historical,73.418,73.228,https://labbcat.canterbury.ac.nz/maonze/transcript?ag_id=115#ew_0_79804,0.19,190,5.247024072,,
3244,ia,g_1227;em_12_110660;n_119136-n_119137;p_249;#=ew_69_180248;prefix=29202-;[0]=ew_0_738438,L1H06M,L1,124.019,123.829,https://labbcat.canterbury.ac.nz/maonze/transcript?ag_id=1227#ew_0_738438,0.19,190,5.247024072,,
3334,ia,g_1396;em_12_119314;n_124769-n_124770;p_262;#=ew_69_249899;prefix=95620-;[0]=ew_0_826479,WU08M,Historical,123.382,123.192,https://labbcat.canterbury.ac.nz/maonze/transcript?ag_id=1396#ew_0_826479,0.19,190,5.247024072,,
3517,ia,g_1662;em_12_134635;n_136485-n_27426;p_302;#=ew_69_197085;prefix=45747-;[0]=ew_0_953221,L2H04M,L2,119.555,119.365,https://labbcat.canterbury.ac.nz/maonze/transcript?ag_id=1662#ew_0_953221,0.19,190,5.247024072,,
5139,oa,g_109;em_12_7502;n_37291-n_37292;p_41;#=ew_69_165172;prefix=15194-;[0]=ew_0_75316,K007M,PresentElder,86.028,85.838,https://labbcat.canterbury.ac.nz/maonze/transcript?ag_id=109#ew_0_75316,0.19,190,5.247024072,,
5486,oa,g_1666;em_12_163183;n_6398952-n_6398957;p_302;#=ew_69_197850;prefix=46315-;[0]=ew_0_1276648,L2H04M,L2,89.165,88.975,https://labbcat.canterbury.ac.nz/maonze/transcript?ag_id=1666#ew_0_1276648,0.19,190,5.247024072,,
6072,oa,g_474;em_12_48994;n_70927-n_70928;p_121;#=ew_69_167019;prefix=16983-;[0]=ew_0_304735,K009M,PresentElder,88.68,88.49,https://labbcat.canterbury.ac.nz/maonze/transcript?ag_id=474#ew_0_304735,0.19,190,5.247024072,,
6390,oa,g_859;em_12_86195;n_101169-n_101170;p_167;#=ew_69_172483;prefix=22333-;[0]=ew_0_546774,L1H01M,L1,68.144,67.954,https://labbcat.canterbury.ac.nz/maonze/transcript?ag_id=859#ew_0_546774,0.19,190,5.247024072,,
7134,ua,g_1083;em_12_100204;n_111330-n_111331;p_208;#=ew_69_246969;prefix=92798-;[0]=ew_0_666059,WU07M,Historical,66.531,66.341,https://labbcat.canterbury.ac.nz/maonze/transcript?ag_id=1083#ew_0_666059,0.19,190,5.247024072,,
7508,ua,g_1387;em_12_119005;n_124491-n_124492;p_262;#=ew_69_248749;prefix=94418-;[0]=ew_0_821926,WU08M,Historical,79.555,79.365,https://labbcat.canterbury.ac.nz/maonze/transcript?ag_id=1387#ew_0_821926,0.19,190,5.247024072,,
8835,ua,g_366;em_12_35405;n_4458660-n_59243;p_92;#=ew_69_212285;prefix=60128-;[0]=ew_0_1123998,MU04M,Historical,65.18,64.99,https://labbcat.canterbury.ac.nz/maonze/transcript?ag_id=366#ew_0_1123998,0.19,190,5.247024072,,
9483,ua,g_626;em_12_65348;n_84867-n_84868;p_142;#=ew_69_183710;prefix=32912-;[0]=ew_0_396516,L1Y01M,L1,82.04,81.85,https://labbcat.canterbury.ac.nz/maonze/transcript?ag_id=626#ew_0_396516,0.19,190,5.247024072,,
40,ea,g_1014;em_12_95684;n_16823-n_108463;p_188;#=ew_69_229630;prefix=76852-;[0]=ew_0_626763,R007M,PresentElder,36.886,36.696,https://labbcat.canterbury.ac.nz/maonze/transcript?ag_id=1014#ew_0_626763,0.19,190,5.247024072,,
692,ea,g_1635;em_12_132820;n_135061-n_135062;p_288;#=ew_69_195434;prefix=44071-;[0]=ew_0_940339,L2H03M,L2,35.231,35.041,https://labbcat.canterbury.ac.nz/maonze/transcript?ag_id=1635#ew_0_940339,0.19,190,5.247024072,,
2007,ea,g_629;em_12_171116;n_7007051-n_7007052;p_143;#=ew_69_202652;prefix=50769-;[0]=ew_0_1339810,L2Y02M,L2,52.911,52.721,https://labbcat.canterbury.ac.nz/maonze/transcript?ag_id=629#ew_0_1339810,0.19,190,5.247024072,,
2885,ia,g_1015;em_12_95760;n_16878-n_6670422;p_188;#=ew_69_230478;prefix=76919-;[0]=ew_0_627163,R007M,PresentElder,55.279,55.089,https://labbcat.canterbury.ac.nz/maonze/transcript?ag_id=1015#ew_0_627163,0.19,190,5.247024072,,
3486,ia,g_1647;em_12_133571;n_135752-n_135753;p_300;#=ew_69_193311;prefix=42201-;[0]=ew_0_945614,L2H02M,L2,48.886,48.696,https://labbcat.canterbury.ac.nz/maonze/transcript?ag_id=1647#ew_0_945614,0.19,190,5.247024072,,
3513,ia,g_1661;em_12_134583;n_136451-n_136452;p_302;#=ew_69_197487;prefix=45549-;[0]=ew_0_952487,L2H04M,L2,41.249,41.059,https://labbcat.canterbury.ac.nz/maonze/transcript?ag_id=1661#ew_0_952487,0.19,190,5.247024072,,
3562,ia,g_1673;em_12_163158;n_6398850-n_6398859;p_302;#=ew_69_198151;prefix=47300-;[0]=ew_0_1276042,L2H04M,L2,50.261,50.071,https://labbcat.canterbury.ac.nz/maonze/transcript?ag_id=1673#ew_0_1276042,0.19,190,5.247024072,,
3923,ia,g_334;em_12_33280;n_57531-n_57532;p_85;#=ew_69_184980;prefix=34194-;[0]=ew_0_221370,L1Y02M,L1,59.514,59.324,https://labbcat.canterbury.ac.nz/maonze/transcript?ag_id=334#ew_0_221370,0.19,190,5.247024072,,
4633,ia,g_894;em_12_88446;n_102708-n_5774536;p_174;#=ew_69_179128;prefix=28298-;[0]=ew_0_563194,L1H05M,L1,45.734,45.544,https://labbcat.canterbury.ac.nz/maonze/transcript?ag_id=894#ew_0_563194,0.19,190,5.247024072,,
4992,oa,g_1025;em_12_96188;n_108628-n_108629;p_190;#=ew_69_232345;prefix=79269-;[0]=ew_0_631966,R009M,PresentElder,56.944,56.754,https://labbcat.canterbury.ac.nz/maonze/transcript?ag_id=1025#ew_0_631966,0.19,190,5.247024072,,
6418,oa,g_869;em_12_86916;n_14892-n_101652;p_168;#=ew_69_174228;prefix=23908-;[0]=ew_0_552482,L1H02M,L1,36.063,35.873,https://labbcat.canterbury.ac.nz/maonze/transcript?ag_id=869#ew_0_552482,0.19,190,5.247024072,,
6545,oa,g_938;em_12_91122;n_104898-n_15829;p_179;#=ew_69_218701;prefix=66044-;[0]=ew_0_585137,R001M,PresentElder,50.868,50.678,https://labbcat.canterbury.ac.nz/maonze/transcript?ag_id=938#ew_0_585137,0.19,190,5.247024072,,
7858,ua,g_1642;em_12_133281;n_135490-n_135491;p_288;#=ew_69_196361;prefix=45017-;[0]=ew_0_943378,L2H03M,L2,40.411,40.221,https://labbcat.canterbury.ac.nz/maonze/transcript?ag_id=1642#ew_0_943378,0.19,190,5.247024072,,
7872,ua,g_1643;em_12_133350;n_135558-n_135559;p_288;#=ew_69_196271;prefix=45178-;[0]=ew_0_943925,L2H03M,L2,58.819,58.629,https://labbcat.canterbury.ac.nz/maonze/transcript?ag_id=1643#ew_0_943925,0.19,190,5.247024072,,
8112,ua,g_1748;em_12_139731;n_140432-n_140433;p_318;#=ew_69_231147;prefix=77780-;[0]=ew_0_1002028,R008M,PresentElder,49.036,48.846,https://labbcat.canterbury.ac.nz/maonze/transcript?ag_id=1748#ew_0_1002028,0.19,190,5.247024072,,
9091,ua,g_478;em_12_49194;n_71109-n_71110;p_121;#=ew_69_167408;prefix=17800-;[0]=ew_0_307398,K009M,PresentElder,49.731,49.541,https://labbcat.canterbury.ac.nz/maonze/transcript?ag_id=478#ew_0_307398,0.19,190,5.247024072,,
9117,ua,g_484;em_12_49687;n_71507-n_71508;p_121;#=ew_69_168906;prefix=18873-;[0]=ew_0_311231,K009M,PresentElder,45.124,44.934,https://labbcat.canterbury.ac.nz/maonze/transcript?ag_id=484#ew_0_311231,0.19,190,5.247024072,,
10040,ua,g_883;em_12_87825;n_102272-n_102273;p_169;#=ew_69_175756;prefix=25257-;[0]=ew_0_558312,L1H03M,L1,46.002,45.812,https://labbcat.canterbury.ac.nz/maonze/transcript?ag_id=883#ew_0_558312,0.19,190,5.247024072,,
10544,ua,g_971;em_12_92923;n_106299-n_106300;p_184;#=ew_69_223519;prefix=70523-;[0]=ew_0_602396,R004M,PresentElder,41.392,41.202,https://labbcat.canterbury.ac.nz/maonze/transcript?ag_id=971#ew_0_602396,0.19,190,5.247024072,,
59,ea,g_102;em_12_163027;n_6285881-n_6285885;p_41;#=ew_69_163234;prefix=13721-;[0]=ew_0_1274612,K007M,PresentElder,28.768,28.578,https://labbcat.canterbury.ac.nz/maonze/transcript?ag_id=102#ew_0_1274612,0.19,190,5.247024072,,
587,ea,g_1525;em_12_126180;n_130206-n_130207;p_287;#=ew_69_228602;prefix=75464-;[0]=ew_0_887918,R006M,PresentElder,28.276,28.086,https://labbcat.canterbury.ac.nz/maonze/transcript?ag_id=1525#ew_0_887918,0.19,190,5.247024072,,
728,ea,g_1647;em_12_133560;n_135741-n_135742;p_300;#=ew_69_193297;prefix=42189-;[0]=ew_0_945555,L2H02M,L2,20.518,20.328,https://labbcat.canterbury.ac.nz/maonze/transcript?ag_id=1647#ew_0_945555,0.19,190,5.247024072,,
1022,ea,g_1853;em_12_150396;n_4568828-n_4568845;p_148;#=ew_69_207902;prefix=55840-;[0]=ew_0_1124457,L2Y05M,L2,32.113,31.923,https://labbcat.canterbury.ac.nz/maonze/transcript?ag_id=1853#ew_0_1124457,0.19,190,5.247024072,,
2322,ea,g_865;em_12_86558;n_101420-n_101421;p_168;#=ew_69_173479;prefix=23200-;[0]=ew_0_549777,L1H02M,L1,22.317,22.127,https://labbcat.canterbury.ac.nz/maonze/transcript?ag_id=865#ew_0_549777,0.19,190,5.247024072,,
4227,ia,g_52;em_12_3726;n_34059-n_34060;p_32;#=ew_69_157783;prefix=08012-;[0]=ew_0_34152,K004M,PresentElder,30.178,29.988,https://labbcat.canterbury.ac.nz/maonze/transcript?ag_id=52#ew_0_34152,0.19,190,5.247024072,,
4833,ia,g_971;em_12_92918;n_106294-n_106295;p_184;#=ew_69_223503;prefix=70507-;[0]=ew_0_602358,R004M,PresentElder,19.89,19.7,https://labbcat.canterbury.ac.nz/maonze/transcript?ag_id=971#ew_0_602358,0.19,190,5.247024072,,
5350,oa,g_1526;em_12_126221;n_130238-n_130239;p_287;#=ew_69_228842;prefix=75620-;[0]=ew_0_888489,R006M,PresentElder,22.616,22.426,https://labbcat.canterbury.ac.nz/maonze/transcript?ag_id=1526#ew_0_888489,0.19,190,5.247024072,,
5888,oa,g_323;em_12_148712;n_3841377-n_56619;p_89;#=ew_69_188827;prefix=37620-;[0]=ew_0_1094974,L1Y04M,L1,26.259,26.069,https://labbcat.canterbury.ac.nz/maonze/transcript?ag_id=323#ew_0_1094974,0.19,190,5.247024072,,
5908,oa,g_331;em_12_33224;n_57488-n_57489;p_85;#=ew_69_184155;prefix=33300-;[0]=ew_0_220658,L1Y02M,L1,18.933,18.743,https://labbcat.canterbury.ac.nz/maonze/transcript?ag_id=331#ew_0_220658,0.19,190,5.247024072,,
6042,oa,g_451;em_12_46635;n_69099-n_69100;p_110;#=ew_69_156285;prefix=06956-;[0]=ew_0_1254060,K003M,PresentElder,23.196,23.006,https://labbcat.canterbury.ac.nz/maonze/transcript?ag_id=451#ew_0_1254060,0.19,190,5.247024072,,
6078,oa,g_476;em_12_49086;n_8129-n_71012;p_121;#=ew_69_166923;prefix=17367-;[0]=ew_0_306013,K009M,PresentElder,20.387,20.197,https://labbcat.canterbury.ac.nz/maonze/transcript?ag_id=476#ew_0_306013,0.19,190,5.247024072,,
6447,oa,g_882;em_12_87746;n_102220-n_102221;p_169;#=ew_69_175828;prefix=25134-;[0]=ew_0_557791,L1H03M,L1,13.335,13.145,https://labbcat.canterbury.ac.nz/maonze/transcript?ag_id=882#ew_0_557791,0.19,190,5.247024072,,
7454,ua,g_1371;em_12_118207;n_123757-n_123758;p_287;#=ew_69_228097;prefix=74853-;[0]=ew_0_813349,R006M,PresentElder,17.568,17.378,https://labbcat.canterbury.ac.nz/maonze/transcript?ag_id=1371#ew_0_813349,0.19,190,5.247024072,,
7918,ua,g_1651;em_12_133900;n_135991-n_135992;p_300;#=ew_69_193757;prefix=42760-;[0]=ew_0_947777,L2H02M,L2,9.893,9.703,https://labbcat.canterbury.ac.nz/maonze/transcript?ag_id=1651#ew_0_947777,0.19,190,5.247024072,,
8126,ua,g_1750;em_12_139875;n_140554-n_140555;p_318;#=ew_69_231436;prefix=77986-;[0]=ew_0_1002801,R008M,PresentElder,31.041,30.851,https://labbcat.canterbury.ac.nz/maonze/transcript?ag_id=1750#ew_0_1002801,0.19,190,5.247024072,,
57,ea,g_102;em_12_163004;n_6285817-n_6285860;p_41;#=ew_69_163178;prefix=13707-;[0]=ew_0_1272650,K007M,PresentElder,7.815,7.625,https://labbcat.canterbury.ac.nz/maonze/transcript?ag_id=102#ew_0_1272650,0.19,190,5.247024072,,
256,ea,g_1084;em_12_100261;n_18420-n_111371;p_208;#=ew_69_246433;prefix=92916-;[0]=ew_0_666552,WU07M,Historical,1.13,0.94,https://labbcat.canterbury.ac.nz/maonze/transcript?ag_id=1084#ew_0_666552,0.19,190,5.247024072,,
3935,ia,g_341;em_12_33476;n_6020-n_57692;p_85;#=ew_69_184298;prefix=33696-;[0]=ew_0_223970,L1Y02M,L1,0.79,0.6,https://labbcat.canterbury.ac.nz/maonze/transcript?ag_id=341#ew_0_223970,0.19,190,5.247024072,,
5154,oa,g_115;em_12_8217;n_1028-n_37777;p_43;#=ew_69_211151;prefix=59340-;[0]=ew_0_79660,MU02M,Historical,6,5.81,https://labbcat.canterbury.ac.nz/maonze/transcript?ag_id=115#ew_0_79660,0.19,190,5.247024072,,
8958,ua,g_449;em_12_46374;n_7615-n_68853;p_110;#=ew_69_154650;prefix=06539-;[0]=ew_0_289523,K003M,PresentElder,4.83,4.64,https://labbcat.canterbury.ac.nz/maonze/transcript?ag_id=449#ew_0_289523,0.19,190,5.247024072,,
779,ea,g_1656;em_12_134342;n_136288-n_136289;p_300;#=ew_69_194263;prefix=43394-;[0]=ew_0_950375,L2H02M,L2,9.706,9.516,https://labbcat.canterbury.ac.nz/maonze/transcript?ag_id=1656#ew_0_950375,0.19,190,5.247024072,,
1516,ea,g_369;em_12_35848;n_59674-n_59675;p_92;#=ew_69_212879;prefix=60553-;[0]=ew_0_238025,MU04M,Historical,13.219,13.029,https://labbcat.canterbury.ac.nz/maonze/transcript?ag_id=369#ew_0_238025,0.19,190,5.247024072,,
1866,ea,g_59;em_12_4101;n_34425-n_34426;p_32;#=ew_69_159391;prefix=09605-;[0]=ew_0_40252,K004M,PresentElder,10.19,10,https://labbcat.canterbury.ac.nz/maonze/transcript?ag_id=59#ew_0_40252,0.19,190,5.247024072,,
4544,ia,g_862;em_12_86314;n_101245-n_101246;p_168;#=ew_69_172735;prefix=22683-;[0]=ew_0_547810,L1H02M,L1,13.984,13.794,https://labbcat.canterbury.ac.nz/maonze/transcript?ag_id=862#ew_0_547810,0.19,190,5.247024072,,
6127,oa,g_5;em_12_142;n_30811-n_30812;p_28;#=ew_69_150844;prefix=01718-;[0]=ew_0_1977,K001M,PresentElder,14.154,13.964,https://labbcat.canterbury.ac.nz/maonze/transcript?ag_id=5#ew_0_1977,0.19,190,5.247024072,,
6720,ua,g_1010;em_12_95376;n_108291-n_16687;p_188;#=ew_69_229926;prefix=76365-;[0]=ew_0_624699,R007M,PresentElder,6.433,6.243,https://labbcat.canterbury.ac.nz/maonze/transcript?ag_id=1010#ew_0_624699,0.19,190,5.247024072,,
8146,ua,g_1752;em_12_140013;n_140677-n_140678;p_318;#=ew_69_231647;prefix=78216-;[0]=ew_0_1003529,R008M,PresentElder,13.273,13.083,https://labbcat.canterbury.ac.nz/maonze/transcript?ag_id=1752#ew_0_1003529,0.19,190,5.247024072,,
84,ea,g_1028;em_12_163742;n_6702399-n_6702406;p_190;#=ew_69_233373;prefix=79860-;[0]=ew_0_1283024,R009M,PresentElder,240.608,240.418,https://labbcat.canterbury.ac.nz/maonze/transcript?ag_id=1028#ew_0_1283024,0.19,190,5.247024072,,
119,ea,g_1035;em_12_96631;n_108929-n_108930;p_190;#=ew_69_234555;prefix=80911-;[0]=ew_0_638435,R009M,PresentElder,79.453,79.263,https://labbcat.canterbury.ac.nz/maonze/transcript?ag_id=1035#ew_0_638435,0.19,190,5.247024072,,
198,ea,g_106;em_12_7311;n_37145-n_37146;p_41;#=ew_69_164050;prefix=14559-;[0]=ew_0_73221,K007M,PresentElder,200.528,200.338,https://labbcat.canterbury.ac.nz/maonze/transcript?ag_id=106#ew_0_73221,0.19,190,5.247024072,,
224,ea,g_1074;em_12_99715;n_110918-n_110919;p_208;#=ew_69_245478;prefix=91740-;[0]=ew_0_661698,WU07M,Historical,161.748,161.558,https://labbcat.canterbury.ac.nz/maonze/transcript?ag_id=1074#ew_0_661698,0.19,190,5.247024072,,
232,ea,g_1077;em_12_99879;n_111071-n_111072;p_208;#=ew_69_246404;prefix=92066-;[0]=ew_0_663179,WU07M,Historical,153.044,152.854,https://labbcat.canterbury.ac.nz/maonze/transcript?ag_id=1077#ew_0_663179,0.19,190,5.247024072,,
241,ea,g_1078;em_12_99934;n_18351-n_18352;p_208;#=ew_69_246281;prefix=92154-;[0]=ew_0_663647,WU07M,Historical,165.752,165.562,https://labbcat.canterbury.ac.nz/maonze/transcript?ag_id=1078#ew_0_663647,0.19,190,5.247024072,,
282,ea,g_109;em_12_7537;n_37312-n_37313;p_41;#=ew_69_165290;prefix=15302-;[0]=ew_0_75652,K007M,PresentElder,198.909,198.719,https://labbcat.canterbury.ac.nz/maonze/transcript?ag_id=109#ew_0_75652,0.19,190,5.247024072,,
306,ea,g_1130;em_12_105055;n_114603-n_114604;p_287;#=ew_69_227450;prefix=74433-;[0]=ew_0_692097,R006M,PresentElder,221.529,221.339,https://labbcat.canterbury.ac.nz/maonze/transcript?ag_id=1130#ew_0_692097,0.19,190,5.247024072,,
313,ea,g_116;em_12_8420;n_37978-n_37979;p_43;#=ew_69_212124;prefix=59202-;[0]=ew_0_81576,MU02M,Historical,419.829,419.639,https://labbcat.canterbury.ac.nz/maonze/transcript?ag_id=116#ew_0_81576,0.19,190,5.247024072,,
317,ea,g_117;em_12_8504;n_38061-n_4017018;p_43;#=ew_69_211615;prefix=58727-;[0]=ew_0_82550,MU02M,Historical,171.321,171.131,https://labbcat.canterbury.ac.nz/maonze/transcript?ag_id=117#ew_0_82550,0.19,190,5.247024072,,
367,ea,g_1210;em_12_109718;n_20691-n_30108;p_244;#=ew_69_244710;prefix=90656-;[0]=ew_0_730250,WU04M,Historical,228.067,227.877,https://labbcat.canterbury.ac.nz/maonze/transcript?ag_id=1210#ew_0_730250,0.19,190,5.247024072,,
387,ea,g_1227;em_12_110664;n_119140-n_119141;p_249;#=ew_69_180293;prefix=29220-;[0]=ew_0_738530,L1H06M,L1,163.242,163.052,https://labbcat.canterbury.ac.nz/maonze/transcript?ag_id=1227#ew_0_738530,0.19,190,5.247024072,,
401,ea,g_1233;em_12_160021;n_5824506-n_5824517;p_249;#=ew_69_180725;prefix=29736-;[0]=ew_0_1228102,L1H06M,L1,51.482,51.292,https://labbcat.canterbury.ac.nz/maonze/transcript?ag_id=1233#ew_0_1228102,0.19,190,5.247024072,,
509,ea,g_1389;em_12_119083;n_4711654-n_124561;p_262;#=ew_69_249248;prefix=94732-;[0]=ew_0_823048,WU08M,Historical,119.35,119.16,https://labbcat.canterbury.ac.nz/maonze/transcript?ag_id=1389#ew_0_823048,0.19,190,5.247024072,,
590,ea,g_1525;em_12_126215;n_25306-n_130234;p_287;#=ew_69_228919;prefix=75601-;[0]=ew_0_888423,R006M,PresentElder,260.635,260.445,https://labbcat.canterbury.ac.nz/maonze/transcript?ag_id=1525#ew_0_888423,0.19,190,5.247024072,,
591,ea,g_1525;em_12_126215;n_25306-n_130234;p_287;#=ew_69_228921;prefix=75602-;[0]=ew_0_888424,R006M,PresentElder,261.205,261.015,https://labbcat.canterbury.ac.nz/maonze/transcript?ag_id=1525#ew_0_888424,0.19,190,5.247024072,,
605,ea,g_1528;em_12_126318;n_130331-n_130332;p_287;#=ew_69_229408;prefix=76073-;[0]=ew_0_890079,R006M,PresentElder,123.42,123.23,https://labbcat.canterbury.ac.nz/maonze/transcript?ag_id=1528#ew_0_890079,0.19,190,5.247024072,,
608,ea,g_1528;em_12_126340;n_130356-n_130354;p_287;#=ew_69_229485;prefix=76149-;[0]=ew_0_890374,R006M,PresentElder,271.017,270.827,https://labbcat.canterbury.ac.nz/maonze/transcript?ag_id=1528#ew_0_890374,0.19,190,5.247024072,,
610,ea,g_1531;em_12_126425;n_130404-n_25346;p_200;#=ew_69_216159;prefix=63457-;[0]=ew_0_891130,MU08M,Historical,66.648,66.458,https://labbcat.canterbury.ac.nz/maonze/transcript?ag_id=1531#ew_0_891130,0.19,190,5.247024072,,
687,ea,g_1629;em_12_132556;n_134830-n_134831;p_299;#=ew_69_193027;prefix=41840-;[0]=ew_0_938732,L2H01M,L2,185.988,185.798,https://labbcat.canterbury.ac.nz/maonze/transcript?ag_id=1629#ew_0_938732,0.19,190,5.247024072,,
705,ea,g_1640;em_12_133192;n_135405-n_135406;p_288;#=ew_69_196084;prefix=44788-;[0]=ew_0_942601,L2H03M,L2,127.821,127.631,https://labbcat.canterbury.ac.nz/maonze/transcript?ag_id=1640#ew_0_942601,0.19,190,5.247024072,,
708,ea,g_1640;em_12_133212;n_135425-n_135426;p_288;#=ew_69_196143;prefix=44844-;[0]=ew_0_942805,L2H03M,L2,234.206,234.016,https://labbcat.canterbury.ac.nz/maonze/transcript?ag_id=1640#ew_0_942805,0.19,190,5.247024072,,
737,ea,g_1648;em_12_133654;n_135814-n_135815;p_300;#=ew_69_193521;prefix=42349-;[0]=ew_0_946232,L2H02M,L2,68.678,68.488,https://labbcat.canterbury.ac.nz/maonze/transcript?ag_id=1648#ew_0_946232,0.19,190,5.247024072,,
775,ea,g_1655;em_12_134284;n_136258-n_136259;p_300;#=ew_69_194336;prefix=43329-;[0]=ew_0_950006,L2H02M,L2,82.084,81.894,https://labbcat.canterbury.ac.nz/maonze/transcript?ag_id=1655#ew_0_950006,0.19,190,5.247024072,,
906,ea,g_1681;em_12_135646;n_27629-n_137293;p_307;#=ew_69_199019;prefix=47851-;[0]=ew_0_962768,L2H05M,L2,175.004,174.814,https://labbcat.canterbury.ac.nz/maonze/transcript?ag_id=1681#ew_0_962768,0.19,190,5.247024072,,
909,ea,g_1682;em_12_135687;n_137318-n_137319;p_307;#=ew_69_199408;prefix=47687-;[0]=ew_0_963117,L2H05M,L2,97.816,97.626,https://labbcat.canterbury.ac.nz/maonze/transcript?ag_id=1682#ew_0_963117,0.19,190,5.247024072,,
914,ea,g_1682;em_12_135722;n_137341-n_137342;p_307;#=ew_69_199473;prefix=47750-;[0]=ew_0_963374,L2H05M,L2,218.891,218.701,https://labbcat.canterbury.ac.nz/maonze/transcript?ag_id=1682#ew_0_963374,0.19,190,5.247024072,,
966,ea,g_1842;em_12_149145;n_3849571-n_3849587;p_49;#=ew_69_204873;prefix=52681-;[0]=ew_0_1102530,L2Y03M,L2,227.341,227.151,https://labbcat.canterbury.ac.nz/maonze/transcript?ag_id=1842#ew_0_1102530,0.19,190,5.247024072,,
978,ea,g_1845;em_12_149289;n_3851566-n_3851584;p_49;#=ew_69_204962;prefix=53032-;[0]=ew_0_1104240,L2Y03M,L2,87,86.81,https://labbcat.canterbury.ac.nz/maonze/transcript?ag_id=1845#ew_0_1104240,0.19,190,5.247024072,,
984,ea,g_1845;em_12_149324;n_3852017-n_3852035;p_49;#=ew_69_205063;prefix=53108-;[0]=ew_0_1104622,L2Y03M,L2,269.812,269.622,https://labbcat.canterbury.ac.nz/maonze/transcript?ag_id=1845#ew_0_1104622,0.19,190,5.247024072,,
987,ea,g_1845;em_12_149344;n_3852327-n_3852338;p_49;#=ew_69_205116;prefix=53159-;[0]=ew_0_1104879,L2Y03M,L2,385.545,385.355,https://labbcat.canterbury.ac.nz/maonze/transcript?ag_id=1845#ew_0_1104879,0.19,190,5.247024072,,
993,ea,g_1846;em_12_149363;n_3852591-n_3852611;p_49;#=ew_69_205166;prefix=53205-;[0]=ew_0_1105113,L2Y03M,L2,92.268,92.078,https://labbcat.canterbury.ac.nz/maonze/transcript?ag_id=1846#ew_0_1105113,0.19,190,5.247024072,,
1029,ea,g_1855;em_12_150619;n_4611063-n_4611078;p_97;#=ew_69_215901;prefix=63291-;[0]=ew_0_1125932,MU07M,Historical,158.607,158.417,https://labbcat.canterbury.ac.nz/maonze/transcript?ag_id=1855#ew_0_1125932,0.19,190,5.247024072,,
1043,ea,g_1883;em_12_155035;n_5258659-n_5259511;p_334;#=ew_69_237009;prefix=83353-;[0]=ew_0_1170415,R011M,PresentElder,39.549,39.359,https://labbcat.canterbury.ac.nz/maonze/transcript?ag_id=1883#ew_0_1170415,0.19,190,5.247024072,,
1046,ea,g_1884;em_12_155083;n_5259865-n_5259875;p_334;#=ew_69_237281;prefix=83458-;[0]=ew_0_1171212,R011M,PresentElder,119.968,119.778,https://labbcat.canterbury.ac.nz/maonze/transcript?ag_id=1884#ew_0_1171212,0.19,190,5.247024072,,
1144,ea,g_1913;em_12_157143;n_5290230-n_5290252;p_333;#=ew_69_240303;prefix=87350-;[0]=ew_0_1195600,R012M,PresentElder,253.758,253.568,https://labbcat.canterbury.ac.nz/maonze/transcript?ag_id=1913#ew_0_1195600,0.19,190,5.247024072,,
1241,ea,g_23;em_12_1919;n_32535-n_32536;p_19;#=ew_69_153130;prefix=04376-;[0]=ew_0_16362,K002M,PresentElder,134.208,134.018,https://labbcat.canterbury.ac.nz/maonze/transcript?ag_id=23#ew_0_16362,0.19,190,5.247024072,,
1305,ea,g_304;em_12_29632;n_5433-n_5434;p_81;#=ew_69_185724;prefix=34859-;[0]=ew_0_204324,L1Y03M,L1,71.813,71.623,https://labbcat.canterbury.ac.nz/maonze/transcript?ag_id=304#ew_0_204324,0.19,190,5.247024072,,
1339,ea,g_312;em_12_30457;n_55124-n_55125;p_81;#=ew_69_187013;prefix=36191-;[0]=ew_0_210952,L1Y03M,L1,255.758,255.568,https://labbcat.canterbury.ac.nz/maonze/transcript?ag_id=312#ew_0_210952,0.19,190,5.247024072,,
1354,ea,g_317;em_12_148856;n_3841965-n_3841991;p_89;#=ew_69_187667;prefix=36721-;[0]=ew_0_1097307,L1Y04M,L1,172.339,172.149,https://labbcat.canterbury.ac.nz/maonze/transcript?ag_id=317#ew_0_1097307,0.19,190,5.247024072,,
1371,ea,g_318;em_12_31015;n_55640-n_55643;p_89;#=ew_69_187824;prefix=36826-;[0]=ew_0_213283,L1Y04M,L1,73.235,73.045,https://labbcat.canterbury.ac.nz/maonze/transcript?ag_id=318#ew_0_213283,0.19,190,5.247024072,,
1386,ea,g_320;em_12_31463;n_56054-n_3841299;p_89;#=ew_69_188328;prefix=37182-;[0]=ew_0_214726,L1Y04M,L1,212.759,212.569,https://labbcat.canterbury.ac.nz/maonze/transcript?ag_id=320#ew_0_214726,0.19,190,5.247024072,,
1397,ea,g_322;em_12_31801;n_56362-n_3841537;p_89;#=ew_69_189065;prefix=37422-;[0]=ew_0_215718,L1Y04M,L1,63.713,63.523,https://labbcat.canterbury.ac.nz/maonze/transcript?ag_id=322#ew_0_215718,0.19,190,5.247024072,,
1443,ea,g_329;em_12_33195;n_57461-n_29225;p_85;#=ew_69_184749;prefix=34050-;[0]=ew_0_1242631,L1Y02M,L1,178.763,178.573,https://labbcat.canterbury.ac.nz/maonze/transcript?ag_id=329#ew_0_1242631,0.19,190,5.247024072,,
1466,ea,g_336;em_12_33345;n_57578-n_57579;p_85;#=ew_69_184373;prefix=33532-;[0]=ew_0_222176,L1Y02M,L1,96.715,96.525,https://labbcat.canterbury.ac.nz/maonze/transcript?ag_id=336#ew_0_222176,0.19,190,5.247024072,,
1468,ea,g_337;em_12_33370;n_57600-n_57601;p_85;#=ew_69_184792;prefix=33892-;[0]=ew_0_222511,L1Y02M,L1,52.116,51.926,https://labbcat.canterbury.ac.nz/maonze/transcript?ag_id=337#ew_0_222511,0.19,190,5.247024072,,
1549,ea,g_376;em_12_37049;n_60855-n_60856;p_94;#=ew_69_214232;prefix=61724-;[0]=ew_0_243136,MU05M,Historical,40.413,40.223,https://labbcat.canterbury.ac.nz/maonze/transcript?ag_id=376#ew_0_243136,0.19,190,5.247024072,,
1582,ea,g_41;em_12_3316;n_33673-n_4677643;p_276;#=ew_69_242486;prefix=88526-;[0]=ew_0_1131189,WU03M,Historical,182.963,182.773,https://labbcat.canterbury.ac.nz/maonze/transcript?ag_id=41#ew_0_1131189,0.19,190,5.247024072,,
1631,ea,g_456;em_12_47109;n_7736-n_7737;p_112;#=ew_69_161651;prefix=11782-;[0]=ew_0_295127,K006M,PresentElder,170.853,170.663,https://labbcat.canterbury.ac.nz/maonze/transcript?ag_id=456#ew_0_295127,0.19,190,5.247024072,,
1639,ea,g_460;em_12_47413;n_69611-n_69612;p_112;#=ew_69_162037;prefix=12184-;[0]=ew_0_297034,K006M,PresentElder,87.503,87.313,https://labbcat.canterbury.ac.nz/maonze/transcript?ag_id=460#ew_0_297034,0.19,190,5.247024072,,
1666,ea,g_467;em_12_48187;n_70202-n_70203;p_120;#=ew_69_166021;prefix=16082-;[0]=ew_0_301159,K008M,PresentElder,84.848,84.658,https://labbcat.canterbury.ac.nz/maonze/transcript?ag_id=467#ew_0_301159,0.19,190,5.247024072,,
1714,ea,g_480;em_12_49329;n_71227-n_71228;p_121;#=ew_69_168715;prefix=18254-;[0]=ew_0_309095,K009M,PresentElder,245.311,245.121,https://labbcat.canterbury.ac.nz/maonze/transcript?ag_id=480#ew_0_309095,0.19,190,5.247024072,,
1760,ea,g_494;em_12_51112;n_8610-n_8611;p_122;#=ew_69_170089;prefix=20253-;[0]=ew_0_318056,K010M,PresentElder,268.186,267.996,https://labbcat.canterbury.ac.nz/maonze/transcript?ag_id=494#ew_0_318056,0.19,190,5.247024072,,
1777,ea,g_5;em_12_164;n_30829-n_30830;p_28;#=ew_69_150898;prefix=01766-;[0]=ew_0_2118,K001M,PresentElder,103.776,103.586,https://labbcat.canterbury.ac.nz/maonze/transcript?ag_id=5#ew_0_2118,0.19,190,5.247024072,,
1838,ea,g_55;em_12_162016;n_6214570-n_6214571;p_32;#=ew_69_158872;prefix=08917-;[0]=ew_0_1259927,K004M,PresentElder,233.089,232.899,https://labbcat.canterbury.ac.nz/maonze/transcript?ag_id=55#ew_0_1259927,0.19,190,5.247024072,,
1883,ea,g_602;em_12_64215;n_83810-n_83811;p_140;#=ew_69_190193;prefix=39183-;[0]=ew_0_384026,L1Y05M,L1,183.571,183.381,https://labbcat.canterbury.ac.nz/maonze/transcript?ag_id=602#ew_0_384026,0.19,190,5.247024072,,
1892,ea,g_604;em_12_64329;n_83922-n_83923;p_140;#=ew_69_191361;prefix=39665-;[0]=ew_0_385504,L1Y05M,L1,167.72,167.53,https://labbcat.canterbury.ac.nz/maonze/transcript?ag_id=604#ew_0_385504,0.19,190,5.247024072,,
1942,ea,g_615;em_12_64908;n_84471-n_84472;p_142;#=ew_69_182502;prefix=31605-;[0]=ew_0_391233,L1Y01M,L1,46.326,46.136,https://labbcat.canterbury.ac.nz/maonze/transcript?ag_id=615#ew_0_391233,0.19,190,5.247024072,,
1948,ea,g_616;em_12_64978;n_84538-n_84539;p_142;#=ew_69_182448;prefix=31770-;[0]=ew_0_391947,L1Y01M,L1,147.798,147.608,https://labbcat.canterbury.ac.nz/maonze/transcript?ag_id=616#ew_0_391947,0.19,190,5.247024072,,
1975,ea,g_622;em_12_65186;n_84732-n_84733;p_142;#=ew_69_183075;prefix=32391-;[0]=ew_0_394521,L1Y01M,L1,33.216,33.026,https://labbcat.canterbury.ac.nz/maonze/transcript?ag_id=622#ew_0_394521,0.19,190,5.247024072,,
2124,ea,g_664;em_12_150059;n_4423187-n_4423191;p_148;#=ew_69_207304;prefix=55402-;[0]=ew_0_1116174,L2Y05M,L2,200.487,200.297,https://labbcat.canterbury.ac.nz/maonze/transcript?ag_id=664#ew_0_1116174,0.19,190,5.247024072,,
2125,ea,g_664;em_12_70444;n_4423163-n_89240;p_148;#=ew_69_207239;prefix=55340-;[0]=ew_0_421163,L2Y05M,L2,84.495,84.305,https://labbcat.canterbury.ac.nz/maonze/transcript?ag_id=664#ew_0_421163,0.19,190,5.247024072,,
2133,ea,g_668;em_12_70581;n_89370-n_89371;p_148;#=ew_69_208150;prefix=56042-;[0]=ew_0_423509,L2Y05M,L2,47.12,46.93,https://labbcat.canterbury.ac.nz/maonze/transcript?ag_id=668#ew_0_423509,0.19,190,5.247024072,,
2134,ea,g_668;em_12_70581;n_89370-n_89371;p_148;#=ew_69_208153;prefix=56045-;[0]=ew_0_423517,L2Y05M,L2,49.48,49.29,https://labbcat.canterbury.ac.nz/maonze/transcript?ag_id=668#ew_0_423517,0.19,190,5.247024072,,
2137,ea,g_668;em_12_70585;n_89374-n_89375;p_148;#=ew_69_208180;prefix=56070-;[0]=ew_0_423584,L2Y05M,L2,76.624,76.434,https://labbcat.canterbury.ac.nz/maonze/transcript?ag_id=668#ew_0_423584,0.19,190,5.247024072,,
2151,ea,g_669;em_12_70645;n_89427-n_89428;p_148;#=ew_69_208884;prefix=56326-;[0]=ew_0_424612,L2Y05M,L2,237.257,237.067,https://labbcat.canterbury.ac.nz/maonze/transcript?ag_id=669#ew_0_424612,0.19,190,5.247024072,,
2168,ea,g_670;em_12_70684;n_4423461-n_89464;p_148;#=ew_69_208598;prefix=56494-;[0]=ew_0_425327,L2Y05M,L2,282.026,281.836,https://labbcat.canterbury.ac.nz/maonze/transcript?ag_id=670#ew_0_425327,0.19,190,5.247024072,,
2232,ea,g_85;em_12_160521;n_5958064-n_5958074;p_37;#=ew_69_161425;prefix=11259-;[0]=ew_0_1237695,K005M,PresentElder,231.082,230.892,https://labbcat.canterbury.ac.nz/maonze/transcript?ag_id=85#ew_0_1237695,0.19,190,5.247024072,,
2269,ea,g_854;em_12_85823;n_100827-n_100828;p_167;#=ew_69_171800;prefix=21589-;[0]=ew_0_544024,L1H01M,L1,181.786,181.596,https://labbcat.canterbury.ac.nz/maonze/transcript?ag_id=854#ew_0_544024,0.19,190,5.247024072,,
2271,ea,g_855;em_12_85876;n_100871-n_100872;p_167;#=ew_69_172058;prefix=21682-;[0]=ew_0_544397,L1H01M,L1,104.228,104.038,https://labbcat.canterbury.ac.nz/maonze/transcript?ag_id=855#ew_0_544397,0.19,190,5.247024072,,
2299,ea,g_858;em_12_86126;n_101103-n_101104;p_167;#=ew_69_172284;prefix=22216-;[0]=ew_0_546263,L1H01M,L1,181.953,181.763,https://labbcat.canterbury.ac.nz/maonze/transcript?ag_id=858#ew_0_546263,0.19,190,5.247024072,,
2310,ea,g_862;em_12_86373;n_101284-n_101285;p_168;#=ew_69_172866;prefix=22770-;[0]=ew_0_548263,L1H02M,L1,197.932,197.742,https://labbcat.canterbury.ac.nz/maonze/transcript?ag_id=862#ew_0_548263,0.19,190,5.247024072,,
2317,ea,g_863;em_12_86414;n_101317-n_101318;p_168;#=ew_69_172958;prefix=22887-;[0]=ew_0_548613,L1H02M,L1,83.117,82.927,https://labbcat.canterbury.ac.nz/maonze/transcript?ag_id=863#ew_0_548613,0.19,190,5.247024072,,
2346,ea,g_868;em_12_159531;n_5655741-n_5655746;p_168;#=ew_69_174143;prefix=23882-;[0]=ew_0_1220125,L1H02M,L1,147.266,147.076,https://labbcat.canterbury.ac.nz/maonze/transcript?ag_id=868#ew_0_1220125,0.19,190,5.247024072,,
2384,ea,g_883;em_12_87824;n_102271-n_102272;p_169;#=ew_69_175754;prefix=25255-;[0]=ew_0_558302,L1H03M,L1,40.988,40.798,https://labbcat.canterbury.ac.nz/maonze/transcript?ag_id=883#ew_0_558302,0.19,190,5.247024072,,
2405,ea,g_892;em_12_88345;n_102618-n_102619;p_174;#=ew_69_179250;prefix=28654-;[0]=ew_0_561984,L1H05M,L1,66.323,66.133,https://labbcat.canterbury.ac.nz/maonze/transcript?ag_id=892#ew_0_561984,0.19,190,5.247024072,,
2439,ea,g_897;em_12_88635;n_102871-n_102872;p_174;#=ew_69_178753;prefix=27918-;[0]=ew_0_565453,L1H05M,L1,232.219,232.029,https://labbcat.canterbury.ac.nz/maonze/transcript?ag_id=897#ew_0_565453,0.19,190,5.247024072,,
2557,ea,g_938;em_12_91162;n_104936-n_104937;p_179;#=ew_69_218911;prefix=66144-;[0]=ew_0_585470,R001M,PresentElder,176.547,176.357,https://labbcat.canterbury.ac.nz/maonze/transcript?ag_id=938#ew_0_585470,0.19,190,5.247024072,,
2574,ea,g_942;em_12_91454;n_105156-n_105157;p_179;#=ew_69_219428;prefix=66772-;[0]=ew_0_587708,R001M,PresentElder,100.959,100.769,https://labbcat.canterbury.ac.nz/maonze/transcript?ag_id=942#ew_0_587708,0.19,190,5.247024072,,
2699,ea,g_971;em_12_92922;n_106298-n_106299;p_184;#=ew_69_223513;prefix=70517-;[0]=ew_0_602383,R004M,PresentElder,35.614,35.424,https://labbcat.canterbury.ac.nz/maonze/transcript?ag_id=971#ew_0_602383,0.19,190,5.247024072,,
2718,ea,g_973;em_12_93051;n_16248-n_16249;p_184;#=ew_69_223665;prefix=70810-;[0]=ew_0_603452,R004M,PresentElder,17.272,17.082,https://labbcat.canterbury.ac.nz/maonze/transcript?ag_id=973#ew_0_603452,0.19,190,5.247024072,,
2719,ea,g_973;em_12_93067;n_106417-n_106418;p_184;#=ew_69_223720;prefix=70837-;[0]=ew_0_603603,R004M,PresentElder,78.152,77.962,https://labbcat.canterbury.ac.nz/maonze/transcript?ag_id=973#ew_0_603603,0.19,190,5.247024072,,
2728,ea,g_974;em_12_93172;n_106500-n_6583067;p_184;#=ew_69_224340;prefix=71128-;[0]=ew_0_604461,R004M,PresentElder,183.617,183.427,https://labbcat.canterbury.ac.nz/maonze/transcript?ag_id=974#ew_0_604461,0.19,190,5.247024072,,
2750,ea,g_978;em_12_93494;n_6612080-n_6612086;p_184;#=ew_69_225070;prefix=71690-;[0]=ew_0_606529,R004M,PresentElder,83.12,82.93,https://labbcat.canterbury.ac.nz/maonze/transcript?ag_id=978#ew_0_606529,0.19,190,5.247024072,,
2817,ea,g_989;em_12_150943;n_4619418-n_4619420;p_182;#=ew_69_225852;prefix=73302-;[0]=ew_0_1127385,R005M,PresentElder,99.908,99.718,https://labbcat.canterbury.ac.nz/maonze/transcript?ag_id=989#ew_0_1127385,0.19,190,5.247024072,,
2833,ea,g_991;em_12_94113;n_107160-n_4619691;p_182;#=ew_69_226727;prefix=73625-;[0]=ew_0_612958,R005M,PresentElder,152.385,152.195,https://labbcat.canterbury.ac.nz/maonze/transcript?ag_id=991#ew_0_612958,0.19,190,5.247024072,,
2853,ia,g_100;em_12_162740;n_6282072-n_6281844;p_41;#=ew_69_162820;prefix=13382-;[0]=ew_0_1268256,K007M,PresentElder,238.444,238.254,https://labbcat.canterbury.ac.nz/maonze/transcript?ag_id=100#ew_0_1268256,0.19,190,5.247024072,,
2865,ia,g_1009;em_12_95341;n_108274-n_108275;p_188;#=ew_69_229739;prefix=76286-;[0]=ew_0_624416,R007M,PresentElder,115.131,114.941,https://labbcat.canterbury.ac.nz/maonze/transcript?ag_id=1009#ew_0_624416,0.19,190,5.247024072,,
2891,ia,g_1017;em_12_95883;n_16991-n_6670775;p_188;#=ew_69_230667;prefix=77101-;[0]=ew_0_628132,R007M,PresentElder,119.881,119.691,https://labbcat.canterbury.ac.nz/maonze/transcript?ag_id=1017#ew_0_628132,0.19,190,5.247024072,,
3002,ia,g_1039;em_12_96965;n_109159-n_109160;p_193;#=ew_69_235698;prefix=81818-;[0]=ew_0_641823,R010M,PresentElder,235.364,235.174,https://labbcat.canterbury.ac.nz/maonze/transcript?ag_id=1039#ew_0_641823,0.19,190,5.247024072,,
3051,ia,g_1071;em_12_99565;n_110780-n_110781;p_206;#=ew_69_245659;prefix=91213-;[0]=ew_0_659912,WU06M,Historical,110.495,110.305,https://labbcat.canterbury.ac.nz/maonze/transcript?ag_id=1071#ew_0_659912,0.19,190,5.247024072,,
3060,ia,g_1073;em_12_99659;n_110872-n_110873;p_206;#=ew_69_245251;prefix=91572-;[0]=ew_0_661119,WU06M,Historical,75.283757,75.093757,https://labbcat.canterbury.ac.nz/maonze/transcript?ag_id=1073#ew_0_661119,0.19,190,5.247024072,,
3079,ia,g_1079;em_12_99977;n_111147-n_111148;p_208;#=ew_69_246113;prefix=92261-;[0]=ew_0_663985,WU07M,Historical,131.511,131.321,https://labbcat.canterbury.ac.nz/maonze/transcript?ag_id=1079#ew_0_663985,0.19,190,5.247024072,,
3082,ia,g_1080;em_12_100039;n_18371-n_111199;p_208;#=ew_69_246590;prefix=92360-;[0]=ew_0_664457,WU07M,Historical,177.182,176.992,https://labbcat.canterbury.ac.nz/maonze/transcript?ag_id=1080#ew_0_664457,0.19,190,5.247024072,,
3316,ia,g_139;em_12_9707;n_39178-n_39179;p_284;#=ew_69_210194;prefix=57997-;[0]=ew_0_93685,MU01M,Historical,260.597,260.407,https://labbcat.canterbury.ac.nz/maonze/transcript?ag_id=139#ew_0_93685,0.19,190,5.247024072,,
3318,ia,g_1390;em_12_119124;n_124600-n_124601;p_262;#=ew_69_249440;prefix=94899-;[0]=ew_0_823655,WU08M,Historical,158.59,158.4,https://labbcat.canterbury.ac.nz/maonze/transcript?ag_id=1390#ew_0_823655,0.19,190,5.247024072,,
3353,ia,g_1518;em_12_125850;n_129918-n_129919;p_287;#=ew_69_227906;prefix=74205-;[0]=ew_0_883980,R006M,PresentElder,160.654,160.464,https://labbcat.canterbury.ac.nz/maonze/transcript?ag_id=1518#ew_0_883980,0.19,190,5.247024072,,
3354,ia,g_1518;em_12_125853;n_129921-n_129922;p_287;#=ew_69_227909;prefix=74207-;[0]=ew_0_884003,R006M,PresentElder,171.482,171.292,https://labbcat.canterbury.ac.nz/maonze/transcript?ag_id=1518#ew_0_884003,0.19,190,5.247024072,,
3372,ia,g_1528;em_12_126323;n_130336-n_130337;p_287;#=ew_69_229428;prefix=76093-;[0]=ew_0_890135,R006M,PresentElder,149.213,149.023,https://labbcat.canterbury.ac.nz/maonze/transcript?ag_id=1528#ew_0_890135,0.19,190,5.247024072,,
3408,ia,g_1617;em_12_131762;n_134252-n_134253;p_299;#=ew_69_192282;prefix=40553-;[0]=ew_0_933064,L2H01M,L2,260.577,260.387,https://labbcat.canterbury.ac.nz/maonze/transcript?ag_id=1617#ew_0_933064,0.19,190,5.247024072,,
3453,ia,g_1634;em_12_132792;n_135034-n_135035;p_288;#=ew_69_195692;prefix=44020-;[0]=ew_0_940159,L2H03M,L2,192.526721,192.336721,https://labbcat.canterbury.ac.nz/maonze/transcript?ag_id=1634#ew_0_940159,0.19,190,5.247024072,,
3545,ia,g_1669;em_12_134943;n_136752-n_136753;p_302;#=ew_69_198429;prefix=46693-;[0]=ew_0_956699,L2H04M,L2,39.088,38.898,https://labbcat.canterbury.ac.nz/maonze/transcript?ag_id=1669#ew_0_956699,0.19,190,5.247024072,,
3554,ia,g_1671;em_12_163206;n_6399659-n_6399668;p_302;#=ew_69_198838;prefix=47083-;[0]=ew_0_1276965,L2H04M,L2,164.103,163.913,https://labbcat.canterbury.ac.nz/maonze/transcript?ag_id=1671#ew_0_1276965,0.19,190,5.247024072,,
3734,ia,g_1910;em_12_156890;n_5286405-n_5286429;p_333;#=ew_69_240458;prefix=86931-;[0]=ew_0_1193038,R012M,PresentElder,89.35,89.16,https://labbcat.canterbury.ac.nz/maonze/transcript?ag_id=1910#ew_0_1193038,0.19,190,5.247024072,,
3796,ia,g_1947;em_12_166053;n_6850741-n_6850752;p_121;#=ew_69_168812;prefix=18433-;[0]=ew_0_1299180,K009M,PresentElder,246.718,246.528,https://labbcat.canterbury.ac.nz/maonze/transcript?ag_id=1947#ew_0_1299180,0.19,190,5.247024072,,
3836,ia,g_24;em_12_2073;n_32688-n_32689;p_19;#=ew_69_154578;prefix=04775-;[0]=ew_0_17636,K002M,PresentElder,371.19,371,https://labbcat.canterbury.ac.nz/maonze/transcript?ag_id=24#ew_0_17636,0.19,190,5.247024072,,
3887,ia,g_320;em_12_148600;n_3841194-n_55977;p_89;#=ew_69_188266;prefix=37121-;[0]=ew_0_1096868,L1Y04M,L1,110.343,110.153,https://labbcat.canterbury.ac.nz/maonze/transcript?ag_id=320#ew_0_1096868,0.19,190,5.247024072,,
3919,ia,g_331;em_12_33251;n_57515-n_7086494;p_85;#=ew_69_184258;prefix=33399-;[0]=ew_0_221025,L1Y02M,L1,154.93,154.74,https://labbcat.canterbury.ac.nz/maonze/transcript?ag_id=331#ew_0_221025,0.19,190,5.247024072,,
3949,ia,g_352;em_12_33945;n_58067-n_58068;p_87;#=ew_69_210932;prefix=59700-;[0]=ew_0_228288,MU03M,Historical,72.355,72.165,https://labbcat.canterbury.ac.nz/maonze/transcript?ag_id=352#ew_0_228288,0.19,190,5.247024072,,
3966,ia,g_368;em_12_35779;n_59606-n_59608;p_92;#=ew_69_212682;prefix=60492-;[0]=ew_0_1122957,MU04M,Historical,160.184,159.994,https://labbcat.canterbury.ac.nz/maonze/transcript?ag_id=368#ew_0_1122957,0.19,190,5.247024072,,
4008,ia,g_383;em_12_38667;n_62465-n_62466;p_95;#=ew_69_215243;prefix=62326-;[0]=ew_0_246905,MU06M,Historical,314.893,314.703,https://labbcat.canterbury.ac.nz/maonze/transcript?ag_id=383#ew_0_246905,0.19,190,5.247024072,,
4066,ia,g_448;em_12_161520;n_6125951-n_6125953;p_110;#=ew_69_155608;prefix=06506-;[0]=ew_0_1253629,K003M,PresentElder,308.078,307.888,https://labbcat.canterbury.ac.nz/maonze/transcript?ag_id=448#ew_0_1253629,0.19,190,5.247024072,,
4093,ia,g_451;em_12_46664;n_69126-n_69127;p_110;#=ew_69_156371;prefix=07039-;[0]=ew_0_291913,K003M,PresentElder,125.06,124.87,https://labbcat.canterbury.ac.nz/maonze/transcript?ag_id=451#ew_0_291913,0.19,190,5.247024072,,
4098,ia,g_452;em_12_46793;n_69226-n_69227;p_110;#=ew_69_157252;prefix=07318-;[0]=ew_0_292925,K003M,PresentElder,139.444,139.254,https://labbcat.canterbury.ac.nz/maonze/transcript?ag_id=452#ew_0_292925,0.19,190,5.247024072,,
4127,ia,g_467;em_12_48205;n_70218-n_70219;p_120;#=ew_69_166038;prefix=16099-;[0]=ew_0_301232,K008M,PresentElder,138.225,138.035,https://labbcat.canterbury.ac.nz/maonze/transcript?ag_id=467#ew_0_301232,0.19,190,5.247024072,,
4132,ia,g_468;em_12_48359;n_70363-n_70364;p_120;#=ew_69_166213;prefix=16250-;[0]=ew_0_301896,K008M,PresentElder,129.79,129.6,https://labbcat.canterbury.ac.nz/maonze/transcript?ag_id=468#ew_0_301896,0.19,190,5.247024072,,
4136,ia,g_469;em_12_48501;n_70490-n_70491;p_120;#=ew_69_166377;prefix=16412-;[0]=ew_0_302600,K008M,PresentElder,132.632,132.442,https://labbcat.canterbury.ac.nz/maonze/transcript?ag_id=469#ew_0_302600,0.19,190,5.247024072,,
4215,ia,g_497;em_12_51519;n_72850-n_72851;p_122;#=ew_69_170586;prefix=20523-;[0]=ew_0_319633,K010M,PresentElder,154.99,154.8,https://labbcat.canterbury.ac.nz/maonze/transcript?ag_id=497#ew_0_319633,0.19,190,5.247024072,,
4241,ia,g_55;em_12_161976;n_6214562-n_6214563;p_32;#=ew_69_158809;prefix=08886-;[0]=ew_0_1259755,K004M,PresentElder,186.67,186.48,https://labbcat.canterbury.ac.nz/maonze/transcript?ag_id=55#ew_0_1259755,0.19,190,5.247024072,,
4441,ia,g_668;em_12_70581;n_89370-n_89371;p_148;#=ew_69_208149;prefix=56041-;[0]=ew_0_423507,L2Y05M,L2,45.71,45.52,https://labbcat.canterbury.ac.nz/maonze/transcript?ag_id=668#ew_0_423507,0.19,190,5.247024072,,
4531,ia,g_859;em_12_86203;n_101177-n_101178;p_167;#=ew_69_172537;prefix=22356-;[0]=ew_0_546842,L1H01M,L1,96.371,96.181,https://labbcat.canterbury.ac.nz/maonze/transcript?ag_id=859#ew_0_546842,0.19,190,5.247024072,,
4559,ia,g_864;em_12_86544;n_101409-n_101410;p_168;#=ew_69_173812;prefix=23123-;[0]=ew_0_549648,L1H02M,L1,224.216,224.026,https://labbcat.canterbury.ac.nz/maonze/transcript?ag_id=864#ew_0_549648,0.19,190,5.247024072,,
4661,ia,g_902;em_12_88923;n_103095-n_103096;p_173;#=ew_69_177532;prefix=27014-;[0]=ew_0_567785,L1H04M,L1,186.821,186.631,https://labbcat.canterbury.ac.nz/maonze/transcript?ag_id=902#ew_0_567785,0.19,190,5.247024072,,
4674,ia,g_905;em_12_89060;n_103213-n_103214;p_173;#=ew_69_177318;prefix=26815-;[0]=ew_0_569433,L1H04M,L1,222.215,222.025,https://labbcat.canterbury.ac.nz/maonze/transcript?ag_id=905#ew_0_569433,0.19,190,5.247024072,,
4812,ia,g_965;em_12_92587;n_106047-n_106048;p_183;#=ew_69_222748;prefix=69830-;[0]=ew_0_599597,R003M,PresentElder,59.521,59.331,https://labbcat.canterbury.ac.nz/maonze/transcript?ag_id=965#ew_0_599597,0.19,190,5.247024072,,
4819,ia,g_968;em_12_92800;n_106199-n_106200;p_183;#=ew_69_223254;prefix=70254-;[0]=ew_0_601386,R003M,PresentElder,176.381,176.191,https://labbcat.canterbury.ac.nz/maonze/transcript?ag_id=968#ew_0_601386,0.19,190,5.247024072,,
4903,ia,g_989;em_12_150939;n_4619411-n_4619414;p_182;#=ew_69_225830;prefix=73286-;[0]=ew_0_1128201,R005M,PresentElder,75.154,74.964,https://labbcat.canterbury.ac.nz/maonze/transcript?ag_id=989#ew_0_1128201,0.19,190,5.247024072,,
4925,ia,g_995;em_12_94281;n_107303-n_107304;p_182;#=ew_69_226586;prefix=74073-;[0]=ew_0_614989,R005M,PresentElder,55.239,55.049,https://labbcat.canterbury.ac.nz/maonze/transcript?ag_id=995#ew_0_614989,0.19,190,5.247024072,,
4961,oa,g_1017;em_12_95909;n_17016-n_6670797;p_188;#=ew_69_230699;prefix=77132-;[0]=ew_0_628302,R007M,PresentElder,203.752,203.562,https://labbcat.canterbury.ac.nz/maonze/transcript?ag_id=1017#ew_0_628302,0.19,190,5.247024072,,
4970,oa,g_1020;em_12_96023;n_108507-n_6670056;p_188;#=ew_69_230317;prefix=77370-;[0]=ew_0_1282077,R007M,PresentElder,120.001,119.811,https://labbcat.canterbury.ac.nz/maonze/transcript?ag_id=1020#ew_0_1282077,0.19,190,5.247024072,,
4979,oa,g_1023;em_12_96122;n_108576-n_108577;p_190;#=ew_69_232717;prefix=78971-;[0]=ew_0_630792,R009M,PresentElder,166.518,166.328,https://labbcat.canterbury.ac.nz/maonze/transcript?ag_id=1023#ew_0_630792,0.19,190,5.247024072,,
4982,oa,g_1024;em_12_96144;n_108595-n_108596;p_190;#=ew_69_233039;prefix=79083-;[0]=ew_0_631220,R009M,PresentElder,68.157,67.967,https://labbcat.canterbury.ac.nz/maonze/transcript?ag_id=1024#ew_0_631220,0.19,190,5.247024072,,
5027,oa,g_1035;em_12_96626;n_108926-n_17293;p_190;#=ew_69_234531;prefix=80887-;[0]=ew_0_638364,R009M,PresentElder,54.535,54.345,https://labbcat.canterbury.ac.nz/maonze/transcript?ag_id=1035#ew_0_638364,0.19,190,5.247024072,,
5071,oa,g_105;em_12_7269;n_37108-n_37109;p_41;#=ew_69_163902;prefix=14437-;[0]=ew_0_72652,K007M,PresentElder,140.906,140.716,https://labbcat.canterbury.ac.nz/maonze/transcript?ag_id=105#ew_0_72652,0.19,190,5.247024072,,
5153,oa,g_1130;em_12_105052;n_114600-n_114601;p_287;#=ew_69_227442;prefix=74425-;[0]=ew_0_692057,R006M,PresentElder,199.947,199.757,https://labbcat.canterbury.ac.nz/maonze/transcript?ag_id=1130#ew_0_692057,0.19,190,5.247024072,,
5157,oa,g_116;em_12_8379;n_37937-n_37938;p_43;#=ew_69_212003;prefix=59093-;[0]=ew_0_81173,MU02M,Historical,257.336,257.146,https://labbcat.canterbury.ac.nz/maonze/transcript?ag_id=116#ew_0_81173,0.19,190,5.247024072,,
5159,oa,g_116;em_12_8392;n_37950-n_37951;p_43;#=ew_69_212052;prefix=59138-;[0]=ew_0_81302,MU02M,Historical,308.843,308.653,https://labbcat.canterbury.ac.nz/maonze/transcript?ag_id=116#ew_0_81302,0.19,190,5.247024072,,
5190,oa,g_1208;em_12_109563;n_118351-n_118352;p_244;#=ew_69_243667;prefix=90382-;[0]=ew_0_729158,WU04M,Historical,179.65,179.46,https://labbcat.canterbury.ac.nz/maonze/transcript?ag_id=1208#ew_0_729158,0.19,190,5.247024072,,
5249,oa,g_1372;em_12_118272;n_123819-n_123820;p_287;#=ew_69_227872;prefix=74772-;[0]=ew_0_814349,R006M,PresentElder,170.333,170.143,https://labbcat.canterbury.ac.nz/maonze/transcript?ag_id=1372#ew_0_814349,0.19,190,5.247024072,,
5252,oa,g_138;em_12_9622;n_39094-n_39095;p_284;#=ew_69_209955;prefix=57739-;[0]=ew_0_92694,MU01M,Historical,61.894,61.704,https://labbcat.canterbury.ac.nz/maonze/transcript?ag_id=138#ew_0_92694,0.19,190,5.247024072,,
5257,oa,g_138;em_12_9656;n_39128-n_39129;p_284;#=ew_69_210285;prefix=57870-;[0]=ew_0_93107,MU01M,Historical,253.283,253.093,https://labbcat.canterbury.ac.nz/maonze/transcript?ag_id=138#ew_0_93107,0.19,190,5.247024072,,
5281,oa,g_1391;em_12_151913;n_4711951-n_4711954;p_262;#=ew_69_249180;prefix=95038-;[0]=ew_0_1134662,WU08M,Historical,146.621,146.431,https://labbcat.canterbury.ac.nz/maonze/transcript?ag_id=1391#ew_0_1134662,0.19,190,5.247024072,,
5302,oa,g_14;em_12_1110;n_31744-n_31745;p_19;#=ew_69_151779;prefix=03163-;[0]=ew_0_9564,K002M,PresentElder,146.999,146.809,https://labbcat.canterbury.ac.nz/maonze/transcript?ag_id=14#ew_0_9564,0.19,190,5.247024072,,
5336,oa,g_1524;em_12_126161;n_130190-n_130191;p_287;#=ew_69_228737;prefix=75382-;[0]=ew_0_887653,R006M,PresentElder,163.41,163.22,https://labbcat.canterbury.ac.nz/maonze/transcript?ag_id=1524#ew_0_887653,0.19,190,5.247024072,,
5344,oa,g_1525;em_12_126184;n_130210-n_6614548;p_287;#=ew_69_228658;prefix=75493-;[0]=ew_0_887991,R006M,PresentElder,59.768,59.578,https://labbcat.canterbury.ac.nz/maonze/transcript?ag_id=1525#ew_0_887991,0.19,190,5.247024072,,
5425,oa,g_1638;em_12_133051;n_135278-n_135279;p_288;#=ew_69_195826;prefix=44524-;[0]=ew_0_941510,L2H03M,L2,100.432,100.242,https://labbcat.canterbury.ac.nz/maonze/transcript?ag_id=1638#ew_0_941510,0.19,190,5.247024072,,
5433,oa,g_1644;em_12_133405;n_135608-n_135609;p_288;#=ew_69_196173;prefix=45290-;[0]=ew_0_944338,L2H03M,L2,31.06,30.87,https://labbcat.canterbury.ac.nz/maonze/transcript?ag_id=1644#ew_0_944338,0.19,190,5.247024072,,
5509,oa,g_1677;em_12_135361;n_27550-n_137087;p_307;#=ew_69_200048;prefix=48459-;[0]=ew_0_960862,L2H05M,L2,176.916,176.726,https://labbcat.canterbury.ac.nz/maonze/transcript?ag_id=1677#ew_0_960862,0.19,190,5.247024072,,
5537,oa,g_1746;em_12_139623;n_140336-n_140337;p_318;#=ew_69_231067;prefix=77641-;[0]=ew_0_1001478,R008M,PresentElder,154.432,154.242,https://labbcat.canterbury.ac.nz/maonze/transcript?ag_id=1746#ew_0_1001478,0.19,190,5.247024072,,
5538,oa,g_1747;em_12_139697;n_140403-n_140404;p_318;#=ew_69_230990;prefix=77725-;[0]=ew_0_1001843,R008M,PresentElder,144.428,144.238,https://labbcat.canterbury.ac.nz/maonze/transcript?ag_id=1747#ew_0_1001843,0.19,190,5.247024072,,
5585,oa,g_1842;em_12_149151;n_3849653-n_3849666;p_49;#=ew_69_204930;prefix=52702-;[0]=ew_0_1102595,L2Y03M,L2,257.756,257.566,https://labbcat.canterbury.ac.nz/maonze/transcript?ag_id=1842#ew_0_1102595,0.19,190,5.247024072,,
5592,oa,g_1844;em_12_149250;n_3850991-n_3851007;p_49;#=ew_69_204798;prefix=52957-;[0]=ew_0_1103731,L2Y03M,L2,191.15,190.96,https://labbcat.canterbury.ac.nz/maonze/transcript?ag_id=1844#ew_0_1103731,0.19,190,5.247024072,,
5642,oa,g_1890;em_12_155508;n_5265777-n_5265795;p_334;#=ew_69_237518;prefix=84051-;[0]=ew_0_1175919,R011M,PresentElder,140.819,140.629,https://labbcat.canterbury.ac.nz/maonze/transcript?ag_id=1890#ew_0_1175919,0.19,190,5.247024072,,
5665,oa,g_1897;em_12_156010;n_5274222-n_5274239;p_333;#=ew_69_238642;prefix=84729-;[0]=ew_0_1182019,R012M,PresentElder,159.777,159.587,https://labbcat.canterbury.ac.nz/maonze/transcript?ag_id=1897#ew_0_1182019,0.19,190,5.247024072,,
5695,oa,g_1903;em_12_156460;n_5279981-n_5280005;p_333;#=ew_69_239995;prefix=85588-;[0]=ew_0_1186999,R012M,PresentElder,170.654,170.464,https://labbcat.canterbury.ac.nz/maonze/transcript?ag_id=1903#ew_0_1186999,0.19,190,5.247024072,,
5702,oa,g_1905;em_12_156646;n_5281603-n_5281615;p_333;#=ew_69_238911;prefix=85854-;[0]=ew_0_1189236,R012M,PresentElder,61.053,60.863,https://labbcat.canterbury.ac.nz/maonze/transcript?ag_id=1905#ew_0_1189236,0.19,190,5.247024072,,
5720,oa,g_1909;em_12_156812;n_5285658-n_5285670;p_333;#=ew_69_241067;prefix=86658-;[0]=ew_0_1192471,R012M,PresentElder,192.177,191.987,https://labbcat.canterbury.ac.nz/maonze/transcript?ag_id=1909#ew_0_1192471,0.19,190,5.247024072,,
5756,oa,g_1920;em_12_161258;n_6079166-n_6079183;p_142;#=ew_69_183411;prefix=32694-;[0]=ew_0_1247809,L1Y01M,L1,100.809,100.619,https://labbcat.canterbury.ac.nz/maonze/transcript?ag_id=1920#ew_0_1247809,0.19,190,5.247024072,,
5785,oa,g_1945;em_12_165926;n_6848423-n_6848434;p_28;#=ew_69_151256;prefix=01640-;[0]=ew_0_1297934,K001M,PresentElder,179.039,178.849,https://labbcat.canterbury.ac.nz/maonze/transcript?ag_id=1945#ew_0_1297934,0.19,190,5.247024072,,
5819,oa,g_305;em_12_162429;n_6240928-n_6240931;p_81;#=ew_69_186574;prefix=35044-;[0]=ew_0_1265967,L1Y03M,L1,66.571,66.381,https://labbcat.canterbury.ac.nz/maonze/transcript?ag_id=305#ew_0_1265967,0.19,190,5.247024072,,
5859,oa,g_318;em_12_149606;n_3956220-n_3956222;p_89;#=ew_69_187983;prefix=36908-;[0]=ew_0_1109923,L1Y04M,L1,213.617,213.427,https://labbcat.canterbury.ac.nz/maonze/transcript?ag_id=318#ew_0_1109923,0.19,190,5.247024072,,
5871,oa,g_320;em_12_31353;n_55950-n_3841138;p_89;#=ew_69_188254;prefix=37110-;[0]=ew_0_214404,L1Y04M,L1,84.692,84.502,https://labbcat.canterbury.ac.nz/maonze/transcript?ag_id=320#ew_0_214404,0.19,190,5.247024072,,
5941,oa,g_365;em_12_35328;n_4458970-n_59169;p_92;#=ew_69_212929;prefix=60063-;[0]=ew_0_236299,MU04M,Historical,217.996,217.806,https://labbcat.canterbury.ac.nz/maonze/transcript?ag_id=365#ew_0_236299,0.19,190,5.247024072,,
5942,oa,g_366;em_12_35382;n_4458656-n_59221;p_92;#=ew_69_212272;prefix=60116-;[0]=ew_0_236520,MU04M,Historical,29.65,29.46,https://labbcat.canterbury.ac.nz/maonze/transcript?ag_id=366#ew_0_236520,0.19,190,5.247024072,,
5955,oa,g_369;em_12_35858;n_7019177-n_59685;p_92;#=ew_69_212934;prefix=60579-;[0]=ew_0_238081,MU04M,Historical,39.269,39.079,https://labbcat.canterbury.ac.nz/maonze/transcript?ag_id=369#ew_0_238081,0.19,190,5.247024072,,
5988,oa,g_375;em_12_36884;n_60691-n_60692;p_92;#=ew_69_213246;prefix=61497-;[0]=ew_0_242596,MU04M,Historical,41.78,41.59,https://labbcat.canterbury.ac.nz/maonze/transcript?ag_id=375#ew_0_242596,0.19,190,5.247024072,,
5995,oa,g_377;em_12_150225;n_61103-n_5885652;p_94;#=ew_69_214072;prefix=61835-;[0]=ew_0_1120061,MU05M,Historical,103.334,103.144,https://labbcat.canterbury.ac.nz/maonze/transcript?ag_id=377#ew_0_1120061,0.19,190,5.247024072,,
6033,oa,g_448;em_12_161417;n_6125975-n_6125978;p_110;#=ew_69_155733;prefix=06533-;[0]=ew_0_1253570,K003M,PresentElder,347.926,347.736,https://labbcat.canterbury.ac.nz/maonze/transcript?ag_id=448#ew_0_1253570,0.19,190,5.247024072,,
6051,oa,g_455;em_12_158553;n_5392094-n_5392100;p_112;#=ew_69_161106;prefix=11654-;[0]=ew_0_1209097,K006M,PresentElder,81.094,80.904,https://labbcat.canterbury.ac.nz/maonze/transcript?ag_id=455#ew_0_1209097,0.19,190,5.247024072,,
6079,oa,g_477;em_12_49137;n_8136-n_71056;p_121;#=ew_69_167264;prefix=17615-;[0]=ew_0_306659,K009M,PresentElder,33.652,33.462,https://labbcat.canterbury.ac.nz/maonze/transcript?ag_id=477#ew_0_306659,0.19,190,5.247024072,,
6145,oa,g_52;em_12_3758;n_34091-n_34092;p_32;#=ew_69_158107;prefix=08192-;[0]=ew_0_34778,K004M,PresentElder,256.85,256.66,https://labbcat.canterbury.ac.nz/maonze/transcript?ag_id=52#ew_0_34778,0.19,190,5.247024072,,
6157,oa,g_58;em_12_162179;n_6217264-n_6217266;p_32;#=ew_69_159787;prefix=09474-;[0]=ew_0_1262610,K004M,PresentElder,221.656,221.466,https://labbcat.canterbury.ac.nz/maonze/transcript?ag_id=58#ew_0_1262610,0.19,190,5.247024072,,
6158,oa,g_58;em_12_162179;n_6217264-n_6217266;p_32;#=ew_69_159788;prefix=09475-;[0]=ew_0_1262966,K004M,PresentElder,222.456,222.266,https://labbcat.canterbury.ac.nz/maonze/transcript?ag_id=58#ew_0_1262966,0.19,190,5.247024072,,
6170,oa,g_597;em_12_63911;n_83511-n_83512;p_140;#=ew_69_189436;prefix=38418-;[0]=ew_0_381067,L1Y05M,L1,274.592,274.402,https://labbcat.canterbury.ac.nz/maonze/transcript?ag_id=597#ew_0_381067,0.19,190,5.247024072,,
6206,oa,g_610;em_12_64667;n_84235-n_84236;p_142;#=ew_69_181934;prefix=30968-;[0]=ew_0_388684,L1Y01M,L1,24.845,24.655,https://labbcat.canterbury.ac.nz/maonze/transcript?ag_id=610#ew_0_388684,0.19,190,5.247024072,,
6259,oa,g_631;em_12_66035;n_85500-n_85501;p_143;#=ew_69_202438;prefix=51355-;[0]=ew_0_401077,L2Y02M,L2,229.771,229.581,https://labbcat.canterbury.ac.nz/maonze/transcript?ag_id=631#ew_0_401077,0.19,190,5.247024072,,
6315,oa,g_662;em_12_70375;n_89175-n_89176;p_148;#=ew_69_207131;prefix=55076-;[0]=ew_0_420029,L2Y05M,L2,204.296,204.106,https://labbcat.canterbury.ac.nz/maonze/transcript?ag_id=662#ew_0_420029,0.19,190,5.247024072,,
6343,oa,g_77;em_12_5371;n_35466-n_35467;p_37;#=ew_69_160704;prefix=10349-;[0]=ew_0_52569,K005M,PresentElder,112.526,112.336,https://labbcat.canterbury.ac.nz/maonze/transcript?ag_id=77#ew_0_52569,0.19,190,5.247024072,,
6348,oa,g_8;em_12_516;n_31170-n_31171;p_28;#=ew_69_149948;prefix=01189-;[0]=ew_0_4822,K001M,PresentElder,234.162,233.972,https://labbcat.canterbury.ac.nz/maonze/transcript?ag_id=8#ew_0_4822,0.19,190,5.247024072,,
6360,oa,g_850;em_12_85503;n_100518-n_100519;p_167;#=ew_69_171236;prefix=20931-;[0]=ew_0_541377,L1H01M,L1,54.306,54.116,https://labbcat.canterbury.ac.nz/maonze/transcript?ag_id=850#ew_0_541377,0.19,190,5.247024072,,
6409,oa,g_865;em_12_86628;n_101479-n_101480;p_168;#=ew_69_173645;prefix=23326-;[0]=ew_0_550370,L1H02M,L1,260.566,260.376,https://labbcat.canterbury.ac.nz/maonze/transcript?ag_id=865#ew_0_550370,0.19,190,5.247024072,,
6428,oa,g_872;em_12_87165;n_101832-n_101833;p_168;#=ew_69_173993;prefix=24362-;[0]=ew_0_554289,L1H02M,L1,111.751,111.561,https://labbcat.canterbury.ac.nz/maonze/transcript?ag_id=872#ew_0_554289,0.19,190,5.247024072,,
6440,oa,g_880;em_12_170088;n_6964689-n_6964690;p_169;#=ew_69_175448;prefix=25030-;[0]=ew_0_1330199,L1H03M,L1,64.11,63.92,https://labbcat.canterbury.ac.nz/maonze/transcript?ag_id=880#ew_0_1330199,0.19,190,5.247024072,,
6460,oa,g_889;em_12_88262;n_102552-n_102553;p_174;#=ew_69_178825;prefix=29065-;[0]=ew_0_1224036,L1H05M,L1,32.141,31.951,https://labbcat.canterbury.ac.nz/maonze/transcript?ag_id=889#ew_0_1224036,0.19,190,5.247024072,,
6472,oa,g_894;em_12_88461;n_5774575-n_102720;p_174;#=ew_69_179296;prefix=28353-;[0]=ew_0_563371,L1H05M,L1,116.102,115.912,https://labbcat.canterbury.ac.nz/maonze/transcript?ag_id=894#ew_0_563371,0.19,190,5.247024072,,
6488,oa,g_901;em_12_88863;n_6967398-n_6967399;p_173;#=ew_69_177259;prefix=26884-;[0]=ew_0_567361,L1H04M,L1,205.662,205.472,https://labbcat.canterbury.ac.nz/maonze/transcript?ag_id=901#ew_0_567361,0.19,190,5.247024072,,
6491,oa,g_902;em_12_88917;n_103089-n_103090;p_173;#=ew_69_177501;prefix=26995-;[0]=ew_0_567735,L1H04M,L1,169.137,168.947,https://labbcat.canterbury.ac.nz/maonze/transcript?ag_id=902#ew_0_567735,0.19,190,5.247024072,,
6522,oa,g_927;em_12_90315;n_104134-n_104135;p_179;#=ew_69_217226;prefix=64687-;[0]=ew_0_580344,R001M,PresentElder,90.118,89.928,https://labbcat.canterbury.ac.nz/maonze/transcript?ag_id=927#ew_0_580344,0.19,190,5.247024072,,
6524,oa,g_928;em_12_90416;n_104234-n_104235;p_179;#=ew_69_217813;prefix=64884-;[0]=ew_0_580944,R001M,PresentElder,133.044,132.854,https://labbcat.canterbury.ac.nz/maonze/transcript?ag_id=928#ew_0_580944,0.19,190,5.247024072,,
6598,oa,g_962;em_12_92418;n_105946-n_105947;p_183;#=ew_69_222609;prefix=69524-;[0]=ew_0_598191,R003M,PresentElder,256.895,256.705,https://labbcat.canterbury.ac.nz/maonze/transcript?ag_id=962#ew_0_598191,0.19,190,5.247024072,,
6599,oa,g_963;em_12_92441;n_105957-n_105958;p_183;#=ew_69_221756;prefix=69562-;[0]=ew_0_598366,R003M,PresentElder,33.841,33.651,https://labbcat.canterbury.ac.nz/maonze/transcript?ag_id=963#ew_0_598366,0.19,190,5.247024072,,
6602,oa,g_967;em_12_92722;n_106141-n_106142;p_183;#=ew_69_222947;prefix=70087-;[0]=ew_0_600785,R003M,PresentElder,121.456,121.266,https://labbcat.canterbury.ac.nz/maonze/transcript?ag_id=967#ew_0_600785,0.19,190,5.247024072,,
6629,oa,g_975;em_12_93243;n_106543-n_16305;p_184;#=ew_69_224172;prefix=71257-;[0]=ew_0_604966,R004M,PresentElder,146.077,145.887,https://labbcat.canterbury.ac.nz/maonze/transcript?ag_id=975#ew_0_604966,0.19,190,5.247024072,,
6708,ua,g_1009;em_12_95344;n_16670-n_108276;p_188;#=ew_69_229746;prefix=76293-;[0]=ew_0_624448,R007M,PresentElder,129.134,128.944,https://labbcat.canterbury.ac.nz/maonze/transcript?ag_id=1009#ew_0_624448,0.19,190,5.247024072,,
6764,ua,g_1018;em_12_95942;n_17043-n_17044;p_188;#=ew_69_230441;prefix=77230-;[0]=ew_0_628628,R007M,PresentElder,99.566,99.376,https://labbcat.canterbury.ac.nz/maonze/transcript?ag_id=1018#ew_0_628628,0.19,190,5.247024072,,
6817,ua,g_1027;em_12_96279;n_17194-n_108682;p_190;#=ew_69_232816;prefix=79567-;[0]=ew_0_633251,R009M,PresentElder,65.096,64.906,https://labbcat.canterbury.ac.nz/maonze/transcript?ag_id=1027#ew_0_633251,0.19,190,5.247024072,,
6820,ua,g_1028;em_12_163736;n_6702385-n_6702390;p_190;#=ew_69_233345;prefix=79835-;[0]=ew_0_1283021,R009M,PresentElder,222.646,222.456,https://labbcat.canterbury.ac.nz/maonze/transcript?ag_id=1028#ew_0_1283021,0.19,190,5.247024072,,
6861,ua,g_1033;em_12_96560;n_17278-n_108875;p_190;#=ew_69_233689;prefix=80545-;[0]=ew_0_637251,R009M,PresentElder,147.934,147.744,https://labbcat.canterbury.ac.nz/maonze/transcript?ag_id=1033#ew_0_637251,0.19,190,5.247024072,,
6906,ua,g_1038;em_12_163787;n_6745973-n_6745976;p_193;#=ew_69_235525;prefix=81679-;[0]=ew_0_1283441,R010M,PresentElder,248.028,247.838,https://labbcat.canterbury.ac.nz/maonze/transcript?ag_id=1038#ew_0_1283441,0.19,190,5.247024072,,
7031,ua,g_1072;em_12_151820;n_4690937-n_4690939;p_206;#=ew_69_245820;prefix=91363-;[0]=ew_0_1133685,WU06M,Historical,45.339,45.149,https://labbcat.canterbury.ac.nz/maonze/transcript?ag_id=1072#ew_0_1133685,0.19,190,5.247024072,,
7062,ua,g_1075;em_12_99781;n_110975-n_110976;p_208;#=ew_69_245548;prefix=91863-;[0]=ew_0_662302,WU07M,Historical,206.822,206.632,https://labbcat.canterbury.ac.nz/maonze/transcript?ag_id=1075#ew_0_662302,0.19,190,5.247024072,,
7092,ua,g_1079;em_12_99960;n_111134-n_111135;p_208;#=ew_69_245993;prefix=92228-;[0]=ew_0_663828,WU07M,Historical,72.829,72.639,https://labbcat.canterbury.ac.nz/maonze/transcript?ag_id=1079#ew_0_663828,0.19,190,5.247024072,,
7113,ua,g_1082;em_12_100132;n_111270-n_111271;p_208;#=ew_69_246900;prefix=92606-;[0]=ew_0_665352,WU07M,Historical,52.302,52.112,https://labbcat.canterbury.ac.nz/maonze/transcript?ag_id=1082#ew_0_665352,0.19,190,5.247024072,,
7185,ua,g_109;em_12_7490;n_792-n_37286;p_41;#=ew_69_165147;prefix=15170-;[0]=ew_0_75234,K007M,PresentElder,56.971,56.781,https://labbcat.canterbury.ac.nz/maonze/transcript?ag_id=109#ew_0_75234,0.19,190,5.247024072,,
7218,ua,g_1130;em_12_105059;n_114607-n_114608;p_287;#=ew_69_227464;prefix=74447-;[0]=ew_0_692151,R006M,PresentElder,245.924,245.734,https://labbcat.canterbury.ac.nz/maonze/transcript?ag_id=1130#ew_0_692151,0.19,190,5.247024072,,
7291,ua,g_1200;em_12_108614;n_117418-n_117419;p_244;#=ew_69_242858;prefix=89028-;[0]=ew_0_724150,WU04M,Historical,26.339,26.149,https://labbcat.canterbury.ac.nz/maonze/transcript?ag_id=1200#ew_0_724150,0.19,190,5.247024072,,
7328,ua,g_1229;em_12_160214;n_5826831-n_21031;p_249;#=ew_69_179889;prefix=29395-;[0]=ew_0_1229591,L1H06M,L1,206.362,206.172,https://labbcat.canterbury.ac.nz/maonze/transcript?ag_id=1229#ew_0_1229591,0.19,190,5.247024072,,
7329,ua,g_1229;em_12_160225;n_5826484-n_5826503;p_249;#=ew_69_179814;prefix=29321-;[0]=ew_0_1227084,L1H06M,L1,78.003,77.813,https://labbcat.canterbury.ac.nz/maonze/transcript?ag_id=1229#ew_0_1227084,0.19,190,5.247024072,,
7332,ua,g_1230;em_12_160226;n_5826906-n_21069;p_249;#=ew_69_180106;prefix=29458-;[0]=ew_0_1227606,L1H06M,L1,111.748,111.558,https://labbcat.canterbury.ac.nz/maonze/transcript?ag_id=1230#ew_0_1227606,0.19,190,5.247024072,,
7335,ua,g_1231;em_12_110882;n_21162-n_21163;p_249;#=ew_69_180268;prefix=29590-;[0]=ew_0_740469,L1H06M,L1,214.852,214.662,https://labbcat.canterbury.ac.nz/maonze/transcript?ag_id=1231#ew_0_740469,0.19,190,5.247024072,,
7416,ua,g_131;em_12_8889;n_38369-n_38370;p_284;#=ew_69_209077;prefix=56847-;[0]=ew_0_85939,MU01M,Historical,133.681,133.491,https://labbcat.canterbury.ac.nz/maonze/transcript?ag_id=131#ew_0_85939,0.19,190,5.247024072,,
7433,ua,g_134;em_12_9130;n_38607-n_38608;p_284;#=ew_69_209566;prefix=57402-;[0]=ew_0_88228,MU01M,Historical,281.326,281.136,https://labbcat.canterbury.ac.nz/maonze/transcript?ag_id=134#ew_0_88228,0.19,190,5.247024072,,
7466,ua,g_1372;em_12_118256;n_123803-n_123804;p_287;#=ew_69_227745;prefix=74697-;[0]=ew_0_814137,R006M,PresentElder,75.494,75.304,https://labbcat.canterbury.ac.nz/maonze/transcript?ag_id=1372#ew_0_814137,0.19,190,5.247024072,,
7591,ua,g_1517;em_12_125796;n_129875-n_129876;p_276;#=ew_69_242204;prefix=88003-;[0]=ew_0_883472,WU03M,Historical,166.331,166.141,https://labbcat.canterbury.ac.nz/maonze/transcript?ag_id=1517#ew_0_883472,0.19,190,5.247024072,,
7611,ua,g_1522;em_12_126068;n_130109-n_130110;p_287;#=ew_69_228398;prefix=75012-;[0]=ew_0_886226,R006M,PresentElder,57.617,57.427,https://labbcat.canterbury.ac.nz/maonze/transcript?ag_id=1522#ew_0_886226,0.19,190,5.247024072,,
7734,ua,g_1618;em_12_131825;n_134298-n_134299;p_299;#=ew_69_192361;prefix=40696-;[0]=ew_0_933574,L2H01M,L2,222.554,222.364,https://labbcat.canterbury.ac.nz/maonze/transcript?ag_id=1618#ew_0_933574,0.19,190,5.247024072,,
7749,ua,g_1620;em_12_131963;n_134411-n_134412;p_299;#=ew_69_191884;prefix=40915-;[0]=ew_0_934738,L2H01M,L2,255.987,255.797,https://labbcat.canterbury.ac.nz/maonze/transcript?ag_id=1620#ew_0_934738,0.19,190,5.247024072,,
7838,ua,g_1638;em_12_133083;n_135308-n_135309;p_288;#=ew_69_195915;prefix=44567-;[0]=ew_0_941709,L2H03M,L2,211.833,211.643,https://labbcat.canterbury.ac.nz/maonze/transcript?ag_id=1638#ew_0_941709,0.19,190,5.247024072,,
7866,ua,g_1642;em_12_133320;n_135529-n_135530;p_288;#=ew_69_196505;prefix=45096-;[0]=ew_0_943645,L2H03M,L2,189.69,189.5,https://labbcat.canterbury.ac.nz/maonze/transcript?ag_id=1642#ew_0_943645,0.19,190,5.247024072,,
7923,ua,g_1651;em_12_133996;n_136063-n_136064;p_300;#=ew_69_194186;prefix=42892-;[0]=ew_0_948291,L2H02M,L2,248.938,248.748,https://labbcat.canterbury.ac.nz/maonze/transcript?ag_id=1651#ew_0_948291,0.19,190,5.247024072,,
8121,ua,g_1749;em_12_139830;n_140516-n_140517;p_318;#=ew_69_231291;prefix=77916-;[0]=ew_0_1002556,R008M,PresentElder,127.398,127.208,https://labbcat.canterbury.ac.nz/maonze/transcript?ag_id=1749#ew_0_1002556,0.19,190,5.247024072,,
8124,ua,g_1749;em_12_139851;n_140535-n_140536;p_318;#=ew_69_231372;prefix=77956-;[0]=ew_0_1002684,R008M,PresentElder,207.509,207.319,https://labbcat.canterbury.ac.nz/maonze/transcript?ag_id=1749#ew_0_1002684,0.19,190,5.247024072,,
8151,ua,g_1752;em_12_140053;n_140709-n_140710;p_318;#=ew_69_231773;prefix=78281-;[0]=ew_0_1003758,R008M,PresentElder,152.653,152.463,https://labbcat.canterbury.ac.nz/maonze/transcript?ag_id=1752#ew_0_1003758,0.19,190,5.247024072,,
8301,ua,g_19;em_12_1481;n_32101-n_32102;p_19;#=ew_69_152402;prefix=02775-;[0]=ew_0_12941,K002M,PresentElder,45.351,45.161,https://labbcat.canterbury.ac.nz/maonze/transcript?ag_id=19#ew_0_12941,0.19,190,5.247024072,,
8318,ua,g_1901;em_12_156347;n_5278369-n_5278391;p_333;#=ew_69_239251;prefix=85122-;[0]=ew_0_1185247,R012M,PresentElder,220.772,220.582,https://labbcat.canterbury.ac.nz/maonze/transcript?ag_id=1901#ew_0_1185247,0.19,190,5.247024072,,
8409,ua,g_1911;em_12_156966;n_5287670-n_5287688;p_333;#=ew_69_240644;prefix=87132-;[0]=ew_0_1193757,R012M,PresentElder,150.306,150.116,https://labbcat.canterbury.ac.nz/maonze/transcript?ag_id=1911#ew_0_1193757,0.19,190,5.247024072,,
8444,ua,g_1922;em_12_162597;n_6278729-n_6278736;p_337;#=ew_69_216890;prefix=64243-;[0]=ew_0_1267638,MU11M,Historical,98.682,98.492,https://labbcat.canterbury.ac.nz/maonze/transcript?ag_id=1922#ew_0_1267638,0.19,190,5.247024072,,
8455,ua,g_1942;em_12_165564;n_6842374-n_6842388;p_41;#=ew_69_164956;prefix=15025-;[0]=ew_0_1295114,K007M,PresentElder,209.077,208.887,https://labbcat.canterbury.ac.nz/maonze/transcript?ag_id=1942#ew_0_1295114,0.19,190,5.247024072,,
8650,ua,g_319;em_12_31165;n_55780-n_55782;p_89;#=ew_69_187895;prefix=36987-;[0]=ew_0_213746,L1Y04M,L1,100.868,100.678,https://labbcat.canterbury.ac.nz/maonze/transcript?ag_id=319#ew_0_213746,0.19,190,5.247024072,,
8730,ua,g_334;em_12_161021;n_6031608-n_6031611;p_85;#=ew_69_185054;prefix=34233-;[0]=ew_0_1242578,L1Y02M,L1,110.854,110.664,https://labbcat.canterbury.ac.nz/maonze/transcript?ag_id=334#ew_0_1242578,0.19,190,5.247024072,,
8798,ua,g_346;em_12_33663;n_6080-n_57811;p_85;#=ew_69_185126;prefix=34263-;[0]=ew_0_226324,L1Y02M,L1,105.179,104.989,https://labbcat.canterbury.ac.nz/maonze/transcript?ag_id=346#ew_0_226324,0.19,190,5.247024072,,
8806,ua,g_349;em_12_33748;n_57874-n_57875;p_87;#=ew_69_211298;prefix=59801-;[0]=ew_0_227137,MU03M,Historical,22.06,21.87,https://labbcat.canterbury.ac.nz/maonze/transcript?ag_id=349#ew_0_227137,0.19,190,5.247024072,,
8815,ua,g_350;em_12_33800;n_57925-n_57926;p_87;#=ew_69_210870;prefix=59651-;[0]=ew_0_1112916,MU03M,Historical,86.487,86.297,https://labbcat.canterbury.ac.nz/maonze/transcript?ag_id=350#ew_0_1112916,0.19,190,5.247024072,,
8829,ua,g_365;em_12_35365;n_59205-n_59206;p_92;#=ew_69_213010;prefix=60101-;[0]=ew_0_1119503,MU04M,Historical,280.46,280.27,https://labbcat.canterbury.ac.nz/maonze/transcript?ag_id=365#ew_0_1119503,0.19,190,5.247024072,,
8887,ua,g_378;em_12_37397;n_61201-n_61215;p_94;#=ew_69_214524;prefix=61906-;[0]=ew_0_1235059,MU05M,Historical,32.564,32.374,https://labbcat.canterbury.ac.nz/maonze/transcript?ag_id=378#ew_0_1235059,0.19,190,5.247024072,,
8900,ua,g_383;em_12_38668;n_62466-n_62467;p_95;#=ew_69_215255;prefix=62331-;[0]=ew_0_246912,MU06M,Historical,317.724,317.534,https://labbcat.canterbury.ac.nz/maonze/transcript?ag_id=383#ew_0_246912,0.19,190,5.247024072,,
8957,ua,g_448;em_12_161524;n_6125898-n_6125900;p_110;#=ew_69_155256;prefix=06416-;[0]=ew_0_1253597,K003M,PresentElder,207.099,206.909,https://labbcat.canterbury.ac.nz/maonze/transcript?ag_id=448#ew_0_1253597,0.19,190,5.247024072,,
8960,ua,g_449;em_12_46402;n_68880-n_68881;p_110;#=ew_69_154678;prefix=06567-;[0]=ew_0_289742,K003M,PresentElder,100.315,100.125,https://labbcat.canterbury.ac.nz/maonze/transcript?ag_id=449#ew_0_289742,0.19,190,5.247024072,,
8961,ua,g_449;em_12_46403;n_68881-n_68882;p_110;#=ew_69_154681;prefix=06570-;[0]=ew_0_289744,K003M,PresentElder,102.056,101.866,https://labbcat.canterbury.ac.nz/maonze/transcript?ag_id=449#ew_0_289744,0.19,190,5.247024072,,
8974,ua,g_451;em_12_161315;n_6123513-n_6123528;p_110;#=ew_69_156456;prefix=07204-;[0]=ew_0_1253687,K003M,PresentElder,215.334,215.144,https://labbcat.canterbury.ac.nz/maonze/transcript?ag_id=451#ew_0_1253687,0.19,190,5.247024072,,
9148,ua,g_487;em_12_49925;n_71730-n_71731;p_122;#=ew_69_169452;prefix=19304-;[0]=ew_0_313195,K010M,PresentElder,177.744,177.554,https://labbcat.canterbury.ac.nz/maonze/transcript?ag_id=487#ew_0_313195,0.19,190,5.247024072,,
9202,ua,g_5;em_12_204;n_30867-n_6942835;p_28;#=ew_69_150996;prefix=01858-;[0]=ew_0_2389,K001M,PresentElder,216.663,216.473,https://labbcat.canterbury.ac.nz/maonze/transcript?ag_id=5#ew_0_2389,0.19,190,5.247024072,,
9249,ua,g_56;em_12_162031;n_6215582-n_6215583;p_32;#=ew_69_158471;prefix=09104-;[0]=ew_0_1260743,K004M,PresentElder,110.324,110.134,https://labbcat.canterbury.ac.nz/maonze/transcript?ag_id=56#ew_0_1260743,0.19,190,5.247024072,,
9267,ua,g_59;em_12_162193;n_6219117-n_6219118;p_32;#=ew_69_159548;prefix=09658-;[0]=ew_0_1263372,K004M,PresentElder,242.071,241.881,https://labbcat.canterbury.ac.nz/maonze/transcript?ag_id=59#ew_0_1263372,0.19,190,5.247024072,,
9325,ua,g_603;em_12_64285;n_83879-n_83880;p_140;#=ew_69_190808;prefix=39484-;[0]=ew_0_384940,L1Y05M,L1,264.066,263.876,https://labbcat.canterbury.ac.nz/maonze/transcript?ag_id=603#ew_0_384940,0.19,190,5.247024072,,
9350,ua,g_607;em_12_64539;n_84115-n_84116;p_140;#=ew_69_191171;prefix=40160-;[0]=ew_0_387350,L1Y05M,L1,133.91,133.72,https://labbcat.canterbury.ac.nz/maonze/transcript?ag_id=607#ew_0_387350,0.19,190,5.247024072,,
9384,ua,g_611;em_12_64735;n_84302-n_84303;p_142;#=ew_69_181816;prefix=31164-;[0]=ew_0_389479,L1Y01M,L1,134.395,134.205,https://labbcat.canterbury.ac.nz/maonze/transcript?ag_id=611#ew_0_389479,0.19,190,5.247024072,,
9388,ua,g_612;em_12_64782;n_84348-n_84349;p_142;#=ew_69_182224;prefix=31283-;[0]=ew_0_389960,L1Y01M,L1,131.727,131.537,https://labbcat.canterbury.ac.nz/maonze/transcript?ag_id=612#ew_0_389960,0.19,190,5.247024072,,
9600,ua,g_640;em_12_66833;n_86144-n_86145;p_145;#=ew_69_201629;prefix=49698-;[0]=ew_0_1108369,L2Y01M,L2,108.445,108.255,https://labbcat.canterbury.ac.nz/maonze/transcript?ag_id=640#ew_0_1108369,0.19,190,5.247024072,,
9632,ua,g_645;em_12_67196;n_7006048-n_86407;p_145;#=ew_69_202073;prefix=50251-;[0]=ew_0_411822,L2Y01M,L2,236.625,236.435,https://labbcat.canterbury.ac.nz/maonze/transcript?ag_id=645#ew_0_411822,0.19,190,5.247024072,,
9644,ua,g_650;em_12_67757;n_10800-n_86901;p_146;#=ew_69_206274;prefix=53872-;[0]=ew_0_413926,L2Y04M,L2,186.272,186.082,https://labbcat.canterbury.ac.nz/maonze/transcript?ag_id=650#ew_0_413926,0.19,190,5.247024072,,
9671,ua,g_663;em_12_70424;n_89220-n_89221;p_148;#=ew_69_207681;prefix=55241-;[0]=ew_0_420835,L2Y05M,L2,277.684,277.494,https://labbcat.canterbury.ac.nz/maonze/transcript?ag_id=663#ew_0_420835,0.19,190,5.247024072,,
9676,ua,g_664;em_12_171231;n_7016085-n_89250;p_148;#=ew_69_207285;prefix=55383-;[0]=ew_0_1116033,L2Y05M,L2,162.277,162.087,https://labbcat.canterbury.ac.nz/maonze/transcript?ag_id=664#ew_0_1116033,0.19,190,5.247024072,,
9694,ua,g_665;em_12_70485;n_89279-n_89280;p_148;#=ew_69_207614;prefix=55532-;[0]=ew_0_421833,L2Y05M,L2,134.317,134.127,https://labbcat.canterbury.ac.nz/maonze/transcript?ag_id=665#ew_0_421833,0.19,190,5.247024072,,
9709,ua,g_666;em_12_70530;n_89323-n_89324;p_148;#=ew_69_207727;prefix=55761-;[0]=ew_0_422603,L2Y05M,L2,208.63,208.44,https://labbcat.canterbury.ac.nz/maonze/transcript?ag_id=666#ew_0_422603,0.19,190,5.247024072,,
9745,ua,g_670;em_12_70685;n_89464-n_89465;p_148;#=ew_69_208608;prefix=56499-;[0]=ew_0_425354,L2Y05M,L2,291.212,291.022,https://labbcat.canterbury.ac.nz/maonze/transcript?ag_id=670#ew_0_425354,0.19,190,5.247024072,,
9755,ua,g_672;em_12_70739;n_89508-n_89509;p_148;#=ew_69_208391;prefix=56717-;[0]=ew_0_426264,L2Y05M,L2,108.815,108.625,https://labbcat.canterbury.ac.nz/maonze/transcript?ag_id=672#ew_0_426264,0.19,190,5.247024072,,
9780,ua,g_8;em_12_511;n_31165-n_31166;p_28;#=ew_69_149909;prefix=01174-;[0]=ew_0_4781,K001M,PresentElder,221.701,221.511,https://labbcat.canterbury.ac.nz/maonze/transcript?ag_id=8#ew_0_4781,0.19,190,5.247024072,,
9807,ua,g_84;em_12_5719;n_35770-n_35771;p_37;#=ew_69_160916;prefix=11156-;[0]=ew_0_57852,K005M,PresentElder,195.697,195.507,https://labbcat.canterbury.ac.nz/maonze/transcript?ag_id=84#ew_0_57852,0.19,190,5.247024072,,
9893,ua,g_862;em_12_86335;n_101256-n_14728;p_168;#=ew_69_172786;prefix=22726-;[0]=ew_0_547960,L1H02M,L1,83.578,83.388,https://labbcat.canterbury.ac.nz/maonze/transcript?ag_id=862#ew_0_547960,0.19,190,5.247024072,,
9900,ua,g_863;em_12_86424;n_101325-n_101326;p_168;#=ew_69_172976;prefix=22905-;[0]=ew_0_548684,L1H02M,L1,115.493,115.303,https://labbcat.canterbury.ac.nz/maonze/transcript?ag_id=863#ew_0_548684,0.19,190,5.247024072,,
9904,ua,g_864;em_12_86490;n_101367-n_101368;p_168;#=ew_69_173667;prefix=23017-;[0]=ew_0_549202,L1H02M,L1,51.942,51.752,https://labbcat.canterbury.ac.nz/maonze/transcript?ag_id=864#ew_0_549202,0.19,190,5.247024072,,
9928,ua,g_867;em_12_86724;n_101545-n_101546;p_168;#=ew_69_174401;prefix=23554-;[0]=ew_0_551090,L1H02M,L1,48.961,48.771,https://labbcat.canterbury.ac.nz/maonze/transcript?ag_id=867#ew_0_551090,0.19,190,5.247024072,,
9932,ua,g_867;em_12_86757;n_101570-n_101571;p_168;#=ew_69_174662;prefix=23625-;[0]=ew_0_551383,L1H02M,L1,162.8,162.61,https://labbcat.canterbury.ac.nz/maonze/transcript?ag_id=867#ew_0_551383,0.19,190,5.247024072,,
9944,ua,g_868;em_12_86846;n_101617-n_101618;p_168;#=ew_69_174120;prefix=23791-;[0]=ew_0_552066,L1H02M,L1,113.573,113.383,https://labbcat.canterbury.ac.nz/maonze/transcript?ag_id=868#ew_0_552066,0.19,190,5.247024072,,
9951,ua,g_869;em_12_86948;n_101675-n_101676;p_168;#=ew_69_174441;prefix=23982-;[0]=ew_0_552744,L1H02M,L1,147.045,146.855,https://labbcat.canterbury.ac.nz/maonze/transcript?ag_id=869#ew_0_552744,0.19,190,5.247024072,,
9958,ua,g_87;em_12_5855;n_35899-n_35900;p_37;#=ew_69_161011;prefix=11525-;[0]=ew_0_1092219,K005M,PresentElder,105.211,105.021,https://labbcat.canterbury.ac.nz/maonze/transcript?ag_id=87#ew_0_1092219,0.19,190,5.247024072,,
9971,ua,g_871;em_12_87107;n_101781-n_101782;p_168;#=ew_69_173887;prefix=24257-;[0]=ew_0_553914,L1H02M,L1,85.835,85.645,https://labbcat.canterbury.ac.nz/maonze/transcript?ag_id=871#ew_0_553914,0.19,190,5.247024072,,
10021,ua,g_881;em_12_87741;n_102216-n_29777;p_169;#=ew_69_175265;prefix=25124-;[0]=ew_0_557758,L1H03M,L1,238.697,238.507,https://labbcat.canterbury.ac.nz/maonze/transcript?ag_id=881#ew_0_557758,0.19,190,5.247024072,,
10039,ua,g_883;em_12_87825;n_102272-n_102273;p_169;#=ew_69_175755;prefix=25256-;[0]=ew_0_558307,L1H03M,L1,43.032,42.842,https://labbcat.canterbury.ac.nz/maonze/transcript?ag_id=883#ew_0_558307,0.19,190,5.247024072,,
10099,ua,g_897;em_12_88616;n_102852-n_102853;p_174;#=ew_69_178616;prefix=27855-;[0]=ew_0_565250,L1H05M,L1,142.3,142.11,https://labbcat.canterbury.ac.nz/maonze/transcript?ag_id=897#ew_0_565250,0.19,190,5.247024072,,
10120,ua,g_899;em_12_88716;n_102938-n_102939;p_173;#=ew_69_177598;prefix=27226-;[0]=ew_0_566260,L1H04M,L1,85.682,85.492,https://labbcat.canterbury.ac.nz/maonze/transcript?ag_id=899#ew_0_566260,0.19,190,5.247024072,,
10142,ua,g_902;em_12_88909;n_103083-n_103084;p_173;#=ew_69_177476;prefix=26980-;[0]=ew_0_567662,L1H04M,L1,138.974,138.784,https://labbcat.canterbury.ac.nz/maonze/transcript?ag_id=902#ew_0_567662,0.19,190,5.247024072,,
10189,ua,g_908;em_12_89178;n_15523-n_103260;p_173;#=ew_69_176973;prefix=26430-;[0]=ew_0_570570,L1H04M,L1,42.192,42.002,https://labbcat.canterbury.ac.nz/maonze/transcript?ag_id=908#ew_0_570570,0.19,190,5.247024072,,
10290,ua,g_929;em_12_90538;n_104355-n_104356;p_179;#=ew_69_216934;prefix=65129-;[0]=ew_0_581727,R001M,PresentElder,64.236,64.046,https://labbcat.canterbury.ac.nz/maonze/transcript?ag_id=929#ew_0_581727,0.19,190,5.247024072,,
10419,ua,g_949;em_12_91732;n_105394-n_105395;p_181;#=ew_69_220545;prefix=67599-;[0]=ew_0_590690,R002M,PresentElder,136.928,136.738,https://labbcat.canterbury.ac.nz/maonze/transcript?ag_id=949#ew_0_590690,0.19,190,5.247024072,,
10421,ua,g_949;em_12_91736;n_105398-n_105399;p_181;#=ew_69_220555;prefix=67609-;[0]=ew_0_590742,R002M,PresentElder,160.482,160.292,https://labbcat.canterbury.ac.nz/maonze/transcript?ag_id=949#ew_0_590742,0.19,190,5.247024072,,
10457,ua,g_956;em_12_92068;n_105671-n_105672;p_181;#=ew_69_221125;prefix=68496-;[0]=ew_0_595052,R002M,PresentElder,192.912,192.722,https://labbcat.canterbury.ac.nz/maonze/transcript?ag_id=956#ew_0_595052,0.19,190,5.247024072,,
10551,ua,g_971;em_12_92959;n_106335-n_106336;p_184;#=ew_69_223640;prefix=70642-;[0]=ew_0_602775,R004M,PresentElder,199.243,199.053,https://labbcat.canterbury.ac.nz/maonze/transcript?ag_id=971#ew_0_602775,0.19,190,5.247024072,,
10583,ua,g_977;em_12_93402;n_16380-n_16381;p_184;#=ew_69_224587;prefix=71533-;[0]=ew_0_605929,R004M,PresentElder,95.253,95.063,https://labbcat.canterbury.ac.nz/maonze/transcript?ag_id=977#ew_0_605929,0.19,190,5.247024072,,
10655,ua,g_988;em_12_93981;n_107047-n_107048;p_182;#=ew_69_225721;prefix=73187-;[0]=ew_0_611415,R005M,PresentElder,99.262,99.072,https://labbcat.canterbury.ac.nz/maonze/transcript?ag_id=988#ew_0_611415,0.19,190,5.247024072,,
11,ea,g_100;em_12_162735;n_6282081-n_6282086;p_41;#=ew_69_162840;prefix=13287-;[0]=ew_0_1268884,K007M,PresentElder,257.041,256.861,https://labbcat.canterbury.ac.nz/maonze/transcript?ag_id=100#ew_0_1268884,0.18,180,5.192956851,,
101,ea,g_1030;em_12_96442;n_108787-n_108788;p_190;#=ew_69_234235;prefix=80151-;[0]=ew_0_635546,R009M,PresentElder,193.951,193.771,https://labbcat.canterbury.ac.nz/maonze/transcript?ag_id=1030#ew_0_635546,0.18,180,5.192956851,,
150,ea,g_104;em_12_7236;n_37077-n_37078;p_41;#=ew_69_164682;prefix=14345-;[0]=ew_0_72235,K007M,PresentElder,256.786,256.606,https://labbcat.canterbury.ac.nz/maonze/transcript?ag_id=104#ew_0_72235,0.18,180,5.192956851,,
290,ea,g_1091;em_12_100655;n_111695-n_111696;p_208;#=ew_69_247549;prefix=93784-;[0]=ew_0_670101,WU07M,Historical,74.397,74.217,https://labbcat.canterbury.ac.nz/maonze/transcript?ag_id=1091#ew_0_670101,0.18,180,5.192956851,,
308,ea,g_115;em_12_8247;n_37806-n_37807;p_43;#=ew_69_211211;prefix=59398-;[0]=ew_0_79947,MU02M,Historical,143.203,143.023,https://labbcat.canterbury.ac.nz/maonze/transcript?ag_id=115#ew_0_79947,0.18,180,5.192956851,,
335,ea,g_1201;em_12_108787;n_117590-n_117591;p_244;#=ew_69_243395;prefix=89318-;[0]=ew_0_725011,WU04M,Historical,188.562,188.382,https://labbcat.canterbury.ac.nz/maonze/transcript?ag_id=1201#ew_0_725011,0.18,180,5.192956851,,
336,ea,g_1201;em_12_108787;n_117590-n_117591;p_244;#=ew_69_243396;prefix=89319-;[0]=ew_0_725012,WU04M,Historical,188.822,188.642,https://labbcat.canterbury.ac.nz/maonze/transcript?ag_id=1201#ew_0_725012,0.18,180,5.192956851,,
338,ea,g_1201;em_12_108787;n_117590-n_117591;p_244;#=ew_69_243399;prefix=89322-;[0]=ew_0_725015,WU04M,Historical,189.782,189.602,https://labbcat.canterbury.ac.nz/maonze/transcript?ag_id=1201#ew_0_725015,0.18,180,5.192956851,,
353,ea,g_1205;em_12_109270;n_118069-n_118070;p_244;#=ew_69_244597;prefix=89939-;[0]=ew_0_727558,WU04M,Historical,230.344,230.164,https://labbcat.canterbury.ac.nz/maonze/transcript?ag_id=1205#ew_0_727558,0.18,180,5.192956851,,
395,ea,g_1232;em_12_110948;n_21227-n_5824658;p_249;#=ew_69_179957;prefix=29665-;[0]=ew_0_740882,L1H06M,L1,133.728,133.548,https://labbcat.canterbury.ac.nz/maonze/transcript?ag_id=1232#ew_0_740882,0.18,180,5.192956851,,
399,ea,g_1233;em_12_160014;n_5824719-n_21294;p_249;#=ew_69_180826;prefix=29831-;[0]=ew_0_1226363,L1H06M,L1,201.53,201.35,https://labbcat.canterbury.ac.nz/maonze/transcript?ag_id=1233#ew_0_1226363,0.18,180,5.192956851,,
512,ea,g_1389;em_12_119094;n_124571-n_124572;p_262;#=ew_69_249437;prefix=94775-;[0]=ew_0_823206,WU08M,Historical,192.553,192.373,https://labbcat.canterbury.ac.nz/maonze/transcript?ag_id=1389#ew_0_823206,0.18,180,5.192956851,,
600,ea,g_1527;em_12_126285;n_130299-n_130300;p_287;#=ew_69_229211;prefix=75923-;[0]=ew_0_889535,R006M,PresentElder,197.866,197.686,https://labbcat.canterbury.ac.nz/maonze/transcript?ag_id=1527#ew_0_889535,0.18,180,5.192956851,,
628,ea,g_1544;em_12_127219;n_25769-n_130770;p_291;#=ew_69_216581;prefix=63882-;[0]=ew_0_898681,MU09M,Historical,212.336,212.156,https://labbcat.canterbury.ac.nz/maonze/transcript?ag_id=1544#ew_0_898681,0.18,180,5.192956851,,
664,ea,g_1622;em_12_170971;n_6993118-n_6993119;p_299;#=ew_69_191851;prefix=41145-;[0]=ew_0_1337868,L2H01M,L2,255.746,255.566,https://labbcat.canterbury.ac.nz/maonze/transcript?ag_id=1622#ew_0_1337868,0.18,180,5.192956851,,
700,ea,g_1639;em_12_133122;n_135344-n_135345;p_288;#=ew_69_196731;prefix=44651-;[0]=ew_0_942004,L2H03M,L2,94.486,94.306,https://labbcat.canterbury.ac.nz/maonze/transcript?ag_id=1639#ew_0_942004,0.18,180,5.192956851,,
732,ea,g_1647;em_12_133582;n_135761-n_135762;p_300;#=ew_69_193333;prefix=42222-;[0]=ew_0_945690,L2H02M,L2,78.308,78.128,https://labbcat.canterbury.ac.nz/maonze/transcript?ag_id=1647#ew_0_945690,0.18,180,5.192956851,,
738,ea,g_1648;em_12_133664;n_135822-n_27118;p_300;#=ew_69_193554;prefix=42366-;[0]=ew_0_946289,L2H02M,L2,92.298,92.118,https://labbcat.canterbury.ac.nz/maonze/transcript?ag_id=1648#ew_0_946289,0.18,180,5.192956851,,
753,ea,g_1651;em_12_133931;n_136014-n_136015;p_300;#=ew_69_193893;prefix=42802-;[0]=ew_0_947952,L2H02M,L2,90.159,89.979,https://labbcat.canterbury.ac.nz/maonze/transcript?ag_id=1651#ew_0_947952,0.18,180,5.192956851,,
860,ea,g_1671;em_12_135032;n_6399772-n_27486;p_302;#=ew_69_198891;prefix=47129-;[0]=ew_0_958182,L2H04M,L2,237.898,237.718,https://labbcat.canterbury.ac.nz/maonze/transcript?ag_id=1671#ew_0_958182,0.18,180,5.192956851,,
1044,ea,g_1883;em_12_155044;n_5259177-n_5259195;p_334;#=ew_69_237070;prefix=83332-;[0]=ew_0_1170398,R011M,PresentElder,209.744,209.564,https://labbcat.canterbury.ac.nz/maonze/transcript?ag_id=1883#ew_0_1170398,0.18,180,5.192956851,,
1171,ea,g_1943;em_12_165659;n_6845992-n_6846013;p_19;#=ew_69_151907;prefix=02621-;[0]=ew_0_1295868,K002M,PresentElder,104.436,104.256,https://labbcat.canterbury.ac.nz/maonze/transcript?ag_id=1943#ew_0_1295868,0.18,180,5.192956851,,
1205,ea,g_1947;em_12_166018;n_6850491-n_6850507;p_121;#=ew_69_168681;prefix=18413-;[0]=ew_0_1298999,K009M,PresentElder,133.941,133.761,https://labbcat.canterbury.ac.nz/maonze/transcript?ag_id=1947#ew_0_1298999,0.18,180,5.192956851,,
1253,ea,g_24;em_12_2018;n_32633-n_32634;p_19;#=ew_69_154401;prefix=04610-;[0]=ew_0_17156,K002M,PresentElder,162.746,162.566,https://labbcat.canterbury.ac.nz/maonze/transcript?ag_id=24#ew_0_17156,0.18,180,5.192956851,,
1300,ea,g_304;em_12_162350;n_6240833-n_6240835;p_81;#=ew_69_185860;prefix=34964-;[0]=ew_0_1264976,L1Y03M,L1,253.439,253.259,https://labbcat.canterbury.ac.nz/maonze/transcript?ag_id=304#ew_0_1264976,0.18,180,5.192956851,,
1349,ea,g_316;em_12_30753;n_55392-n_55393;p_89;#=ew_69_187537;prefix=36601-;[0]=ew_0_212279,L1Y04M,L1,239.282,239.102,https://labbcat.canterbury.ac.nz/maonze/transcript?ag_id=316#ew_0_212279,0.18,180,5.192956851,,
1480,ea,g_340;em_12_33457;n_57675-n_57676;p_85;#=ew_69_185655;prefix=34783-;[0]=ew_0_223709,L1Y02M,L1,44.654,44.474,https://labbcat.canterbury.ac.nz/maonze/transcript?ag_id=340#ew_0_223709,0.18,180,5.192956851,,
1508,ea,g_366;em_12_150387;n_59275-n_4519617;p_92;#=ew_69_212338;prefix=60179-;[0]=ew_0_1124124,MU04M,Historical,183.939,183.759,https://labbcat.canterbury.ac.nz/maonze/transcript?ag_id=366#ew_0_1124124,0.18,180,5.192956851,,
1544,ea,g_370;em_12_36096;n_59921-n_59922;p_92;#=ew_69_214270;prefix=61077-;[0]=ew_0_239581,MU04M,Historical,399.425,399.245,https://labbcat.canterbury.ac.nz/maonze/transcript?ag_id=370#ew_0_239581,0.18,180,5.192956851,,
1555,ea,g_383;em_12_150314;n_4464145-n_62405;p_95;#=ew_69_215145;prefix=62279-;[0]=ew_0_1121991,MU06M,Historical,236.543,236.363,https://labbcat.canterbury.ac.nz/maonze/transcript?ag_id=383#ew_0_1121991,0.18,180,5.192956851,,
1557,ea,g_383;em_12_38592;n_62390-n_62392;p_95;#=ew_69_215103;prefix=62259-;[0]=ew_0_246677,MU06M,Historical,214.458,214.278,https://labbcat.canterbury.ac.nz/maonze/transcript?ag_id=383#ew_0_246677,0.18,180,5.192956851,,
1566,ea,g_386;em_12_39268;n_63063-n_63064;p_95;#=ew_69_215795;prefix=62857-;[0]=ew_0_249063,MU06M,Historical,214.542,214.362,https://labbcat.canterbury.ac.nz/maonze/transcript?ag_id=386#ew_0_249063,0.18,180,5.192956851,,
1763,ea,g_495;em_12_51253;n_72643-n_8663;p_122;#=ew_69_170727;prefix=20331-;[0]=ew_0_318533,K010M,PresentElder,191.876,191.696,https://labbcat.canterbury.ac.nz/maonze/transcript?ag_id=495#ew_0_318533,0.18,180,5.192956851,,
1832,ea,g_55;em_12_161949;n_6214540-n_6214541;p_32;#=ew_69_158647;prefix=08828-;[0]=ew_0_1260225,K004M,PresentElder,70.414,70.234,https://labbcat.canterbury.ac.nz/maonze/transcript?ag_id=55#ew_0_1260225,0.18,180,5.192956851,,
1874,ea,g_599;em_12_64062;n_83660-n_83661;p_140;#=ew_69_189860;prefix=38753-;[0]=ew_0_382384,L1Y05M,L1,287.668,287.488,https://labbcat.canterbury.ac.nz/maonze/transcript?ag_id=599#ew_0_382384,0.18,180,5.192956851,,
1906,ea,g_607;em_12_64558;n_84134-n_84135;p_140;#=ew_69_191327;prefix=40220-;[0]=ew_0_387593,L1Y05M,L1,232.9,232.72,https://labbcat.canterbury.ac.nz/maonze/transcript?ag_id=607#ew_0_387593,0.18,180,5.192956851,,
1921,ea,g_610;em_12_64690;n_84258-n_84259;p_142;#=ew_69_182094;prefix=31041-;[0]=ew_0_388964,L1Y01M,L1,121.787,121.607,https://labbcat.canterbury.ac.nz/maonze/transcript?ag_id=610#ew_0_388964,0.18,180,5.192956851,,
1947,ea,g_616;em_12_64978;n_84538-n_84539;p_142;#=ew_69_182446;prefix=31768-;[0]=ew_0_391941,L1Y01M,L1,146.198,146.018,https://labbcat.canterbury.ac.nz/maonze/transcript?ag_id=616#ew_0_391941,0.18,180,5.192956851,,
2065,ea,g_637;em_12_66679;n_86023-n_86024;p_145;#=ew_69_201194;prefix=49430-;[0]=ew_0_406123,L2Y01M,L2,291.934,291.754,https://labbcat.canterbury.ac.nz/maonze/transcript?ag_id=637#ew_0_406123,0.18,180,5.192956851,,
2175,ea,g_671;em_12_70694;n_89472-n_89473;p_148;#=ew_69_208653;prefix=56549-;[0]=ew_0_425525,L2Y05M,L2,60.904,60.724,https://labbcat.canterbury.ac.nz/maonze/transcript?ag_id=671#ew_0_425525,0.18,180,5.192956851,,
2252,ea,g_852;em_12_85683;n_100692-n_100693;p_167;#=ew_69_171116;prefix=21304-;[0]=ew_0_542923,L1H01M,L1,210.122,209.942,https://labbcat.canterbury.ac.nz/maonze/transcript?ag_id=852#ew_0_542923,0.18,180,5.192956851,,
2260,ea,g_854;em_12_85792;n_100796-n_100797;p_167;#=ew_69_171723;prefix=21514-;[0]=ew_0_543805,L1H01M,L1,87.352,87.172,https://labbcat.canterbury.ac.nz/maonze/transcript?ag_id=854#ew_0_543805,0.18,180,5.192956851,,
2283,ea,g_856;em_12_85952;n_100939-n_100940;p_167;#=ew_69_171925;prefix=21879-;[0]=ew_0_545084,L1H01M,L1,132.221,132.041,https://labbcat.canterbury.ac.nz/maonze/transcript?ag_id=856#ew_0_545084,0.18,180,5.192956851,,
2325,ea,g_865;em_12_86588;n_101448-n_101449;p_168;#=ew_69_173553;prefix=23272-;[0]=ew_0_550028,L1H02M,L1,129.782,129.602,https://labbcat.canterbury.ac.nz/maonze/transcript?ag_id=865#ew_0_550028,0.18,180,5.192956851,,
2332,ea,g_866;em_12_159640;n_5715771-n_5715776;p_168;#=ew_69_173336;prefix=23479-;[0]=ew_0_1220917,L1H02M,L1,170.835,170.655,https://labbcat.canterbury.ac.nz/maonze/transcript?ag_id=866#ew_0_1220917,0.18,180,5.192956851,,
2395,ea,g_890;em_12_159902;n_5773732-n_5773745;p_174;#=ew_69_179191;prefix=29034-;[0]=ew_0_1224098,L1H05M,L1,216.496,216.316,https://labbcat.canterbury.ac.nz/maonze/transcript?ag_id=890#ew_0_1224098,0.18,180,5.192956851,,
2403,ea,g_891;em_12_88324;n_102602-n_102603;p_174;#=ew_69_178966;prefix=28886-;[0]=ew_0_561783,L1H05M,L1,138.756,138.576,https://labbcat.canterbury.ac.nz/maonze/transcript?ag_id=891#ew_0_561783,0.18,180,5.192956851,,
2404,ea,g_891;em_12_88325;n_102603-n_102604;p_174;#=ew_69_178973;prefix=28893-;[0]=ew_0_561801,L1H05M,L1,144.126,143.946,https://labbcat.canterbury.ac.nz/maonze/transcript?ag_id=891#ew_0_561801,0.18,180,5.192956851,,
2413,ea,g_893;em_12_88430;n_102694-n_102695;p_174;#=ew_69_179667;prefix=28603-;[0]=ew_0_563026,L1H05M,L1,219.115,218.935,https://labbcat.canterbury.ac.nz/maonze/transcript?ag_id=893#ew_0_563026,0.18,180,5.192956851,,
2429,ea,g_896;em_12_88569;n_102806-n_5774418;p_174;#=ew_69_178233;prefix=28028-;[0]=ew_0_564652,L1H05M,L1,161.234,161.054,https://labbcat.canterbury.ac.nz/maonze/transcript?ag_id=896#ew_0_564652,0.18,180,5.192956851,,
2456,ea,g_9;em_12_640;n_31288-n_31289;p_28;#=ew_69_150637;prefix=00912-;[0]=ew_0_5771,K001M,PresentElder,272.2,272.02,https://labbcat.canterbury.ac.nz/maonze/transcript?ag_id=9#ew_0_5771,0.18,180,5.192956851,,
2545,ea,g_936;em_12_90992;n_104778-n_104779;p_179;#=ew_69_218445;prefix=65780-;[0]=ew_0_584187,R001M,PresentElder,177.747,177.567,https://labbcat.canterbury.ac.nz/maonze/transcript?ag_id=936#ew_0_584187,0.18,180,5.192956851,,
2598,ea,g_948;em_12_91687;n_105356-n_105361;p_181;#=ew_69_219946;prefix=67418-;[0]=ew_0_1278417,R002M,PresentElder,91.831,91.651,https://labbcat.canterbury.ac.nz/maonze/transcript?ag_id=948#ew_0_1278417,0.18,180,5.192956851,,
2667,ea,g_963;em_12_92495;n_105991-n_105992;p_183;#=ew_69_222015;prefix=69648-;[0]=ew_0_598780,R003M,PresentElder,242.735,242.555,https://labbcat.canterbury.ac.nz/maonze/transcript?ag_id=963#ew_0_598780,0.18,180,5.192956851,,
2675,ea,g_967;em_12_92716;n_106135-n_106136;p_183;#=ew_69_222927;prefix=70077-;[0]=ew_0_600736,R003M,PresentElder,99.149,98.969,https://labbcat.canterbury.ac.nz/maonze/transcript?ag_id=967#ew_0_600736,0.18,180,5.192956851,,
2739,ea,g_976;em_12_93335;n_106591-n_106592;p_184;#=ew_69_224443;prefix=71405-;[0]=ew_0_605574,R004M,PresentElder,142.428,142.248,https://labbcat.canterbury.ac.nz/maonze/transcript?ag_id=976#ew_0_605574,0.18,180,5.192956851,,
2803,ea,g_985;em_12_93857;n_106943-n_106944;p_182;#=ew_69_226227;prefix=72664-;[0]=ew_0_609865,R005M,PresentElder,153.44,153.26,https://labbcat.canterbury.ac.nz/maonze/transcript?ag_id=985#ew_0_609865,0.18,180,5.192956851,,
2809,ea,g_987;em_12_93943;n_107015-n_107016;p_182;#=ew_69_226289;prefix=73031-;[0]=ew_0_610918,R005M,PresentElder,156.374,156.194,https://labbcat.canterbury.ac.nz/maonze/transcript?ag_id=987#ew_0_610918,0.18,180,5.192956851,,
2839,ea,g_993;em_12_94212;n_107247-n_107248;p_182;#=ew_69_227319;prefix=73871-;[0]=ew_0_614226,R005M,PresentElder,247.975,247.795,https://labbcat.canterbury.ac.nz/maonze/transcript?ag_id=993#ew_0_614226,0.18,180,5.192956851,,
2863,ia,g_1009;em_12_95341;n_108274-n_108275;p_188;#=ew_69_229736;prefix=76283-;[0]=ew_0_624412,R007M,PresentElder,112.721,112.541,https://labbcat.canterbury.ac.nz/maonze/transcript?ag_id=1009#ew_0_624412,0.18,180,5.192956851,,
2868,ia,g_1009;em_12_95361;n_16678-n_108285;p_188;#=ew_69_229841;prefix=76340-;[0]=ew_0_624595,R007M,PresentElder,212.854,212.674,https://labbcat.canterbury.ac.nz/maonze/transcript?ag_id=1009#ew_0_624595,0.18,180,5.192956851,,
2881,ia,g_1013;em_12_95672;n_16815-n_7048031;p_188;#=ew_69_230068;prefix=76841-;[0]=ew_0_626698,R007M,PresentElder,255.556,255.376,https://labbcat.canterbury.ac.nz/maonze/transcript?ag_id=1013#ew_0_626698,0.18,180,5.192956851,,
2931,ia,g_1028;em_12_171448;n_7052004-n_7052005;p_190;#=ew_69_233226;prefix=79780-;[0]=ew_0_1344691,R009M,PresentElder,150.132,149.952,https://labbcat.canterbury.ac.nz/maonze/transcript?ag_id=1028#ew_0_1344691,0.18,180,5.192956851,,
2980,ia,g_1033;em_12_96574;n_108886-n_29929;p_190;#=ew_69_233821;prefix=80625-;[0]=ew_0_637472,R009M,PresentElder,236.005,235.825,https://labbcat.canterbury.ac.nz/maonze/transcript?ag_id=1033#ew_0_637472,0.18,180,5.192956851,,
3080,ia,g_1079;em_12_99984;n_111154-n_111155;p_208;#=ew_69_246200;prefix=92283-;[0]=ew_0_664051,WU07M,Historical,158.048,157.868,https://labbcat.canterbury.ac.nz/maonze/transcript?ag_id=1079#ew_0_664051,0.18,180,5.192956851,,
3139,ia,g_11;em_12_827;n_31473-n_31474;p_28;#=ew_69_149337;prefix=00370-;[0]=ew_0_1231071,K001M,PresentElder,191.156,190.976,https://labbcat.canterbury.ac.nz/maonze/transcript?ag_id=11#ew_0_1231071,0.18,180,5.192956851,,
3174,ia,g_117;em_12_8514;n_38071-n_38072;p_43;#=ew_69_211638;prefix=58750-;[0]=ew_0_82640,MU02M,Historical,212.311,212.131,https://labbcat.canterbury.ac.nz/maonze/transcript?ag_id=117#ew_0_82640,0.18,180,5.192956851,,
3281,ia,g_1372;em_12_118265;n_6613442-n_123813;p_287;#=ew_69_227818;prefix=74744-;[0]=ew_0_814258,R006M,PresentElder,125.929,125.749,https://labbcat.canterbury.ac.nz/maonze/transcript?ag_id=1372#ew_0_814258,0.18,180,5.192956851,,
3283,ia,g_1373;em_12_118325;n_123869-n_7045941;p_287;#=ew_69_227722;prefix=74609-;[0]=ew_0_815113,R006M,PresentElder,218.949,218.769,https://labbcat.canterbury.ac.nz/maonze/transcript?ag_id=1373#ew_0_815113,0.18,180,5.192956851,,
3312,ia,g_139;em_12_150043;n_39159-n_4017614;p_284;#=ew_69_210036;prefix=57942-;[0]=ew_0_1114597,MU01M,Historical,156.648,156.468,https://labbcat.canterbury.ac.nz/maonze/transcript?ag_id=139#ew_0_1114597,0.18,180,5.192956851,,
3393,ia,g_1548;em_12_127384;n_130890-n_25814;p_293;#=ew_69_216663;prefix=64077-;[0]=ew_0_900161,MU10M,Historical,161.383,161.203,https://labbcat.canterbury.ac.nz/maonze/transcript?ag_id=1548#ew_0_900161,0.18,180,5.192956851,,
3442,ia,g_1629;em_12_132556;n_134830-n_134831;p_299;#=ew_69_193024;prefix=41839-;[0]=ew_0_938730,L2H01M,L2,185.508,185.328,https://labbcat.canterbury.ac.nz/maonze/transcript?ag_id=1629#ew_0_938730,0.18,180,5.192956851,,
3451,ia,g_1634;em_12_132787;n_135029-n_135030;p_288;#=ew_69_195662;prefix=44008-;[0]=ew_0_940126,L2H03M,L2,172.214,172.034,https://labbcat.canterbury.ac.nz/maonze/transcript?ag_id=1634#ew_0_940126,0.18,180,5.192956851,,
3478,ia,g_1644;em_12_133405;n_135608-n_135609;p_288;#=ew_69_196177;prefix=45293-;[0]=ew_0_944342,L2H03M,L2,32.59,32.41,https://labbcat.canterbury.ac.nz/maonze/transcript?ag_id=1644#ew_0_944342,0.18,180,5.192956851,,
3628,ia,g_1856;em_12_150717;n_4611959-n_4611964;p_97;#=ew_69_215939;prefix=63327-;[0]=ew_0_1126439,MU07M,Historical,106.352,106.172,https://labbcat.canterbury.ac.nz/maonze/transcript?ag_id=1856#ew_0_1126439,0.18,180,5.192956851,,
3649,ia,g_1887;em_12_155359;n_5262638-n_5262655;p_334;#=ew_69_237428;prefix=83700-;[0]=ew_0_1173596,R011M,PresentElder,135.556,135.376,https://labbcat.canterbury.ac.nz/maonze/transcript?ag_id=1887#ew_0_1173596,0.18,180,5.192956851,,
3680,ia,g_1897;em_12_155980;n_5274589-n_5274608;p_333;#=ew_69_238814;prefix=84826-;[0]=ew_0_1182406,R012M,PresentElder,267.032,266.852,https://labbcat.canterbury.ac.nz/maonze/transcript?ag_id=1897#ew_0_1182406,0.18,180,5.192956851,,
3792,ia,g_1945;em_12_165877;n_6848145-n_6848153;p_28;#=ew_69_151191;prefix=01580-;[0]=ew_0_1298037,K001M,PresentElder,110.114,109.934,https://labbcat.canterbury.ac.nz/maonze/transcript?ag_id=1945#ew_0_1298037,0.18,180,5.192956851,,
3892,ia,g_320;em_12_31485;n_56076-n_56079;p_89;#=ew_69_188344;prefix=37198-;[0]=ew_0_214798,L1Y04M,L1,244.169,243.989,https://labbcat.canterbury.ac.nz/maonze/transcript?ag_id=320#ew_0_214798,0.18,180,5.192956851,,
3983,ia,g_374;em_12_150178;n_60641-n_4459383;p_92;#=ew_69_213587;prefix=61449-;[0]=ew_0_1123326,MU04M,Historical,265.048,264.868,https://labbcat.canterbury.ac.nz/maonze/transcript?ag_id=374#ew_0_1123326,0.18,180,5.192956851,,
3987,ia,g_375;em_12_171281;n_7020294-n_60779;p_92;#=ew_69_213364;prefix=61578-;[0]=ew_0_1341525,MU04M,Historical,180.741,180.561,https://labbcat.canterbury.ac.nz/maonze/transcript?ag_id=375#ew_0_1341525,0.18,180,5.192956851,,
3997,ia,g_378;em_12_160451;n_5893992-n_5893993;p_94;#=ew_69_214609;prefix=61983-;[0]=ew_0_1235106,MU05M,Historical,206.782,206.602,https://labbcat.canterbury.ac.nz/maonze/transcript?ag_id=378#ew_0_1235106,0.18,180,5.192956851,,
4054,ia,g_447;em_12_169755;n_6945287-n_6945288;p_110;#=ew_69_155998;prefix=06209-;[0]=ew_0_1326657,K003M,PresentElder,264.623,264.443,https://labbcat.canterbury.ac.nz/maonze/transcript?ag_id=447#ew_0_1326657,0.18,180,5.192956851,,
4138,ia,g_469;em_12_48568;n_70543-n_70544;p_120;#=ew_69_166432;prefix=16466-;[0]=ew_0_302909,K008M,PresentElder,290.166,289.986,https://labbcat.canterbury.ac.nz/maonze/transcript?ag_id=469#ew_0_302909,0.18,180,5.192956851,,
4153,ia,g_479;em_12_49270;n_71176-n_71177;p_121;#=ew_69_168039;prefix=18022-;[0]=ew_0_308333,K009M,PresentElder,183.154,182.974,https://labbcat.canterbury.ac.nz/maonze/transcript?ag_id=479#ew_0_308333,0.18,180,5.192956851,,
4159,ia,g_480;em_12_49333;n_71231-n_71232;p_121;#=ew_69_168776;prefix=18279-;[0]=ew_0_309164,K009M,PresentElder,280.195,280.015,https://labbcat.canterbury.ac.nz/maonze/transcript?ag_id=480#ew_0_309164,0.18,180,5.192956851,,
4180,ia,g_484;em_12_49728;n_71548-n_71549;p_121;#=ew_69_169225;prefix=19032-;[0]=ew_0_311814,K009M,PresentElder,271.562,271.382,https://labbcat.canterbury.ac.nz/maonze/transcript?ag_id=484#ew_0_311814,0.18,180,5.192956851,,
4313,ia,g_605;em_12_64422;n_84008-n_84009;p_140;#=ew_69_191040;prefix=39977-;[0]=ew_0_386603,L1Y05M,L1,316.735,316.555,https://labbcat.canterbury.ac.nz/maonze/transcript?ag_id=605#ew_0_386603,0.18,180,5.192956851,,
4474,ia,g_76;em_12_160497;n_5958137-n_5958144;p_37;#=ew_69_159965;prefix=10215-;[0]=ew_0_1237017,K005M,PresentElder,232.716,232.536,https://labbcat.canterbury.ac.nz/maonze/transcript?ag_id=76#ew_0_1237017,0.18,180,5.192956851,,
4580,ia,g_869;em_12_86960;n_101687-n_101688;p_168;#=ew_69_174519;prefix=24013-;[0]=ew_0_552843,L1H02M,L1,182.293,182.113,https://labbcat.canterbury.ac.nz/maonze/transcript?ag_id=869#ew_0_552843,0.18,180,5.192956851,,
4581,ia,g_869;em_12_86972;n_101697-n_101698;p_168;#=ew_69_174565;prefix=24040-;[0]=ew_0_552951,L1H02M,L1,224.965,224.785,https://labbcat.canterbury.ac.nz/maonze/transcript?ag_id=869#ew_0_552951,0.18,180,5.192956851,,
4586,ia,g_873;em_12_87206;n_101869-n_101870;p_168;#=ew_69_174320;prefix=24423-;[0]=ew_0_554601,L1H02M,L1,94.897,94.717,https://labbcat.canterbury.ac.nz/maonze/transcript?ag_id=873#ew_0_554601,0.18,180,5.192956851,,
4660,ia,g_902;em_12_170126;n_6967424-n_15429;p_173;#=ew_69_177396;prefix=27037-;[0]=ew_0_1330795,L1H04M,L1,49.404,49.224,https://labbcat.canterbury.ac.nz/maonze/transcript?ag_id=902#ew_0_1330795,0.18,180,5.192956851,,
4753,ia,g_940;em_12_91289;n_105041-n_105042;p_179;#=ew_69_219217;prefix=66415-;[0]=ew_0_586458,R001M,PresentElder,75.578,75.398,https://labbcat.canterbury.ac.nz/maonze/transcript?ag_id=940#ew_0_586458,0.18,180,5.192956851,,
4983,oa,g_1024;em_12_96149;n_108598-n_108599;p_190;#=ew_69_233081;prefix=79104-;[0]=ew_0_631295,R009M,PresentElder,90.063,89.883,https://labbcat.canterbury.ac.nz/maonze/transcript?ag_id=1024#ew_0_631295,0.18,180,5.192956851,,
5038,oa,g_1036;em_12_96688;n_108976-n_108977;p_193;#=ew_69_235122;prefix=81216-;[0]=ew_0_639260,R010M,PresentElder,163.989,163.809,https://labbcat.canterbury.ac.nz/maonze/transcript?ag_id=1036#ew_0_639260,0.18,180,5.192956851,,
5046,oa,g_1038;em_12_96853;n_17356-n_109086;p_193;#=ew_69_235355;prefix=81631-;[0]=ew_0_640853,R010M,PresentElder,185.937,185.757,https://labbcat.canterbury.ac.nz/maonze/transcript?ag_id=1038#ew_0_640853,0.18,180,5.192956851,,
5058,oa,g_1045;em_12_97436;n_109368-n_17608;p_193;#=ew_69_236409;prefix=82610-;[0]=ew_0_645896,R010M,PresentElder,90.759,90.579,https://labbcat.canterbury.ac.nz/maonze/transcript?ag_id=1045#ew_0_645896,0.18,180,5.192956851,,
5082,oa,g_1071;em_12_99562;n_4690880-n_110778;p_206;#=ew_69_245643;prefix=91198-;[0]=ew_0_659873,WU06M,Historical,95.408,95.228,https://labbcat.canterbury.ac.nz/maonze/transcript?ag_id=1071#ew_0_659873,0.18,180,5.192956851,,
5138,oa,g_1089;em_12_100564;n_18466-n_18467;p_208;#=ew_69_247788;prefix=93583-;[0]=ew_0_669388,WU07M,Historical,110.108,109.928,https://labbcat.canterbury.ac.nz/maonze/transcript?ag_id=1089#ew_0_669388,0.18,180,5.192956851,,
5171,oa,g_12;em_12_954;n_31590-n_31591;p_28;#=ew_69_149697;prefix=00195-;[0]=ew_0_8435,K001M,PresentElder,283.508,283.328,https://labbcat.canterbury.ac.nz/maonze/transcript?ag_id=12#ew_0_8435,0.18,180,5.192956851,,
5172,oa,g_1200;em_12_108646;n_117450-n_117451;p_244;#=ew_69_242986;prefix=89089-;[0]=ew_0_724312,WU04M,Historical,107.14,106.96,https://labbcat.canterbury.ac.nz/maonze/transcript?ag_id=1200#ew_0_724312,0.18,180,5.192956851,,
5318,oa,g_1518;em_12_125865;n_129929-n_129930;p_287;#=ew_69_228006;prefix=74250-;[0]=ew_0_884149,R006M,PresentElder,235.074,234.894,https://labbcat.canterbury.ac.nz/maonze/transcript?ag_id=1518#ew_0_884149,0.18,180,5.192956851,,
5328,oa,g_1522;em_12_126085;n_6613465-n_130125;p_287;#=ew_69_228470;prefix=75080-;[0]=ew_0_886481,R006M,PresentElder,176.287,176.107,https://labbcat.canterbury.ac.nz/maonze/transcript?ag_id=1522#ew_0_886481,0.18,180,5.192956851,,
5339,oa,g_1524;em_12_126166;n_130195-n_6614617;p_287;#=ew_69_228774;prefix=75401-;[0]=ew_0_887706,R006M,PresentElder,185.598,185.418,https://labbcat.canterbury.ac.nz/maonze/transcript?ag_id=1524#ew_0_887706,0.18,180,5.192956851,,
5368,oa,g_1531;em_12_126459;n_130414-n_130415;p_200;#=ew_69_216183;prefix=63480-;[0]=ew_0_891430,MU08M,Historical,175.109,174.929,https://labbcat.canterbury.ac.nz/maonze/transcript?ag_id=1531#ew_0_891430,0.18,180,5.192956851,,
5382,oa,g_1617;em_12_131765;n_134255-n_134256;p_299;#=ew_69_192303;prefix=40563-;[0]=ew_0_933097,L2H01M,L2,272.938,272.758,https://labbcat.canterbury.ac.nz/maonze/transcript?ag_id=1617#ew_0_933097,0.18,180,5.192956851,,
5438,oa,g_1647;em_12_133585;n_27098-n_135763;p_300;#=ew_69_193335;prefix=42224-;[0]=ew_0_945699,L2H02M,L2,84.019,83.839,https://labbcat.canterbury.ac.nz/maonze/transcript?ag_id=1647#ew_0_945699,0.18,180,5.192956851,,
5467,oa,g_1656;em_12_134376;n_136314-n_136315;p_300;#=ew_69_194409;prefix=43464-;[0]=ew_0_950715,L2H02M,L2,156.064,155.884,https://labbcat.canterbury.ac.nz/maonze/transcript?ag_id=1656#ew_0_950715,0.18,180,5.192956851,,
5490,oa,g_1667;em_12_134886;n_136698-n_136699;p_302;#=ew_69_198041;prefix=46488-;[0]=ew_0_955968,L2H04M,L2,200.376,200.196,https://labbcat.canterbury.ac.nz/maonze/transcript?ag_id=1667#ew_0_955968,0.18,180,5.192956851,,
5550,oa,g_1749;em_12_139839;n_140525-n_140526;p_318;#=ew_69_231331;prefix=77935-;[0]=ew_0_1002615,R008M,PresentElder,161.238,161.058,https://labbcat.canterbury.ac.nz/maonze/transcript?ag_id=1749#ew_0_1002615,0.18,180,5.192956851,,
5579,oa,g_1842;em_12_149112;n_3849211-n_3849221;p_49;#=ew_69_204716;prefix=52622-;[0]=ew_0_1102233,L2Y03M,L2,96.369,96.189,https://labbcat.canterbury.ac.nz/maonze/transcript?ag_id=1842#ew_0_1102233,0.18,180,5.192956851,,
5582,oa,g_1842;em_12_149136;n_3849468-n_3849482;p_49;#=ew_69_204842;prefix=52664-;[0]=ew_0_1102448,L2Y03M,L2,192.954,192.774,https://labbcat.canterbury.ac.nz/maonze/transcript?ag_id=1842#ew_0_1102448,0.18,180,5.192956851,,
5604,oa,g_1849;em_12_149528;n_3854736-n_3854748;p_49;#=ew_69_205274;prefix=53553-;[0]=ew_0_1106923,L2Y03M,L2,380.915,380.735,https://labbcat.canterbury.ac.nz/maonze/transcript?ag_id=1849#ew_0_1106923,0.18,180,5.192956851,,
5638,oa,g_1888;em_12_155426;n_5264355-n_5264366;p_334;#=ew_69_237875;prefix=83875-;[0]=ew_0_1174098,R011M,PresentElder,326.938,326.758,https://labbcat.canterbury.ac.nz/maonze/transcript?ag_id=1888#ew_0_1174098,0.18,180,5.192956851,,
5649,oa,g_1895;em_12_155836;n_5270502-n_5270525;p_334;#=ew_69_238648;prefix=84323-;[0]=ew_0_1180178,R011M,PresentElder,109.265,109.085,https://labbcat.canterbury.ac.nz/maonze/transcript?ag_id=1895#ew_0_1180178,0.18,180,5.192956851,,
5699,oa,g_1903;em_12_156511;n_5280194-n_5280208;p_333;#=ew_69_240054;prefix=85435-;[0]=ew_0_1187393,R012M,PresentElder,239.425,239.245,https://labbcat.canterbury.ac.nz/maonze/transcript?ag_id=1903#ew_0_1187393,0.18,180,5.192956851,,
5710,oa,g_1906;em_12_156707;n_5283413-n_5283434;p_333;#=ew_69_239676;prefix=86153-;[0]=ew_0_1189968,R012M,PresentElder,271.536,271.356,https://labbcat.canterbury.ac.nz/maonze/transcript?ag_id=1906#ew_0_1189968,0.18,180,5.192956851,,
5834,oa,g_308;em_12_160730;n_5999736-n_5999744;p_81;#=ew_69_186286;prefix=35758-;[0]=ew_0_1238532,L1Y03M,L1,260.64,260.46,https://labbcat.canterbury.ac.nz/maonze/transcript?ag_id=308#ew_0_1238532,0.18,180,5.192956851,,
5852,oa,g_317;em_12_148868;n_3842213-n_3842232;p_89;#=ew_69_187685;prefix=36737-;[0]=ew_0_1097686,L1Y04M,L1,193.234,193.054,https://labbcat.canterbury.ac.nz/maonze/transcript?ag_id=317#ew_0_1097686,0.18,180,5.192956851,,
5875,oa,g_321;em_12_148590;n_3841177-n_56152;p_89;#=ew_69_188090;prefix=37279-;[0]=ew_0_1095770,L1Y04M,L1,76.006,75.826,https://labbcat.canterbury.ac.nz/maonze/transcript?ag_id=321#ew_0_1095770,0.18,180,5.192956851,,
5896,oa,g_324;em_12_32611;n_56996-n_56997;p_89;#=ew_69_188510;prefix=37874-;[0]=ew_0_217828,L1Y04M,L1,228.698,228.518,https://labbcat.canterbury.ac.nz/maonze/transcript?ag_id=324#ew_0_217828,0.18,180,5.192956851,,
5959,oa,g_369;em_12_35901;n_59727-n_59728;p_92;#=ew_69_213085;prefix=60672-;[0]=ew_0_238361,MU04M,Historical,167.675,167.495,https://labbcat.canterbury.ac.nz/maonze/transcript?ag_id=369#ew_0_238361,0.18,180,5.192956851,,
6036,oa,g_448;em_12_161494;n_6125841-n_6125843;p_110;#=ew_69_155136;prefix=06347-;[0]=ew_0_1254579,K003M,PresentElder,112.879,112.699,https://labbcat.canterbury.ac.nz/maonze/transcript?ag_id=448#ew_0_1254579,0.18,180,5.192956851,,
6046,oa,g_451;em_12_46666;n_69128-n_69129;p_110;#=ew_69_156378;prefix=07046-;[0]=ew_0_291930,K003M,PresentElder,129.77,129.59,https://labbcat.canterbury.ac.nz/maonze/transcript?ag_id=451#ew_0_291930,0.18,180,5.192956851,,
6057,oa,g_462;em_12_47620;n_69738-n_7941;p_112;#=ew_69_162315;prefix=12405-;[0]=ew_0_298136,K006M,PresentElder,103.622,103.442,https://labbcat.canterbury.ac.nz/maonze/transcript?ag_id=462#ew_0_298136,0.18,180,5.192956851,,
6088,oa,g_479;em_12_49284;n_71186-n_71187;p_121;#=ew_69_168090;prefix=18070-;[0]=ew_0_308493,K009M,PresentElder,258.351,258.171,https://labbcat.canterbury.ac.nz/maonze/transcript?ag_id=479#ew_0_308493,0.18,180,5.192956851,,
6095,oa,g_483;em_12_49593;n_71438-n_8210;p_121;#=ew_69_168200;prefix=18743-;[0]=ew_0_310748,K009M,PresentElder,136.773,136.593,https://labbcat.canterbury.ac.nz/maonze/transcript?ag_id=483#ew_0_310748,0.18,180,5.192956851,,
6121,oa,g_494;em_12_51085;n_8602-n_72536;p_122;#=ew_69_169990;prefix=20215-;[0]=ew_0_317930,K010M,PresentElder,222.228,222.048,https://labbcat.canterbury.ac.nz/maonze/transcript?ag_id=494#ew_0_317930,0.18,180,5.192956851,,
6135,oa,g_51;em_12_3706;n_34040-n_34041;p_32;#=ew_69_157442;prefix=07913-;[0]=ew_0_33865,K004M,PresentElder,146.082,145.902,https://labbcat.canterbury.ac.nz/maonze/transcript?ag_id=51#ew_0_33865,0.18,180,5.192956851,,
6138,oa,g_51;em_12_3711;n_34045-n_34046;p_32;#=ew_69_157460;prefix=07931-;[0]=ew_0_33920,K004M,PresentElder,185.103,184.923,https://labbcat.canterbury.ac.nz/maonze/transcript?ag_id=51#ew_0_33920,0.18,180,5.192956851,,
6146,oa,g_53;em_12_158340;n_5387893-n_5387896;p_32;#=ew_69_157800;prefix=08366-;[0]=ew_0_1207854,K004M,PresentElder,132.544,132.364,https://labbcat.canterbury.ac.nz/maonze/transcript?ag_id=53#ew_0_1207854,0.18,180,5.192956851,,
6166,oa,g_597;em_12_63869;n_83469-n_83470;p_140;#=ew_69_189319;prefix=38309-;[0]=ew_0_380716,L1Y05M,L1,90.712,90.532,https://labbcat.canterbury.ac.nz/maonze/transcript?ag_id=597#ew_0_380716,0.18,180,5.192956851,,
6179,oa,g_600;em_12_64097;n_83694-n_83695;p_140;#=ew_69_189878;prefix=38843-;[0]=ew_0_382721,L1Y05M,L1,164.824,164.644,https://labbcat.canterbury.ac.nz/maonze/transcript?ag_id=600#ew_0_382721,0.18,180,5.192956851,,
6235,oa,g_623;em_12_65239;n_84782-n_84783;p_142;#=ew_69_183535;prefix=32483-;[0]=ew_0_395173,L1Y01M,L1,102.054,101.874,https://labbcat.canterbury.ac.nz/maonze/transcript?ag_id=623#ew_0_395173,0.18,180,5.192956851,,
6314,oa,g_662;em_12_70365;n_89165-n_89166;p_148;#=ew_69_207086;prefix=55031-;[0]=ew_0_419837,L2Y05M,L2,125.721,125.541,https://labbcat.canterbury.ac.nz/maonze/transcript?ag_id=662#ew_0_419837,0.18,180,5.192956851,,
6317,oa,g_663;em_12_70408;n_89204-n_89205;p_148;#=ew_69_207492;prefix=55165-;[0]=ew_0_420553,L2Y05M,L2,152.907,152.727,https://labbcat.canterbury.ac.nz/maonze/transcript?ag_id=663#ew_0_420553,0.18,180,5.192956851,,
6432,oa,g_873;em_12_87201;n_101864-n_101865;p_168;#=ew_69_174278;prefix=24411-;[0]=ew_0_554561,L1H02M,L1,79.022,78.842,https://labbcat.canterbury.ac.nz/maonze/transcript?ag_id=873#ew_0_554561,0.18,180,5.192956851,,
6465,oa,g_891;em_12_88315;n_102593-n_102594;p_174;#=ew_69_178926;prefix=28856-;[0]=ew_0_561692,L1H05M,L1,104.45,104.27,https://labbcat.canterbury.ac.nz/maonze/transcript?ag_id=891#ew_0_561692,0.18,180,5.192956851,,
6478,oa,g_897;em_12_88617;n_102853-n_102854;p_174;#=ew_69_178620;prefix=27857-;[0]=ew_0_565263,L1H05M,L1,146.577,146.397,https://labbcat.canterbury.ac.nz/maonze/transcript?ag_id=897#ew_0_565263,0.18,180,5.192956851,,
6489,oa,g_901;em_12_88873;n_103061-n_6967397;p_173;#=ew_69_177317;prefix=26898-;[0]=ew_0_567425,L1H04M,L1,239.809,239.629,https://labbcat.canterbury.ac.nz/maonze/transcript?ag_id=901#ew_0_567425,0.18,180,5.192956851,,
6494,oa,g_903;em_12_159866;n_5773378-n_6969739;p_174;#=ew_69_177933;prefix=27417-;[0]=ew_0_1223857,L1H05M,L1,166.223,166.043,https://labbcat.canterbury.ac.nz/maonze/transcript?ag_id=903#ew_0_1223857,0.18,180,5.192956851,,
6525,oa,g_928;em_12_90416;n_104234-n_104235;p_179;#=ew_69_217814;prefix=64885-;[0]=ew_0_580947,R001M,PresentElder,133.744,133.564,https://labbcat.canterbury.ac.nz/maonze/transcript?ag_id=928#ew_0_580947,0.18,180,5.192956851,,
6533,oa,g_929;em_12_90558;n_104375-n_104376;p_179;#=ew_69_217005;prefix=65159-;[0]=ew_0_581837,R001M,PresentElder,122.503,122.323,https://labbcat.canterbury.ac.nz/maonze/transcript?ag_id=929#ew_0_581837,0.18,180,5.192956851,,
6535,oa,g_929;em_12_90581;n_104398-n_104399;p_179;#=ew_69_217056;prefix=65186-;[0]=ew_0_581946,R001M,PresentElder,185.338,185.158,https://labbcat.canterbury.ac.nz/maonze/transcript?ag_id=929#ew_0_581946,0.18,180,5.192956851,,
6546,oa,g_938;em_12_91156;n_104930-n_104931;p_179;#=ew_69_218862;prefix=66117-;[0]=ew_0_585404,R001M,PresentElder,154.491,154.311,https://labbcat.canterbury.ac.nz/maonze/transcript?ag_id=938#ew_0_585404,0.18,180,5.192956851,,
6563,oa,g_943;em_12_91524;n_105215-n_105216;p_179;#=ew_69_219567;prefix=66910-;[0]=ew_0_588173,R001M,PresentElder,197.728,197.548,https://labbcat.canterbury.ac.nz/maonze/transcript?ag_id=943#ew_0_588173,0.18,180,5.192956851,,
6564,oa,g_947;em_12_91656;n_105333-n_105334;p_181;#=ew_69_220812;prefix=67327-;[0]=ew_0_589619,R002M,PresentElder,211.006,210.826,https://labbcat.canterbury.ac.nz/maonze/transcript?ag_id=947#ew_0_589619,0.18,180,5.192956851,,
6637,oa,g_977;em_12_93445;n_106645-n_16405;p_184;#=ew_69_224785;prefix=71589-;[0]=ew_0_606204,R004M,PresentElder,215.479,215.299,https://labbcat.canterbury.ac.nz/maonze/transcript?ag_id=977#ew_0_606204,0.18,180,5.192956851,,
6700,ua,g_1007;em_12_95271;n_108231-n_108232;p_284;#=ew_69_210534;prefix=58202-;[0]=ew_0_623843,MU01M,Historical,174.574,174.394,https://labbcat.canterbury.ac.nz/maonze/transcript?ag_id=1007#ew_0_623843,0.18,180,5.192956851,,
6788,ua,g_1021;em_12_96039;n_17119-n_108521;p_188;#=ew_69_230853;prefix=77460-;[0]=ew_0_629608,R007M,PresentElder,175.96,175.78,https://labbcat.canterbury.ac.nz/maonze/transcript?ag_id=1021#ew_0_629608,0.18,180,5.192956851,,
6791,ua,g_1022;em_12_171424;n_7051609-n_108549;p_190;#=ew_69_232280;prefix=78863-;[0]=ew_0_1344193,R009M,PresentElder,149.988,149.808,https://labbcat.canterbury.ac.nz/maonze/transcript?ag_id=1022#ew_0_1344193,0.18,180,5.192956851,,
6807,ua,g_1025;em_12_96201;n_17163-n_108638;p_190;#=ew_69_232424;prefix=79309-;[0]=ew_0_632158,R009M,PresentElder,141.5,141.32,https://labbcat.canterbury.ac.nz/maonze/transcript?ag_id=1025#ew_0_632158,0.18,180,5.192956851,,
6833,ua,g_1029;em_12_96399;n_108756-n_108757;p_190;#=ew_69_233774;prefix=80001-;[0]=ew_0_634963,R009M,PresentElder,220.326,220.146,https://labbcat.canterbury.ac.nz/maonze/transcript?ag_id=1029#ew_0_634963,0.18,180,5.192956851,,
6852,ua,g_1031;em_12_96496;n_108828-n_108829;p_190;#=ew_69_234346;prefix=80342-;[0]=ew_0_636295,R009M,PresentElder,230.056,229.876,https://labbcat.canterbury.ac.nz/maonze/transcript?ag_id=1031#ew_0_636295,0.18,180,5.192956851,,
7022,ua,g_1071;em_12_99559;n_110774-n_110775;p_206;#=ew_69_245623;prefix=91179-;[0]=ew_0_659818,WU06M,Historical,73.384,73.204,https://labbcat.canterbury.ac.nz/maonze/transcript?ag_id=1071#ew_0_659818,0.18,180,5.192956851,,
7026,ua,g_1071;em_12_99564;n_110779-n_110780;p_206;#=ew_69_245655;prefix=91209-;[0]=ew_0_659903,WU06M,Historical,107.373,107.193,https://labbcat.canterbury.ac.nz/maonze/transcript?ag_id=1071#ew_0_659903,0.18,180,5.192956851,,
7037,ua,g_1072;em_12_99608;n_110822-n_110823;p_206;#=ew_69_245871;prefix=91409-;[0]=ew_0_660514,WU06M,Historical,108.453,108.273,https://labbcat.canterbury.ac.nz/maonze/transcript?ag_id=1072#ew_0_660514,0.18,180,5.192956851,,
7038,ua,g_1072;em_12_99613;n_110827-n_110828;p_206;#=ew_69_245881;prefix=91419-;[0]=ew_0_660570,WU06M,Historical,125.518,125.338,https://labbcat.canterbury.ac.nz/maonze/transcript?ag_id=1072#ew_0_660570,0.18,180,5.192956851,,
7119,ua,g_1082;em_12_100149;n_18395-n_111284;p_208;#=ew_69_247079;prefix=92666-;[0]=ew_0_665532,WU07M,Historical,108.67,108.49,https://labbcat.canterbury.ac.nz/maonze/transcript?ag_id=1082#ew_0_665532,0.18,180,5.192956851,,
7268,ua,g_117;em_12_8526;n_38083-n_38084;p_43;#=ew_69_211674;prefix=58783-;[0]=ew_0_82772,MU02M,Historical,257.223,257.043,https://labbcat.canterbury.ac.nz/maonze/transcript?ag_id=117#ew_0_82772,0.18,180,5.192956851,,
7278,ua,g_117;em_12_8561;n_38118-n_38119;p_43;#=ew_69_211804;prefix=58907-;[0]=ew_0_83206,MU02M,Historical,391.909,391.729,https://labbcat.canterbury.ac.nz/maonze/transcript?ag_id=117#ew_0_83206,0.18,180,5.192956851,,
7457,ua,g_1371;em_12_118214;n_23820-n_123763;p_287;#=ew_69_228125;prefix=74879-;[0]=ew_0_813465,R006M,PresentElder,67.494,67.314,https://labbcat.canterbury.ac.nz/maonze/transcript?ag_id=1371#ew_0_813465,0.18,180,5.192956851,,
7545,ua,g_1395;em_12_151936;n_4742994-n_4742996;p_262;#=ew_69_249978;prefix=95558-;[0]=ew_0_1135051,WU08M,Historical,191.136,190.956,https://labbcat.canterbury.ac.nz/maonze/transcript?ag_id=1395#ew_0_1135051,0.18,180,5.192956851,,
7600,ua,g_1518;em_12_125848;n_129916-n_129917;p_287;#=ew_69_227877;prefix=74191-;[0]=ew_0_883938,R006M,PresentElder,144.828,144.648,https://labbcat.canterbury.ac.nz/maonze/transcript?ag_id=1518#ew_0_883938,0.18,180,5.192956851,,
7620,ua,g_1522;em_12_163583;n_6613461-n_6613465;p_287;#=ew_69_228468;prefix=75078-;[0]=ew_0_1281042,R006M,PresentElder,172.904,172.724,https://labbcat.canterbury.ac.nz/maonze/transcript?ag_id=1522#ew_0_1281042,0.18,180,5.192956851,,
7640,ua,g_1526;em_12_126234;n_130251-n_130252;p_287;#=ew_69_228954;prefix=75679-;[0]=ew_0_888690,R006M,PresentElder,118.828,118.648,https://labbcat.canterbury.ac.nz/maonze/transcript?ag_id=1526#ew_0_888690,0.18,180,5.192956851,,
7642,ua,g_1526;em_12_126257;n_130272-n_30415;p_287;#=ew_69_229051;prefix=75772-;[0]=ew_0_889029,R006M,PresentElder,258.505,258.325,https://labbcat.canterbury.ac.nz/maonze/transcript?ag_id=1526#ew_0_889029,0.18,180,5.192956851,,
7751,ua,g_1621;em_12_132020;n_134455-n_134456;p_299;#=ew_69_191736;prefix=41002-;[0]=ew_0_935075,L2H01M,L2,152.869,152.689,https://labbcat.canterbury.ac.nz/maonze/transcript?ag_id=1621#ew_0_935075,0.18,180,5.192956851,,
7816,ua,g_1635;em_12_132840;n_135079-n_135080;p_288;#=ew_69_195567;prefix=44137-;[0]=ew_0_940530,L2H03M,L2,128.078,127.898,https://labbcat.canterbury.ac.nz/maonze/transcript?ag_id=1635#ew_0_940530,0.18,180,5.192956851,,
7862,ua,g_1642;em_12_133306;n_135515-n_135516;p_288;#=ew_69_196450;prefix=45063-;[0]=ew_0_943538,L2H03M,L2,136.72,136.54,https://labbcat.canterbury.ac.nz/maonze/transcript?ag_id=1642#ew_0_943538,0.18,180,5.192956851,,
7885,ua,g_1647;em_12_133611;n_27106-n_135781;p_300;#=ew_69_193386;prefix=42271-;[0]=ew_0_945907,L2H02M,L2,165.252,165.072,https://labbcat.canterbury.ac.nz/maonze/transcript?ag_id=1647#ew_0_945907,0.18,180,5.192956851,,
7904,ua,g_1649;em_12_133769;n_135894-n_135895;p_300;#=ew_69_193593;prefix=42543-;[0]=ew_0_946989,L2H02M,L2,125.926,125.746,https://labbcat.canterbury.ac.nz/maonze/transcript?ag_id=1649#ew_0_946989,0.18,180,5.192956851,,
7952,ua,g_1658;em_12_134522;n_27386-n_136412;p_300;#=ew_69_195172;prefix=43736-;[0]=ew_0_951816,L2H02M,L2,235.068,234.888,https://labbcat.canterbury.ac.nz/maonze/transcript?ag_id=1658#ew_0_951816,0.18,180,5.192956851,,
8047,ua,g_1675;em_12_135183;n_136931-n_136932;p_307;#=ew_69_200388;prefix=48669-;[0]=ew_0_959632,L2H05M,L2,94.644,94.464,https://labbcat.canterbury.ac.nz/maonze/transcript?ag_id=1675#ew_0_959632,0.18,180,5.192956851,,
8077,ua,g_1682;em_12_135716;n_137337-n_137338;p_307;#=ew_69_199461;prefix=47738-;[0]=ew_0_963306,L2H05M,L2,183.054,182.874,https://labbcat.canterbury.ac.nz/maonze/transcript?ag_id=1682#ew_0_963306,0.18,180,5.192956851,,
8120,ua,g_1749;em_12_139825;n_140513-n_28519;p_318;#=ew_69_231287;prefix=77912-;[0]=ew_0_1002541,R008M,PresentElder,116.528,116.348,https://labbcat.canterbury.ac.nz/maonze/transcript?ag_id=1749#ew_0_1002541,0.18,180,5.192956851,,
8143,ua,g_1751;em_12_140006;n_140674-n_28539;p_318;#=ew_69_231510;prefix=78206-;[0]=ew_0_1003491,R008M,PresentElder,220.918,220.738,https://labbcat.canterbury.ac.nz/maonze/transcript?ag_id=1751#ew_0_1003491,0.18,180,5.192956851,,
8159,ua,g_1839;em_12_148912;n_3846565-n_3846581;p_49;#=ew_69_204100;prefix=52206-;[0]=ew_0_1099998,L2Y03M,L2,141.267,141.087,https://labbcat.canterbury.ac.nz/maonze/transcript?ag_id=1839#ew_0_1099998,0.18,180,5.192956851,,
8189,ua,g_1845;em_12_149312;n_3851842-n_3851855;p_49;#=ew_69_205031;prefix=53078-;[0]=ew_0_1104464,L2Y03M,L2,195.299,195.119,https://labbcat.canterbury.ac.nz/maonze/transcript?ag_id=1845#ew_0_1104464,0.18,180,5.192956851,,
8223,ua,g_1853;em_12_150433;n_4569492-n_4569519;p_148;#=ew_69_208118;prefix=56012-;[0]=ew_0_1125069,L2Y05M,L2,305.415,305.235,https://labbcat.canterbury.ac.nz/maonze/transcript?ag_id=1853#ew_0_1125069,0.18,180,5.192956851,,
8329,ua,g_1902;em_12_156449;n_5279142-n_5279155;p_333;#=ew_69_239367;prefix=85310-;[0]=ew_0_1186477,R012M,PresentElder,148.987,148.807,https://labbcat.canterbury.ac.nz/maonze/transcript?ag_id=1902#ew_0_1186477,0.18,180,5.192956851,,
8393,ua,g_1910;em_12_156894;n_5286838-n_5286855;p_333;#=ew_69_240604;prefix=86778-;[0]=ew_0_1192667,R012M,PresentElder,211.472,211.292,https://labbcat.canterbury.ac.nz/maonze/transcript?ag_id=1910#ew_0_1192667,0.18,180,5.192956851,,
8591,ua,g_307;em_12_160682;n_5999938-n_5999694;p_81;#=ew_69_186512;prefix=35582-;[0]=ew_0_1239776,L1Y03M,L1,155.463,155.283,https://labbcat.canterbury.ac.nz/maonze/transcript?ag_id=307#ew_0_1239776,0.18,180,5.192956851,,
8699,ua,g_325;em_12_32886;n_57208-n_57210;p_89;#=ew_69_188780;prefix=38012-;[0]=ew_0_218443,L1Y04M,L1,235.122,234.942,https://labbcat.canterbury.ac.nz/maonze/transcript?ag_id=325#ew_0_218443,0.18,180,5.192956851,,
8760,ua,g_339;em_12_33449;n_57669-n_29235;p_85;#=ew_69_184151;prefix=33286-;[0]=ew_0_223596,L1Y02M,L1,176.699,176.519,https://labbcat.canterbury.ac.nz/maonze/transcript?ag_id=339#ew_0_223596,0.18,180,5.192956851,,
8766,ua,g_340;em_12_33469;n_57687-n_57688;p_85;#=ew_69_185713;prefix=34838-;[0]=ew_0_1243078,L1Y02M,L1,133.09,132.91,https://labbcat.canterbury.ac.nz/maonze/transcript?ag_id=340#ew_0_1243078,0.18,180,5.192956851,,
8820,ua,g_352;em_12_33959;n_58081-n_58082;p_87;#=ew_69_210958;prefix=59723-;[0]=ew_0_1113068,MU03M,Historical,165.149,164.969,https://labbcat.canterbury.ac.nz/maonze/transcript?ag_id=352#ew_0_1113068,0.18,180,5.192956851,,
8846,ua,g_367;em_12_35596;n_59425-n_59426;p_92;#=ew_69_212476;prefix=60302-;[0]=ew_0_1123742,MU04M,Historical,149.377,149.197,https://labbcat.canterbury.ac.nz/maonze/transcript?ag_id=367#ew_0_1123742,0.18,180,5.192956851,,
8879,ua,g_375;em_12_36967;n_60774-n_60775;p_92;#=ew_69_213358;prefix=61575-;[0]=ew_0_242877,MU04M,Historical,176.339,176.159,https://labbcat.canterbury.ac.nz/maonze/transcript?ag_id=375#ew_0_242877,0.18,180,5.192956851,,
8917,ua,g_386;em_12_39213;n_63008-n_63009;p_95;#=ew_69_215728;prefix=62796-;[0]=ew_0_248802,MU06M,Historical,119.873,119.693,https://labbcat.canterbury.ac.nz/maonze/transcript?ag_id=386#ew_0_248802,0.18,180,5.192956851,,
8922,ua,g_386;em_12_39329;n_63124-n_63125;p_95;#=ew_69_215865;prefix=62920-;[0]=ew_0_249265,MU06M,Historical,304.488,304.308,https://labbcat.canterbury.ac.nz/maonze/transcript?ag_id=386#ew_0_249265,0.18,180,5.192956851,,
8965,ua,g_450;em_12_169778;n_6946232-n_6946233;p_110;#=ew_69_156876;prefix=06878-;[0]=ew_0_1327409,K003M,PresentElder,342.045,341.865,https://labbcat.canterbury.ac.nz/maonze/transcript?ag_id=450#ew_0_1327409,0.18,180,5.192956851,,
9302,ua,g_601;em_12_64178;n_83774-n_83775;p_140;#=ew_69_190255;prefix=39068-;[0]=ew_0_383613,L1Y05M,L1,292.325,292.145,https://labbcat.canterbury.ac.nz/maonze/transcript?ag_id=601#ew_0_383613,0.18,180,5.192956851,,
9462,ua,g_625;em_12_65311;n_84831-n_84832;p_142;#=ew_69_183232;prefix=32780-;[0]=ew_0_396065,L1Y01M,L1,100.715,100.535,https://labbcat.canterbury.ac.nz/maonze/transcript?ag_id=625#ew_0_396065,0.18,180,5.192956851,,
9561,ua,g_635;em_12_66452;n_85870-n_10531;p_145;#=ew_69_200708;prefix=49019-;[0]=ew_0_404366,L2Y01M,L2,177.649,177.469,https://labbcat.canterbury.ac.nz/maonze/transcript?ag_id=635#ew_0_404366,0.18,180,5.192956851,,
9715,ua,g_668;em_12_70594;n_89383-n_89384;p_148;#=ew_69_208238;prefix=56127-;[0]=ew_0_423730,L2Y05M,L2,143.478,143.298,https://labbcat.canterbury.ac.nz/maonze/transcript?ag_id=668#ew_0_423730,0.18,180,5.192956851,,
9717,ua,g_668;em_12_70598;n_89387-n_89388;p_148;#=ew_69_208271;prefix=56160-;[0]=ew_0_423828,L2Y05M,L2,186.757,186.577,https://labbcat.canterbury.ac.nz/maonze/transcript?ag_id=668#ew_0_423828,0.18,180,5.192956851,,
9778,ua,g_8;em_12_491;n_31145-n_31146;p_28;#=ew_69_149813;prefix=01127-;[0]=ew_0_4612,K001M,PresentElder,155.072,154.892,https://labbcat.canterbury.ac.nz/maonze/transcript?ag_id=8#ew_0_4612,0.18,180,5.192956851,,
9818,ua,g_848;em_12_85421;n_100438-n_100439;p_167;#=ew_69_170976;prefix=20725-;[0]=ew_0_540621,L1H01M,L1,228.401,228.221,https://labbcat.canterbury.ac.nz/maonze/transcript?ag_id=848#ew_0_540621,0.18,180,5.192956851,,
9825,ua,g_849;em_12_85450;n_100466-n_100467;p_167;#=ew_69_171422;prefix=20801-;[0]=ew_0_540884,L1H01M,L1,95.933,95.753,https://labbcat.canterbury.ac.nz/maonze/transcript?ag_id=849#ew_0_540884,0.18,180,5.192956851,,
9854,ua,g_853;em_12_85717;n_100723-n_100724;p_167;#=ew_69_171553;prefix=21355-;[0]=ew_0_543191,L1H01M,L1,93.54,93.36,https://labbcat.canterbury.ac.nz/maonze/transcript?ag_id=853#ew_0_543191,0.18,180,5.192956851,,
9897,ua,g_863;em_12_159618;n_14752-n_5715441;p_168;#=ew_69_173013;prefix=22953-;[0]=ew_0_1221237,L1H02M,L1,165.577,165.397,https://labbcat.canterbury.ac.nz/maonze/transcript?ag_id=863#ew_0_1221237,0.18,180,5.192956851,,
9984,ua,g_875;em_12_87303;n_14979-n_101949;p_169;#=ew_69_174948;prefix=24573-;[0]=ew_0_1225250,L1H03M,L1,244.144,243.964,https://labbcat.canterbury.ac.nz/maonze/transcript?ag_id=875#ew_0_1225250,0.18,180,5.192956851,,
10057,ua,g_887;em_12_88165;n_102463-n_102464;p_169;#=ew_69_176029;prefix=25609-;[0]=ew_0_560194,L1H03M,L1,228.725,228.545,https://labbcat.canterbury.ac.nz/maonze/transcript?ag_id=887#ew_0_560194,0.18,180,5.192956851,,
10191,ua,g_908;em_12_89183;n_15527-n_103261;p_173;#=ew_69_176992;prefix=26439-;[0]=ew_0_570630,L1H04M,L1,75.393,75.213,https://labbcat.canterbury.ac.nz/maonze/transcript?ag_id=908#ew_0_570630,0.18,180,5.192956851,,
10195,ua,g_908;em_12_89210;n_103265-n_103266;p_173;#=ew_69_177128;prefix=26509-;[0]=ew_0_570889,L1H04M,L1,202.382,202.202,https://labbcat.canterbury.ac.nz/maonze/transcript?ag_id=908#ew_0_570889,0.18,180,5.192956851,,
10254,ua,g_925;em_12_90175;n_103996-n_103997;p_179;#=ew_69_217170;prefix=64401-;[0]=ew_0_579414,R001M,PresentElder,228.483,228.303,https://labbcat.canterbury.ac.nz/maonze/transcript?ag_id=925#ew_0_579414,0.18,180,5.192956851,,
10296,ua,g_930;em_12_90621;n_104436-n_104437;p_179;#=ew_69_218002;prefix=65242-;[0]=ew_0_582156,R001M,PresentElder,77.408,77.228,https://labbcat.canterbury.ac.nz/maonze/transcript?ag_id=930#ew_0_582156,0.18,180,5.192956851,,
10307,ua,g_935;em_12_90863;n_104663-n_104664;p_179;#=ew_69_218366;prefix=65519-;[0]=ew_0_583316,R001M,PresentElder,96.617,96.437,https://labbcat.canterbury.ac.nz/maonze/transcript?ag_id=935#ew_0_583316,0.18,180,5.192956851,,
10601,ua,g_980;em_12_163513;n_6611274-n_6611281;p_184;#=ew_69_224721;prefix=71982-;[0]=ew_0_1280304,R004M,PresentElder,164.38,164.2,https://labbcat.canterbury.ac.nz/maonze/transcript?ag_id=980#ew_0_1280304,0.18,180,5.192956851,,
10658,ua,g_989;em_12_150940;n_4619478-n_4619483;p_182;#=ew_69_225933;prefix=73370-;[0]=ew_0_1127823,R005M,PresentElder,248.505,248.325,https://labbcat.canterbury.ac.nz/maonze/transcript?ag_id=989#ew_0_1127823,0.18,180,5.192956851,,
5412,oa,g_1627;em_12_132449;n_134743-n_134744;p_299;#=ew_69_192627;prefix=41605-;[0]=ew_0_937859,L2H01M,L2,29.859,29.679,https://labbcat.canterbury.ac.nz/maonze/transcript?ag_id=1627#ew_0_937859,0.18,180,5.192956851,,
8976,ua,g_451;em_12_46634;n_69098-n_69099;p_110;#=ew_69_156281;prefix=06952-;[0]=ew_0_291657,K003M,PresentElder,20.295,20.115,https://labbcat.canterbury.ac.nz/maonze/transcript?ag_id=451#ew_0_291657,0.18,180,5.192956851,,
2601,ea,g_949;em_12_91711;n_105379-n_105380;p_181;#=ew_69_220377;prefix=67519-;[0]=ew_0_590397,R002M,PresentElder,15.675,15.495,https://labbcat.canterbury.ac.nz/maonze/transcript?ag_id=949#ew_0_590397,0.18,180,5.192956851,,
3755,ia,g_1921;em_12_162529;n_6278361-n_6278368;p_337;#=ew_69_216601;prefix=64165-;[0]=ew_0_1267452,MU11M,Historical,13.723,13.543,https://labbcat.canterbury.ac.nz/maonze/transcript?ag_id=1921#ew_0_1267452,0.18,180,5.192956851,,
4849,ia,g_975;em_12_93186;n_106510-n_106511;p_184;#=ew_69_223847;prefix=71158-;[0]=ew_0_604599,R004M,PresentElder,11.848,11.668,https://labbcat.canterbury.ac.nz/maonze/transcript?ag_id=975#ew_0_604599,0.18,180,5.192956851,,
7150,ua,g_1085;em_12_100301;n_111404-n_111405;p_208;#=ew_69_246628;prefix=93003-;[0]=ew_0_666900,WU07M,Historical,9.912,9.732,https://labbcat.canterbury.ac.nz/maonze/transcript?ag_id=1085#ew_0_666900,0.18,180,5.192956851,,
7728,ua,g_1618;em_12_131769;n_134258-n_26787;p_299;#=ew_69_192116;prefix=40567-;[0]=ew_0_933107,L2H01M,L2,5.578,5.398,https://labbcat.canterbury.ac.nz/maonze/transcript?ag_id=1618#ew_0_933107,0.18,180,5.192956851,,
8201,ua,g_1847;em_12_149392;n_3852958-n_3852971;p_49;#=ew_69_205345;prefix=53266-;[0]=ew_0_1105415,L2Y03M,L2,15.46,15.28,https://labbcat.canterbury.ac.nz/maonze/transcript?ag_id=1847#ew_0_1105415,0.18,180,5.192956851,,
39,ea,g_1014;em_12_95682;n_16821-n_16822;p_188;#=ew_69_229623;prefix=76848-;[0]=ew_0_626749,R007M,PresentElder,27.543,27.363,https://labbcat.canterbury.ac.nz/maonze/transcript?ag_id=1014#ew_0_626749,0.18,180,5.192956851,,
51,ea,g_1019;em_12_95971;n_17072-n_7048307;p_188;#=ew_69_230294;prefix=77277-;[0]=ew_0_628828,R007M,PresentElder,60.86,60.68,https://labbcat.canterbury.ac.nz/maonze/transcript?ag_id=1019#ew_0_628828,0.18,180,5.192956851,,
209,ea,g_107;em_12_7326;n_37159-n_37160;p_41;#=ew_69_164128;prefix=14659-;[0]=ew_0_73520,K007M,PresentElder,54.53,54.35,https://labbcat.canterbury.ac.nz/maonze/transcript?ag_id=107#ew_0_73520,0.18,180,5.192956851,,
211,ea,g_1072;em_12_99595;n_110809-n_110810;p_206;#=ew_69_245814;prefix=91357-;[0]=ew_0_660329,WU06M,Historical,39.637,39.457,https://labbcat.canterbury.ac.nz/maonze/transcript?ag_id=1072#ew_0_660329,0.18,180,5.192956851,,
243,ea,g_1079;em_12_99952;n_111126-n_111127;p_208;#=ew_69_245958;prefix=92216-;[0]=ew_0_663754,WU07M,Historical,38.348,38.168,https://labbcat.canterbury.ac.nz/maonze/transcript?ag_id=1079#ew_0_663754,0.18,180,5.192956851,,
616,ea,g_1536;em_12_126740;n_25529-n_130533;p_200;#=ew_69_216259;prefix=63582-;[0]=ew_0_894116,MU08M,Historical,47.829,47.649,https://labbcat.canterbury.ac.nz/maonze/transcript?ag_id=1536#ew_0_894116,0.18,180,5.192956851,,
632,ea,g_1548;em_12_127360;n_130874-n_130875;p_293;#=ew_69_216630;prefix=64050-;[0]=ew_0_899895,MU10M,Historical,34.031,33.851,https://labbcat.canterbury.ac.nz/maonze/transcript?ag_id=1548#ew_0_899895,0.18,180,5.192956851,,
645,ea,g_1618;em_12_131771;n_26788-n_134259;p_299;#=ew_69_192122;prefix=40570-;[0]=ew_0_933122,L2H01M,L2,12.699,12.519,https://labbcat.canterbury.ac.nz/maonze/transcript?ag_id=1618#ew_0_933122,0.18,180,5.192956851,,
647,ea,g_1619;em_12_131844;n_134314-n_134315;p_299;#=ew_69_191958;prefix=40739-;[0]=ew_0_933758,L2H01M,L2,55.314,55.134,https://labbcat.canterbury.ac.nz/maonze/transcript?ag_id=1619#ew_0_933758,0.18,180,5.192956851,,
1061,ea,g_1895;em_12_155813;n_5270265-n_5270284;p_334;#=ew_69_238494;prefix=84416-;[0]=ew_0_1180372,R011M,PresentElder,38.669,38.489,https://labbcat.canterbury.ac.nz/maonze/transcript?ag_id=1895#ew_0_1180372,0.18,180,5.192956851,,
1075,ea,g_1899;em_12_156162;n_5275853-n_5275869;p_333;#=ew_69_238073;prefix=84989-;[0]=ew_0_1184305,R012M,PresentElder,63.479,63.299,https://labbcat.canterbury.ac.nz/maonze/transcript?ag_id=1899#ew_0_1184305,0.18,180,5.192956851,,
1093,ea,g_1903;em_12_156501;n_5279518-n_5279530;p_333;#=ew_69_239852;prefix=85466-;[0]=ew_0_1187031,R012M,PresentElder,10.712,10.532,https://labbcat.canterbury.ac.nz/maonze/transcript?ag_id=1903#ew_0_1187031,0.18,180,5.192956851,,
1430,ea,g_328;em_12_33131;n_5959-n_57413;p_85;#=ew_69_184477;prefix=33581-;[0]=ew_0_1241529,L1Y02M,L1,2.39,2.21,https://labbcat.canterbury.ac.nz/maonze/transcript?ag_id=328#ew_0_1241529,0.18,180,5.192956851,,
1445,ea,g_331;em_12_33226;n_57490-n_57491;p_85;#=ew_69_184165;prefix=33310-;[0]=ew_0_220687,L1Y02M,L1,29.971,29.791,https://labbcat.canterbury.ac.nz/maonze/transcript?ag_id=331#ew_0_220687,0.18,180,5.192956851,,
1492,ea,g_344;em_12_33575;n_57773-n_57774;p_85;#=ew_69_184003;prefix=33431-;[0]=ew_0_225313,L1Y02M,L1,42.142,41.962,https://labbcat.canterbury.ac.nz/maonze/transcript?ag_id=344#ew_0_225313,0.18,180,5.192956851,,
1572,ea,g_41;em_12_3287;n_33660-n_33659;p_276;#=ew_69_242423;prefix=88468-;[0]=ew_0_1131240,WU03M,Historical,35.475,35.295,https://labbcat.canterbury.ac.nz/maonze/transcript?ag_id=41#ew_0_1131240,0.18,180,5.192956851,,
1707,ea,g_480;em_12_49293;n_71193-n_71194;p_121;#=ew_69_168407;prefix=18091-;[0]=ew_0_308590,K009M,PresentElder,19.153,18.973,https://labbcat.canterbury.ac.nz/maonze/transcript?ag_id=480#ew_0_308590,0.18,180,5.192956851,,
1900,ea,g_606;em_12_64432;n_84017-n_84018;p_140;#=ew_69_190395;prefix=39998-;[0]=ew_0_386694,L1Y05M,L1,38.951,38.771,https://labbcat.canterbury.ac.nz/maonze/transcript?ag_id=606#ew_0_386694,0.18,180,5.192956851,,
2147,ea,g_669;em_12_70617;n_89399-n_89400;p_148;#=ew_69_208688;prefix=56223-;[0]=ew_0_424101,L2Y05M,L2,18.205,18.025,https://labbcat.canterbury.ac.nz/maonze/transcript?ag_id=669#ew_0_424101,0.18,180,5.192956851,,
2172,ea,g_671;em_12_70693;n_89471-n_89472;p_148;#=ew_69_208645;prefix=56541-;[0]=ew_0_425495,L2Y05M,L2,47.15,46.97,https://labbcat.canterbury.ac.nz/maonze/transcript?ag_id=671#ew_0_425495,0.18,180,5.192956851,,
2301,ea,g_859;em_12_86175;n_101151-n_101152;p_167;#=ew_69_172404;prefix=22305-;[0]=ew_0_546629,L1H01M,L1,10.031,9.851,https://labbcat.canterbury.ac.nz/maonze/transcript?ag_id=859#ew_0_546629,0.18,180,5.192956851,,
2414,ea,g_894;em_12_88448;n_102710-n_102711;p_174;#=ew_69_179143;prefix=28305-;[0]=ew_0_563217,L1H05M,L1,56.673,56.493,https://labbcat.canterbury.ac.nz/maonze/transcript?ag_id=894#ew_0_563217,0.18,180,5.192956851,,
2434,ea,g_897;em_12_88596;n_102832-n_102833;p_174;#=ew_69_178473;prefix=27771-;[0]=ew_0_564981,L1H05M,L1,33.56,33.38,https://labbcat.canterbury.ac.nz/maonze/transcript?ag_id=897#ew_0_564981,0.18,180,5.192956851,,
2437,ea,g_897;em_12_88602;n_102836-n_5774277;p_174;#=ew_69_178486;prefix=27783-;[0]=ew_0_1224724,L1H05M,L1,53.696,53.516,https://labbcat.canterbury.ac.nz/maonze/transcript?ag_id=897#ew_0_1224724,0.18,180,5.192956851,,
2515,ea,g_926;em_12_90209;n_104029-n_104030;p_179;#=ew_69_217410;prefix=64469-;[0]=ew_0_579617,R001M,PresentElder,57.478,57.298,https://labbcat.canterbury.ac.nz/maonze/transcript?ag_id=926#ew_0_579617,0.18,180,5.192956851,,
2615,ea,g_950;em_12_91770;n_105427-n_105428;p_181;#=ew_69_220242;prefix=67753-;[0]=ew_0_591244,R002M,PresentElder,59.672,59.492,https://labbcat.canterbury.ac.nz/maonze/transcript?ag_id=950#ew_0_591244,0.18,180,5.192956851,,
2661,ea,g_962;em_12_92361;n_16050-n_105916;p_183;#=ew_69_222317;prefix=69366-;[0]=ew_0_597673,R003M,PresentElder,47.612,47.432,https://labbcat.canterbury.ac.nz/maonze/transcript?ag_id=962#ew_0_597673,0.18,180,5.192956851,,
3366,ia,g_1524;em_12_126136;n_25293-n_130168;p_287;#=ew_69_228536;prefix=75277-;[0]=ew_0_887286,R006M,PresentElder,7.16,6.98,https://labbcat.canterbury.ac.nz/maonze/transcript?ag_id=1524#ew_0_887286,0.18,180,5.192956851,,
3433,ia,g_1624;em_12_132223;n_134613-n_134614;p_299;#=ew_69_192957;prefix=41274-;[0]=ew_0_936363,L2H01M,L2,31.911,31.731,https://labbcat.canterbury.ac.nz/maonze/transcript?ag_id=1624#ew_0_936363,0.18,180,5.192956851,,
3506,ia,g_1657;em_12_134410;n_136338-n_136339;p_300;#=ew_69_194473;prefix=43524-;[0]=ew_0_950908,L2H02M,L2,46.974,46.794,https://labbcat.canterbury.ac.nz/maonze/transcript?ag_id=1657#ew_0_950908,0.18,180,5.192956851,,
3596,ia,g_1841;em_12_149018;n_3847954-n_3847969;p_49;#=ew_69_204206;prefix=52476-;[0]=ew_0_1101166,L2Y03M,L2,5.801,5.621,https://labbcat.canterbury.ac.nz/maonze/transcript?ag_id=1841#ew_0_1101166,0.18,180,5.192956851,,
3651,ia,g_1888;em_12_155390;n_5263370-n_5263385;p_334;#=ew_69_237673;prefix=83919-;[0]=ew_0_1174316,R011M,PresentElder,32.397,32.217,https://labbcat.canterbury.ac.nz/maonze/transcript?ag_id=1888#ew_0_1174316,0.18,180,5.192956851,,
3760,ia,g_1922;em_12_162583;n_6278614-n_6278621;p_337;#=ew_69_216846;prefix=64220-;[0]=ew_0_1267835,MU11M,Historical,51.01,50.83,https://labbcat.canterbury.ac.nz/maonze/transcript?ag_id=1922#ew_0_1267835,0.18,180,5.192956851,,
4030,ia,g_4;em_12_122;n_30793-n_30794;p_28;#=ew_69_150784;prefix=01985-;[0]=ew_0_1834,K001M,PresentElder,40.936,40.756,https://labbcat.canterbury.ac.nz/maonze/transcript?ag_id=4#ew_0_1834,0.18,180,5.192956851,,
4057,ia,g_447;em_12_46168;n_68659-n_68660;p_110;#=ew_69_155376;prefix=06023-;[0]=ew_0_287884,K003M,PresentElder,38.505,38.325,https://labbcat.canterbury.ac.nz/maonze/transcript?ag_id=447#ew_0_287884,0.18,180,5.192956851,,
4096,ia,g_452;em_12_46766;n_69210-n_69211;p_110;#=ew_69_157193;prefix=07264-;[0]=ew_0_292720,K003M,PresentElder,59.076,58.896,https://labbcat.canterbury.ac.nz/maonze/transcript?ag_id=452#ew_0_292720,0.18,180,5.192956851,,
4124,ia,g_466;em_12_48038;n_70071-n_70072;p_120;#=ew_69_165470;prefix=15922-;[0]=ew_0_300452,K008M,PresentElder,63.602,63.422,https://labbcat.canterbury.ac.nz/maonze/transcript?ag_id=466#ew_0_300452,0.18,180,5.192956851,,
4274,ia,g_59;em_12_4101;n_34425-n_34426;p_32;#=ew_69_159388;prefix=09602-;[0]=ew_0_40242,K004M,PresentElder,6.21,6.03,https://labbcat.canterbury.ac.nz/maonze/transcript?ag_id=59#ew_0_40242,0.18,180,5.192956851,,
4442,ia,g_668;em_12_70581;n_89370-n_89371;p_148;#=ew_69_208151;prefix=56043-;[0]=ew_0_423512,L2Y05M,L2,48.05,47.87,https://labbcat.canterbury.ac.nz/maonze/transcript?ag_id=668#ew_0_423512,0.18,180,5.192956851,,
4463,ia,g_671;em_12_70693;n_89471-n_89472;p_148;#=ew_69_208651;prefix=56547-;[0]=ew_0_425513,L2Y05M,L2,54.01,53.83,https://labbcat.canterbury.ac.nz/maonze/transcript?ag_id=671#ew_0_425513,0.18,180,5.192956851,,
4505,ia,g_852;em_12_85623;n_100634-n_100635;p_167;#=ew_69_170835;prefix=21181-;[0]=ew_0_542404,L1H01M,L1,10.882,10.702,https://labbcat.canterbury.ac.nz/maonze/transcript?ag_id=852#ew_0_542404,0.18,180,5.192956851,,
4560,ia,g_865;em_12_86563;n_101425-n_101426;p_168;#=ew_69_173494;prefix=23214-;[0]=ew_0_549811,L1H02M,L1,37.426,37.246,https://labbcat.canterbury.ac.nz/maonze/transcript?ag_id=865#ew_0_549811,0.18,180,5.192956851,,
5355,oa,g_1527;em_12_126258;n_25310-n_130273;p_287;#=ew_69_229058;prefix=75778-;[0]=ew_0_889059,R006M,PresentElder,5.67,5.49,https://labbcat.canterbury.ac.nz/maonze/transcript?ag_id=1527#ew_0_889059,0.18,180,5.192956851,,
5430,oa,g_1643;em_12_133350;n_135558-n_135559;p_288;#=ew_69_196266;prefix=45175-;[0]=ew_0_943921,L2H03M,L2,56.409,56.229,https://labbcat.canterbury.ac.nz/maonze/transcript?ag_id=1643#ew_0_943921,0.18,180,5.192956851,,
5472,oa,g_1658;em_12_134460;n_136381-n_136382;p_300;#=ew_69_195055;prefix=43623-;[0]=ew_0_951377,L2H02M,L2,37.882,37.702,https://labbcat.canterbury.ac.nz/maonze/transcript?ag_id=1658#ew_0_951377,0.18,180,5.192956851,,
5503,oa,g_1673;em_12_135081;n_136851-n_136852;p_302;#=ew_69_198118;prefix=47283-;[0]=ew_0_958841,L2H04M,L2,19.768,19.588,https://labbcat.canterbury.ac.nz/maonze/transcript?ag_id=1673#ew_0_958841,0.18,180,5.192956851,,
5786,oa,g_1946;em_12_165971;n_6849323-n_6849334;p_121;#=ew_69_167428;prefix=17135-;[0]=ew_0_1298122,K009M,PresentElder,53.037,52.857,https://labbcat.canterbury.ac.nz/maonze/transcript?ag_id=1946#ew_0_1298122,0.18,180,5.192956851,,
5919,oa,g_339;em_12_33424;n_57644-n_57645;p_85;#=ew_69_183982;prefix=33206-;[0]=ew_0_223233,L1Y02M,L1,24.416,24.236,https://labbcat.canterbury.ac.nz/maonze/transcript?ag_id=339#ew_0_223233,0.18,180,5.192956851,,
5924,oa,g_342;em_12_33515;n_57721-n_57722;p_85;#=ew_69_184901;prefix=34077-;[0]=ew_0_224498,L1Y02M,L1,45.511,45.331,https://labbcat.canterbury.ac.nz/maonze/transcript?ag_id=342#ew_0_224498,0.18,180,5.192956851,,
5928,oa,g_343;em_12_33547;n_57748-n_57749;p_85;#=ew_69_185282;prefix=34535-;[0]=ew_0_224916,L1Y02M,L1,54.615,54.435,https://labbcat.canterbury.ac.nz/maonze/transcript?ag_id=343#ew_0_224916,0.18,180,5.192956851,,
6031,oa,g_447;em_12_46165;n_68656-n_68657;p_110;#=ew_69_155352;prefix=06017-;[0]=ew_0_287867,K003M,PresentElder,30.689,30.509,https://labbcat.canterbury.ac.nz/maonze/transcript?ag_id=447#ew_0_287867,0.18,180,5.192956851,,
6048,oa,g_452;em_12_46767;n_69211-n_69212;p_110;#=ew_69_157199;prefix=07267-;[0]=ew_0_292728,K003M,PresentElder,62.702,62.522,https://labbcat.canterbury.ac.nz/maonze/transcript?ag_id=452#ew_0_292728,0.18,180,5.192956851,,
6061,oa,g_467;em_12_48158;n_70179-n_70180;p_120;#=ew_69_165989;prefix=16051-;[0]=ew_0_301025,K008M,PresentElder,9.292,9.112,https://labbcat.canterbury.ac.nz/maonze/transcript?ag_id=467#ew_0_301025,0.18,180,5.192956851,,
6101,oa,g_485;em_12_49735;n_71554-n_71555;p_121;#=ew_69_168189;prefix=19073-;[0]=ew_0_1258198,K009M,PresentElder,19.851,19.671,https://labbcat.canterbury.ac.nz/maonze/transcript?ag_id=485#ew_0_1258198,0.18,180,5.192956851,,
6227,oa,g_619;em_12_65072;n_84629-n_84630;p_142;#=ew_69_182610;prefix=32079-;[0]=ew_0_393155,L1Y01M,L1,47.958,47.778,https://labbcat.canterbury.ac.nz/maonze/transcript?ag_id=619#ew_0_393155,0.18,180,5.192956851,,
6286,oa,g_636;em_12_66505;n_10551-n_85903;p_145;#=ew_69_201274;prefix=49107-;[0]=ew_0_404756,L2Y01M,L2,4.284,4.104,https://labbcat.canterbury.ac.nz/maonze/transcript?ag_id=636#ew_0_404756,0.18,180,5.192956851,,
6458,oa,g_889;em_12_88258;n_102548-n_102549;p_174;#=ew_69_178816;prefix=29056-;[0]=ew_0_560712,L1H05M,L1,14.349,14.169,https://labbcat.canterbury.ac.nz/maonze/transcript?ag_id=889#ew_0_560712,0.18,180,5.192956851,,
6569,oa,g_948;em_12_163296;n_6521687-n_6521690;p_181;#=ew_69_219871;prefix=67380-;[0]=ew_0_1278243,R002M,PresentElder,22.661,22.481,https://labbcat.canterbury.ac.nz/maonze/transcript?ag_id=948#ew_0_1278243,0.18,180,5.192956851,,
6753,ua,g_1016;em_12_95807;n_16921-n_16922;p_188;#=ew_69_230541;prefix=76989-;[0]=ew_0_627505,R007M,PresentElder,27.759,27.579,https://labbcat.canterbury.ac.nz/maonze/transcript?ag_id=1016#ew_0_627505,0.18,180,5.192956851,,
6824,ua,g_1029;em_12_96369;n_108732-n_108733;p_190;#=ew_69_233463;prefix=79872-;[0]=ew_0_634481,R009M,PresentElder,21.694,21.514,https://labbcat.canterbury.ac.nz/maonze/transcript?ag_id=1029#ew_0_634481,0.18,180,5.192956851,,
7019,ua,g_1071;em_12_99547;n_110762-n_110763;p_206;#=ew_69_245561;prefix=91122-;[0]=ew_0_659659,WU06M,Historical,6.765,6.585,https://labbcat.canterbury.ac.nz/maonze/transcript?ag_id=1071#ew_0_659659,0.18,180,5.192956851,,
7049,ua,g_1073;em_12_99644;n_110857-n_110858;p_206;#=ew_69_245215;prefix=91536-;[0]=ew_0_660967,WU06M,Historical,19.029,18.849,https://labbcat.canterbury.ac.nz/maonze/transcript?ag_id=1073#ew_0_660967,0.18,180,5.192956851,,
7281,ua,g_1199;em_12_108503;n_117310-n_117311;p_244;#=ew_69_243094;prefix=88835-;[0]=ew_0_723532,WU04M,Historical,25.597,25.417,https://labbcat.canterbury.ac.nz/maonze/transcript?ag_id=1199#ew_0_723532,0.18,180,5.192956851,,
7573,ua,g_1513;em_12_125580;n_129726-n_25188;p_276;#=ew_69_241913;prefix=88288-;[0]=ew_0_881542,WU03M,Historical,28.067,27.887,https://labbcat.canterbury.ac.nz/maonze/transcript?ag_id=1513#ew_0_881542,0.18,180,5.192956851,,
7582,ua,g_1514;em_12_125626;n_129748-n_129749;p_276;#=ew_69_241895;prefix=88199-;[0]=ew_0_881930,WU03M,Historical,31.689,31.509,https://labbcat.canterbury.ac.nz/maonze/transcript?ag_id=1514#ew_0_881930,0.18,180,5.192956851,,
7729,ua,g_1618;em_12_131772;n_134259-n_26789;p_299;#=ew_69_192125;prefix=40571-;[0]=ew_0_933125,L2H01M,L2,14.705,14.525,https://labbcat.canterbury.ac.nz/maonze/transcript?ag_id=1618#ew_0_933125,0.18,180,5.192956851,,
7792,ua,g_1629;em_12_132527;n_134801-n_134802;p_299;#=ew_69_192865;prefix=41759-;[0]=ew_0_938494,L2H01M,L2,58.62,58.44,https://labbcat.canterbury.ac.nz/maonze/transcript?ag_id=1629#ew_0_938494,0.18,180,5.192956851,,
7871,ua,g_1643;em_12_133339;n_135547-n_135548;p_288;#=ew_69_196185;prefix=45140-;[0]=ew_0_943816,L2H03M,L2,13.422,13.242,https://labbcat.canterbury.ac.nz/maonze/transcript?ag_id=1643#ew_0_943816,0.18,180,5.192956851,,
7913,ua,g_1650;em_12_133827;n_135934-n_135935;p_300;#=ew_69_193972;prefix=42648-;[0]=ew_0_947355,L2H02M,L2,60.598,60.418,https://labbcat.canterbury.ac.nz/maonze/transcript?ag_id=1650#ew_0_947355,0.18,180,5.192956851,,
7925,ua,g_1652;em_12_134022;n_136086-n_136087;p_300;#=ew_69_194743;prefix=42934-;[0]=ew_0_948420,L2H02M,L2,48.253,48.073,https://labbcat.canterbury.ac.nz/maonze/transcript?ag_id=1652#ew_0_948420,0.18,180,5.192956851,,
7960,ua,g_1661;em_12_134579;n_136447-n_136448;p_302;#=ew_69_197464;prefix=45527-;[0]=ew_0_952422,L2H04M,L2,17.185,17.005,https://labbcat.canterbury.ac.nz/maonze/transcript?ag_id=1661#ew_0_952422,0.18,180,5.192956851,,
7993,ua,g_1666;em_12_134821;n_136646-n_136647;p_302;#=ew_69_197742;prefix=46261-;[0]=ew_0_955106,L2H04M,L2,15.229,15.049,https://labbcat.canterbury.ac.nz/maonze/transcript?ag_id=1666#ew_0_955106,0.18,180,5.192956851,,
8689,ua,g_324;em_12_32427;n_56853-n_56854;p_89;#=ew_69_188383;prefix=37767-;[0]=ew_0_1095302,L1Y04M,L1,39.077,38.897,https://labbcat.canterbury.ac.nz/maonze/transcript?ag_id=324#ew_0_1095302,0.18,180,5.192956851,,
8816,ua,g_351;em_12_33817;n_57941-n_57942;p_87;#=ew_69_210983;prefix=59529-;[0]=ew_0_1113056,MU03M,Historical,14.28,14.1,https://labbcat.canterbury.ac.nz/maonze/transcript?ag_id=351#ew_0_1113056,0.18,180,5.192956851,,
8993,ua,g_453;em_12_46891;n_69298-n_69299;p_110;#=ew_69_156942;prefix=07451-;[0]=ew_0_293687,K003M,PresentElder,10.797,10.617,https://labbcat.canterbury.ac.nz/maonze/transcript?ag_id=453#ew_0_293687,0.18,180,5.192956851,,
9284,ua,g_598;em_12_63931;n_83530-n_83531;p_140;#=ew_69_189467;prefix=38448-;[0]=ew_0_381199,L1Y05M,L1,32.908,32.728,https://labbcat.canterbury.ac.nz/maonze/transcript?ag_id=598#ew_0_381199,0.18,180,5.192956851,,
9385,ua,g_612;em_12_64752;n_84318-n_84319;p_142;#=ew_69_182059;prefix=31214-;[0]=ew_0_389642,L1Y01M,L1,16.406,16.226,https://labbcat.canterbury.ac.nz/maonze/transcript?ag_id=612#ew_0_389642,0.18,180,5.192956851,,
9440,ua,g_621;em_12_65155;n_84702-n_84703;p_142;#=ew_69_183017;prefix=32282-;[0]=ew_0_394122,L1Y01M,L1,63.568,63.388,https://labbcat.canterbury.ac.nz/maonze/transcript?ag_id=621#ew_0_394122,0.18,180,5.192956851,,
9458,ua,g_625;em_12_65300;n_84820-n_84821;p_142;#=ew_69_183178;prefix=32744-;[0]=ew_0_395962,L1Y01M,L1,62.83,62.65,https://labbcat.canterbury.ac.nz/maonze/transcript?ag_id=625#ew_0_395962,0.18,180,5.192956851,,
9508,ua,g_629;em_12_65611;n_85110-n_85111;p_143;#=ew_69_202591;prefix=50650-;[0]=ew_0_398360,L2Y02M,L2,25.666,25.486,https://labbcat.canterbury.ac.nz/maonze/transcript?ag_id=629#ew_0_398360,0.18,180,5.192956851,,
9735,ua,g_670;em_12_70653;n_89434-n_89435;p_148;#=ew_69_208461;prefix=56363-;[0]=ew_0_424764,L2Y05M,L2,13.34,13.16,https://labbcat.canterbury.ac.nz/maonze/transcript?ag_id=670#ew_0_424764,0.18,180,5.192956851,,
9753,ua,g_672;em_12_70732;n_89501-n_89502;p_148;#=ew_69_208357;prefix=56686-;[0]=ew_0_426146,L2Y05M,L2,55.625,55.445,https://labbcat.canterbury.ac.nz/maonze/transcript?ag_id=672#ew_0_426146,0.18,180,5.192956851,,
9872,ua,g_86;em_12_5789;n_35838-n_35839;p_37;#=ew_69_161264;prefix=11354-;[0]=ew_0_58828,K005M,PresentElder,29.62,29.44,https://labbcat.canterbury.ac.nz/maonze/transcript?ag_id=86#ew_0_58828,0.18,180,5.192956851,,
10036,ua,g_883;em_12_87822;n_102269-n_102270;p_169;#=ew_69_175751;prefix=25252-;[0]=ew_0_558289,L1H03M,L1,30.157,29.977,https://labbcat.canterbury.ac.nz/maonze/transcript?ag_id=883#ew_0_558289,0.18,180,5.192956851,,
10277,ua,g_928;em_12_90386;n_104204-n_104205;p_179;#=ew_69_217742;prefix=64825-;[0]=ew_0_580750,R001M,PresentElder,54.27,54.09,https://labbcat.canterbury.ac.nz/maonze/transcript?ag_id=928#ew_0_580750,0.18,180,5.192956851,,
10531,ua,g_970;em_12_92858;n_106235-n_106236;p_184;#=ew_69_223330;prefix=70350-;[0]=ew_0_601846,R004M,PresentElder,27.52,27.34,https://labbcat.canterbury.ac.nz/maonze/transcript?ag_id=970#ew_0_601846,0.18,180,5.192956851,,
10580,ua,g_977;em_12_93384;n_106620-n_16369;p_184;#=ew_69_224548;prefix=71507-;[0]=ew_0_605849,R004M,PresentElder,54.284,54.104,https://labbcat.canterbury.ac.nz/maonze/transcript?ag_id=977#ew_0_605849,0.18,180,5.192956851,,
3,ea,g_10;em_12_707;n_31354-n_31355;p_28;#=ew_69_149873;prefix=00524-;[0]=ew_0_6337,K001M,PresentElder,100.877,100.697,https://labbcat.canterbury.ac.nz/maonze/transcript?ag_id=10#ew_0_6337,0.18,180,5.192956851,,
360,ea,g_1208;em_12_109545;n_118333-n_118334;p_244;#=ew_69_243637;prefix=90353-;[0]=ew_0_729049,WU04M,Historical,127.202,127.022,https://labbcat.canterbury.ac.nz/maonze/transcript?ag_id=1208#ew_0_729049,0.18,180,5.192956851,,
379,ea,g_1213;em_12_109845;n_118558-n_20733;p_244;#=ew_69_244991;prefix=90991-;[0]=ew_0_731514,WU04M,Historical,83.651,83.471,https://labbcat.canterbury.ac.nz/maonze/transcript?ag_id=1213#ew_0_731514,0.18,180,5.192956851,,
404,ea,g_1235;em_12_111124;n_21381-n_5824929;p_249;#=ew_69_180900;prefix=29902-;[0]=ew_0_742381,L1H06M,L1,77.449,77.269,https://labbcat.canterbury.ac.nz/maonze/transcript?ag_id=1235#ew_0_742381,0.18,180,5.192956851,,
615,ea,g_1535;em_12_126689;n_25501-n_130510;p_200;#=ew_69_216129;prefix=63555-;[0]=ew_0_893521,MU08M,Historical,97.216,97.036,https://labbcat.canterbury.ac.nz/maonze/transcript?ag_id=1535#ew_0_893521,0.18,180,5.192956851,,
711,ea,g_1642;em_12_133289;n_135498-n_135499;p_288;#=ew_69_196387;prefix=45028-;[0]=ew_0_943419,L2H03M,L2,67.359,67.179,https://labbcat.canterbury.ac.nz/maonze/transcript?ag_id=1642#ew_0_943419,0.18,180,5.192956851,,
794,ea,g_1660;em_12_134560;n_136438-n_136439;p_302;#=ew_69_196953;prefix=45460-;[0]=ew_0_952193,L2H04M,L2,79.833,79.653,https://labbcat.canterbury.ac.nz/maonze/transcript?ag_id=1660#ew_0_952193,0.18,180,5.192956851,,
830,ea,g_1667;em_12_134862;n_136680-n_136681;p_302;#=ew_69_197996;prefix=46446-;[0]=ew_0_955764,L2H04M,L2,91.16,90.98,https://labbcat.canterbury.ac.nz/maonze/transcript?ag_id=1667#ew_0_955764,0.18,180,5.192956851,,
905,ea,g_1681;em_12_135622;n_137274-n_27624;p_307;#=ew_69_198979;prefix=47813-;[0]=ew_0_962586,L2H05M,L2,86.306,86.126,https://labbcat.canterbury.ac.nz/maonze/transcript?ag_id=1681#ew_0_962586,0.18,180,5.192956851,,
1450,ea,g_334;em_12_161020;n_6031606-n_6031608;p_85;#=ew_69_185053;prefix=34232-;[0]=ew_0_1243519,L1Y02M,L1,109.952,109.772,https://labbcat.canterbury.ac.nz/maonze/transcript?ag_id=334#ew_0_1243519,0.18,180,5.192956851,,
1491,ea,g_343;em_12_33552;n_57753-n_57754;p_85;#=ew_69_185337;prefix=34560-;[0]=ew_0_225002,L1Y02M,L1,88.064,87.884,https://labbcat.canterbury.ac.nz/maonze/transcript?ag_id=343#ew_0_225002,0.18,180,5.192956851,,
1919,ea,g_610;em_12_64680;n_84248-n_84249;p_142;#=ew_69_182034;prefix=31017-;[0]=ew_0_388854,L1Y01M,L1,83.326,83.146,https://labbcat.canterbury.ac.nz/maonze/transcript?ag_id=610#ew_0_388854,0.18,180,5.192956851,,
2844,ia,g_10;em_12_706;n_31353-n_31354;p_28;#=ew_69_149868;prefix=00521-;[0]=ew_0_6328,K001M,PresentElder,98.636,98.456,https://labbcat.canterbury.ac.nz/maonze/transcript?ag_id=10#ew_0_6328,0.18,180,5.192956851,,
3298,ia,g_1384;em_12_118909;n_124405-n_124406;p_262;#=ew_69_248274;prefix=94094-;[0]=ew_0_820632,WU08M,Historical,104.496,104.316,https://labbcat.canterbury.ac.nz/maonze/transcript?ag_id=1384#ew_0_820632,0.18,180,5.192956851,,
3432,ia,g_1623;em_12_132157;n_134559-n_134560;p_299;#=ew_69_192498;prefix=41180-;[0]=ew_0_935930,L2H01M,L2,64.904,64.724,https://labbcat.canterbury.ac.nz/maonze/transcript?ag_id=1623#ew_0_935930,0.18,180,5.192956851,,
3522,ia,g_1663;em_12_134679;n_136520-n_27435;p_302;#=ew_69_197282;prefix=45853-;[0]=ew_0_953659,L2H04M,L2,77.654,77.474,https://labbcat.canterbury.ac.nz/maonze/transcript?ag_id=1663#ew_0_953659,0.18,180,5.192956851,,
3946,ia,g_351;em_12_33857;n_7017887-n_57982;p_87;#=ew_69_211022;prefix=59566-;[0]=ew_0_227901,MU03M,Historical,120.91,120.73,https://labbcat.canterbury.ac.nz/maonze/transcript?ag_id=351#ew_0_227901,0.18,180,5.192956851,,
3954,ia,g_365;em_12_35258;n_59078-n_59099;p_92;#=ew_69_212816;prefix=59986-;[0]=ew_0_236020,MU04M,Historical,103.47,103.29,https://labbcat.canterbury.ac.nz/maonze/transcript?ag_id=365#ew_0_236020,0.18,180,5.192956851,,
4703,ia,g_927;em_12_90319;n_104138-n_104139;p_179;#=ew_69_217236;prefix=64692-;[0]=ew_0_580370,R001M,PresentElder,101.946,101.766,https://labbcat.canterbury.ac.nz/maonze/transcript?ag_id=927#ew_0_580370,0.18,180,5.192956851,,
4742,ia,g_937;em_12_91042;n_104827-n_104828;p_179;#=ew_69_218620;prefix=65891-;[0]=ew_0_584576,R001M,PresentElder,81.83,81.65,https://labbcat.canterbury.ac.nz/maonze/transcript?ag_id=937#ew_0_584576,0.18,180,5.192956851,,
5148,oa,g_1091;em_12_100658;n_18491-n_111697;p_208;#=ew_69_247556;prefix=93790-;[0]=ew_0_670121,WU07M,Historical,86.958,86.778,https://labbcat.canterbury.ac.nz/maonze/transcript?ag_id=1091#ew_0_670121,0.18,180,5.192956851,,
5160,oa,g_117;em_12_8490;n_38047-n_38048;p_43;#=ew_69_211542;prefix=58662-;[0]=ew_0_82373,MU02M,Historical,104.454,104.274,https://labbcat.canterbury.ac.nz/maonze/transcript?ag_id=117#ew_0_82373,0.18,180,5.192956851,,
5253,oa,g_138;em_12_9626;n_39098-n_39099;p_284;#=ew_69_209991;prefix=57757-;[0]=ew_0_92754,MU01M,Historical,83.056,82.876,https://labbcat.canterbury.ac.nz/maonze/transcript?ag_id=138#ew_0_92754,0.18,180,5.192956851,,
5347,oa,g_1525;em_12_126193;n_130219-n_130220;p_287;#=ew_69_228754;prefix=75535-;[0]=ew_0_888131,R006M,PresentElder,125.726,125.546,https://labbcat.canterbury.ac.nz/maonze/transcript?ag_id=1525#ew_0_888131,0.18,180,5.192956851,,
5623,oa,g_1883;em_12_154974;n_5258915-n_5258921;p_334;#=ew_69_237043;prefix=83351-;[0]=ew_0_1170820,R011M,PresentElder,122.187,122.007,https://labbcat.canterbury.ac.nz/maonze/transcript?ag_id=1883#ew_0_1170820,0.18,180,5.192956851,,
5662,oa,g_1897;em_12_155977;n_5273993-n_5274014;p_333;#=ew_69_238462;prefix=84667-;[0]=ew_0_1182826,R012M,PresentElder,88.142,87.962,https://labbcat.canterbury.ac.nz/maonze/transcript?ag_id=1897#ew_0_1182826,0.18,180,5.192956851,,
6009,oa,g_384;em_12_38745;n_62542-n_62543;p_95;#=ew_69_214862;prefix=62419-;[0]=ew_0_247207,MU06M,Historical,105.071,104.891,https://labbcat.canterbury.ac.nz/maonze/transcript?ag_id=384#ew_0_247207,0.18,180,5.192956851,,
6167,oa,g_597;em_12_63873;n_83473-n_83474;p_140;#=ew_69_189328;prefix=38318-;[0]=ew_0_380757,L1Y05M,L1,108.407,108.227,https://labbcat.canterbury.ac.nz/maonze/transcript?ag_id=597#ew_0_380757,0.18,180,5.192956851,,
6326,oa,g_665;em_12_70477;n_89271-n_89272;p_148;#=ew_69_207399;prefix=55493-;[0]=ew_0_421709,L2Y05M,L2,71.556,71.376,https://labbcat.canterbury.ac.nz/maonze/transcript?ag_id=665#ew_0_421709,0.18,180,5.192956851,,
6398,oa,g_861;em_12_86284;n_101227-n_14707;p_168;#=ew_69_173245;prefix=22583-;[0]=ew_0_547447,L1H02M,L1,126.053,125.873,https://labbcat.canterbury.ac.nz/maonze/transcript?ag_id=861#ew_0_547447,0.18,180,5.192956851,,
6843,ua,g_1031;em_12_96469;n_108805-n_108806;p_190;#=ew_69_234102;prefix=80253-;[0]=ew_0_635925,R009M,PresentElder,95.47,95.29,https://labbcat.canterbury.ac.nz/maonze/transcript?ag_id=1031#ew_0_635925,0.18,180,5.192956851,,
7255,ua,g_117;em_12_8490;n_38047-n_38048;p_43;#=ew_69_211544;prefix=58664-;[0]=ew_0_82377,MU02M,Historical,105.214,105.034,https://labbcat.canterbury.ac.nz/maonze/transcript?ag_id=117#ew_0_82377,0.18,180,5.192956851,,
7795,ua,g_1629;em_12_132536;n_134810-n_134811;p_299;#=ew_69_192923;prefix=41789-;[0]=ew_0_938569,L2H01M,L2,99.032,98.852,https://labbcat.canterbury.ac.nz/maonze/transcript?ag_id=1629#ew_0_938569,0.18,180,5.192956851,,
7853,ua,g_1641;em_12_133244;n_135456-n_135457;p_288;#=ew_69_196592;prefix=44913-;[0]=ew_0_943042,L2H03M,L2,118.434,118.254,https://labbcat.canterbury.ac.nz/maonze/transcript?ag_id=1641#ew_0_943042,0.18,180,5.192956851,,
7961,ua,g_1661;em_12_134590;n_136456-n_136457;p_302;#=ew_69_197520;prefix=45579-;[0]=ew_0_952582,L2H04M,L2,82.797,82.617,https://labbcat.canterbury.ac.nz/maonze/transcript?ag_id=1661#ew_0_952582,0.18,180,5.192956851,,
8052,ua,g_1676;em_12_135262;n_137001-n_137002;p_307;#=ew_69_200182;prefix=48551-;[0]=ew_0_960109,L2H05M,L2,77.704,77.524,https://labbcat.canterbury.ac.nz/maonze/transcript?ag_id=1676#ew_0_960109,0.18,180,5.192956851,,
8782,ua,g_343;em_12_33554;n_57755-n_57756;p_85;#=ew_69_185372;prefix=34574-;[0]=ew_0_1243047,L1Y02M,L1,107.823,107.643,https://labbcat.canterbury.ac.nz/maonze/transcript?ag_id=343#ew_0_1243047,0.18,180,5.192956851,,
8930,ua,g_41;em_12_3295;n_33664-n_33665;p_276;#=ew_69_242447;prefix=88488-;[0]=ew_0_27505,WU03M,Historical,90.091,89.911,https://labbcat.canterbury.ac.nz/maonze/transcript?ag_id=41#ew_0_27505,0.18,180,5.192956851,,
9239,ua,g_55;em_12_161958;n_6214519-n_6214549;p_32;#=ew_69_158661;prefix=08842-;[0]=ew_0_1260318,K004M,PresentElder,102.241,102.061,https://labbcat.canterbury.ac.nz/maonze/transcript?ag_id=55#ew_0_1260318,0.18,180,5.192956851,,
9344,ua,g_606;em_12_64437;n_84022-n_84023;p_140;#=ew_69_190438;prefix=40016-;[0]=ew_0_1249715,L1Y05M,L1,74.565,74.385,https://labbcat.canterbury.ac.nz/maonze/transcript?ag_id=606#ew_0_1249715,0.18,180,5.192956851,,
9604,ua,g_641;em_12_66921;n_86190-n_10678;p_145;#=ew_69_201552;prefix=49868-;[0]=ew_0_408651,L2Y01M,L2,102.583,102.403,https://labbcat.canterbury.ac.nz/maonze/transcript?ag_id=641#ew_0_408651,0.18,180,5.192956851,,
9693,ua,g_665;em_12_70484;n_89278-n_89279;p_148;#=ew_69_207587;prefix=55530-;[0]=ew_0_421822,L2Y05M,L2,127.898,127.718,https://labbcat.canterbury.ac.nz/maonze/transcript?ag_id=665#ew_0_421822,0.18,180,5.192956851,,
9838,ua,g_85;em_12_5745;n_35795-n_35796;p_37;#=ew_69_161247;prefix=11215-;[0]=ew_0_58164,K005M,PresentElder,94.05,93.87,https://labbcat.canterbury.ac.nz/maonze/transcript?ag_id=85#ew_0_58164,0.18,180,5.192956851,,
10047,ua,g_884;em_12_87914;n_102314-n_102315;p_169;#=ew_69_175651;prefix=25361-;[0]=ew_0_558831,L1H03M,L1,116.764,116.584,https://labbcat.canterbury.ac.nz/maonze/transcript?ag_id=884#ew_0_558831,0.18,180,5.192956851,,
180,ea,g_1045;em_12_97450;n_109380-n_109381;p_193;#=ew_69_236539;prefix=82668-;[0]=ew_0_646130,R010M,PresentElder,176.599,176.419,https://labbcat.canterbury.ac.nz/maonze/transcript?ag_id=1045#ew_0_646130,0.18,180,5.192956851,,
515,ea,g_1390;em_12_119120;n_124596-n_124597;p_262;#=ew_69_249399;prefix=94886-;[0]=ew_0_823602,WU08M,Historical,133.397,133.217,https://labbcat.canterbury.ac.nz/maonze/transcript?ag_id=1390#ew_0_823602,0.18,180,5.192956851,,
549,ea,g_1515;em_12_125708;n_129810-n_25228;p_276;#=ew_69_242195;prefix=88182-;[0]=ew_0_882690,WU03M,Historical,226.04,225.86,https://labbcat.canterbury.ac.nz/maonze/transcript?ag_id=1515#ew_0_882690,0.18,180,5.192956851,,
734,ea,g_1647;em_12_133624;n_135793-n_135794;p_300;#=ew_69_193421;prefix=42304-;[0]=ew_0_946026,L2H02M,L2,214.426,214.246,https://labbcat.canterbury.ac.nz/maonze/transcript?ag_id=1647#ew_0_946026,0.18,180,5.192956851,,
1249,ea,g_24;em_12_2011;n_32626-n_32627;p_19;#=ew_69_154385;prefix=04594-;[0]=ew_0_17093,K002M,PresentElder,134.873,134.693,https://labbcat.canterbury.ac.nz/maonze/transcript?ag_id=24#ew_0_17093,0.18,180,5.192956851,,
2181,ea,g_671;em_12_70704;n_89480-n_89481;p_148;#=ew_69_208747;prefix=56600-;[0]=ew_0_425704,L2Y05M,L2,146.009,145.829,https://labbcat.canterbury.ac.nz/maonze/transcript?ag_id=671#ew_0_425704,0.18,180,5.192956851,,
2268,ea,g_854;em_12_85822;n_100826-n_100827;p_167;#=ew_69_171794;prefix=21583-;[0]=ew_0_544005,L1H01M,L1,175.998,175.818,https://labbcat.canterbury.ac.nz/maonze/transcript?ag_id=854#ew_0_544005,0.18,180,5.192956851,,
2311,ea,g_863;em_12_159614;n_5715513-n_5715518;p_168;#=ew_69_173046;prefix=22985-;[0]=ew_0_1221043,L1H02M,L1,224.117,223.937,https://labbcat.canterbury.ac.nz/maonze/transcript?ag_id=863#ew_0_1221043,0.18,180,5.192956851,,
2509,ea,g_912;em_12_89359;n_103326-n_29808;p_173;#=ew_69_176668;prefix=26060-;[0]=ew_0_573035,L1H04M,L1,236.379,236.199,https://labbcat.canterbury.ac.nz/maonze/transcript?ag_id=912#ew_0_573035,0.18,180,5.192956851,,
3336,ia,g_1396;em_12_119326;n_124781-n_4742997;p_262;#=ew_69_249999;prefix=95662-;[0]=ew_0_826663,WU08M,Historical,222.278,222.098,https://labbcat.canterbury.ac.nz/maonze/transcript?ag_id=1396#ew_0_826663,0.18,180,5.192956851,,
3900,ia,g_322;em_12_148698;n_3841929-n_5734;p_89;#=ew_69_189194;prefix=37547-;[0]=ew_0_1097633,L1Y04M,L1,236.14,235.96,https://labbcat.canterbury.ac.nz/maonze/transcript?ag_id=322#ew_0_1097633,0.18,180,5.192956851,,
4112,ia,g_461;em_12_47572;n_69704-n_5391654;p_112;#=ew_69_162216;prefix=12318-;[0]=ew_0_297826,K006M,PresentElder,227.48,227.3,https://labbcat.canterbury.ac.nz/maonze/transcript?ag_id=461#ew_0_297826,0.18,180,5.192956851,,
4564,ia,g_865;em_12_86622;n_101473-n_101474;p_168;#=ew_69_173628;prefix=23310-;[0]=ew_0_550311,L1H02M,L1,240.807,240.627,https://labbcat.canterbury.ac.nz/maonze/transcript?ag_id=865#ew_0_550311,0.18,180,5.192956851,,
4932,oa,g_1009;em_12_95345;n_108276-n_108277;p_188;#=ew_69_229750;prefix=76297-;[0]=ew_0_624455,R007M,PresentElder,135.896,135.716,https://labbcat.canterbury.ac.nz/maonze/transcript?ag_id=1009#ew_0_624455,0.18,180,5.192956851,,
5551,oa,g_1750;em_12_139926;n_140599-n_140600;p_318;#=ew_69_231590;prefix=78086-;[0]=ew_0_1003054,R008M,PresentElder,202.593,202.413,https://labbcat.canterbury.ac.nz/maonze/transcript?ag_id=1750#ew_0_1003054,0.18,180,5.192956851,,
5763,oa,g_1923;em_12_163365;n_6538474-n_6538487;p_181;#=ew_69_221032;prefix=68581-;[0]=ew_0_1279147,R002M,PresentElder,152.421,152.241,https://labbcat.canterbury.ac.nz/maonze/transcript?ag_id=1923#ew_0_1279147,0.18,180,5.192956851,,
5782,oa,g_1944;em_12_165775;n_6847349-n_6847359;p_28;#=ew_69_150331;prefix=01456-;[0]=ew_0_1296738,K001M,PresentElder,217.867,217.687,https://labbcat.canterbury.ac.nz/maonze/transcript?ag_id=1944#ew_0_1296738,0.18,180,5.192956851,,
5898,oa,g_326;em_12_33064;n_57355-n_57357;p_89;#=ew_69_188739;prefix=38105-;[0]=ew_0_218939,L1Y04M,L1,157.224,157.044,https://labbcat.canterbury.ac.nz/maonze/transcript?ag_id=326#ew_0_218939,0.18,180,5.192956851,,
6375,oa,g_854;em_12_85805;n_100809-n_100810;p_167;#=ew_69_171758;prefix=21549-;[0]=ew_0_543901,L1H01M,L1,128.283,128.103,https://labbcat.canterbury.ac.nz/maonze/transcript?ag_id=854#ew_0_543901,0.18,180,5.192956851,,
6483,oa,g_9;em_12_612;n_31260-n_31261;p_28;#=ew_69_150556;prefix=00833-;[0]=ew_0_5550,K001M,PresentElder,180.802,180.622,https://labbcat.canterbury.ac.nz/maonze/transcript?ag_id=9#ew_0_5550,0.18,180,5.192956851,,
6493,oa,g_903;em_12_159852;n_5773411-n_6969741;p_174;#=ew_69_177946;prefix=27430-;[0]=ew_0_1224049,L1H05M,L1,207.337,207.157,https://labbcat.canterbury.ac.nz/maonze/transcript?ag_id=903#ew_0_1224049,0.18,180,5.192956851,,
6654,oa,g_982;em_12_93755;n_106861-n_106862;p_184;#=ew_69_225393;prefix=72244-;[0]=ew_0_608819,R004M,PresentElder,175.367,175.187,https://labbcat.canterbury.ac.nz/maonze/transcript?ag_id=982#ew_0_608819,0.18,180,5.192956851,,
6988,ua,g_1048;em_12_97594;n_4016237-n_109489;p_193;#=ew_69_236819;prefix=83111-;[0]=ew_0_647688,R010M,PresentElder,221.878,221.698,https://labbcat.canterbury.ac.nz/maonze/transcript?ag_id=1048#ew_0_647688,0.18,180,5.192956851,,
7780,ua,g_1625;em_12_132344;n_134689-n_134690;p_299;#=ew_69_192547;prefix=41465-;[0]=ew_0_937218,L2H01M,L2,222.748,222.568,https://labbcat.canterbury.ac.nz/maonze/transcript?ag_id=1625#ew_0_937218,0.18,180,5.192956851,,
7910,ua,g_1649;em_12_133797;n_135914-n_135915;p_300;#=ew_69_193735;prefix=42601-;[0]=ew_0_947206,L2H02M,L2,212.212,212.032,https://labbcat.canterbury.ac.nz/maonze/transcript?ag_id=1649#ew_0_947206,0.18,180,5.192956851,,
7916,ua,g_1650;em_12_133872;n_135968-n_135969;p_300;#=ew_69_194168;prefix=42697-;[0]=ew_0_947611,L2H02M,L2,167.39,167.21,https://labbcat.canterbury.ac.nz/maonze/transcript?ag_id=1650#ew_0_947611,0.18,180,5.192956851,,
7941,ua,g_1655;em_12_134327;n_27324-n_136279;p_300;#=ew_69_194428;prefix=43363-;[0]=ew_0_950265,L2H02M,L2,192.063,191.883,https://labbcat.canterbury.ac.nz/maonze/transcript?ag_id=1655#ew_0_950265,0.18,180,5.192956851,,
8167,ua,g_1840;em_12_148978;n_3847430-n_3847442;p_49;#=ew_69_204590;prefix=52383-;[0]=ew_0_1100726,L2Y03M,L2,175.801,175.621,https://labbcat.canterbury.ac.nz/maonze/transcript?ag_id=1840#ew_0_1100726,0.18,180,5.192956851,,
8180,ua,g_1844;em_12_149241;n_3850849-n_3850862;p_49;#=ew_69_204701;prefix=52929-;[0]=ew_0_1103610,L2Y03M,L2,138.795,138.615,https://labbcat.canterbury.ac.nz/maonze/transcript?ag_id=1844#ew_0_1103610,0.18,180,5.192956851,,
8188,ua,g_1845;em_12_149304;n_3851748-n_3851761;p_49;#=ew_69_205013;prefix=53065-;[0]=ew_0_1104382,L2Y03M,L2,158.355,158.175,https://labbcat.canterbury.ac.nz/maonze/transcript?ag_id=1845#ew_0_1104382,0.18,180,5.192956851,,
8244,ua,g_1884;em_12_155069;n_5260251-n_5260260;p_334;#=ew_69_237340;prefix=83509-;[0]=ew_0_1171520,R011M,PresentElder,225.718,225.538,https://labbcat.canterbury.ac.nz/maonze/transcript?ag_id=1884#ew_0_1171520,0.18,180,5.192956851,,
8248,ua,g_1884;em_12_155098;n_5260229-n_5260238;p_334;#=ew_69_237335;prefix=83504-;[0]=ew_0_1170912,R011M,PresentElder,219.884,219.704,https://labbcat.canterbury.ac.nz/maonze/transcript?ag_id=1884#ew_0_1170912,0.18,180,5.192956851,,
8363,ua,g_1906;em_12_156713;n_5283149-n_5283170;p_333;#=ew_69_239411;prefix=86067-;[0]=ew_0_1189509,R012M,PresentElder,174.379,174.199,https://labbcat.canterbury.ac.nz/maonze/transcript?ag_id=1906#ew_0_1189509,0.18,180,5.192956851,,
8987,ua,g_453;em_12_161347;n_6124102-n_7689;p_110;#=ew_69_157022;prefix=07470-;[0]=ew_0_1254276,K003M,PresentElder,158.259,158.079,https://labbcat.canterbury.ac.nz/maonze/transcript?ag_id=453#ew_0_1254276,0.18,180,5.192956851,,
9040,ua,g_466;em_12_48067;n_70098-n_70099;p_120;#=ew_69_165505;prefix=15957-;[0]=ew_0_300627,K008M,PresentElder,141.42,141.24,https://labbcat.canterbury.ac.nz/maonze/transcript?ag_id=466#ew_0_300627,0.18,180,5.192956851,,
9088,ua,g_477;em_12_49168;n_71086-n_71087;p_121;#=ew_69_167742;prefix=17765-;[0]=ew_0_307097,K009M,PresentElder,209.522,209.342,https://labbcat.canterbury.ac.nz/maonze/transcript?ag_id=477#ew_0_307097,0.18,180,5.192956851,,
9424,ua,g_617;em_12_65021;n_84580-n_84581;p_142;#=ew_69_182960;prefix=31894-;[0]=ew_0_1334213,L1Y01M,L1,151.813,151.633,https://labbcat.canterbury.ac.nz/maonze/transcript?ag_id=617#ew_0_1334213,0.18,180,5.192956851,,
9670,ua,g_663;em_12_70421;n_89217-n_89218;p_148;#=ew_69_207629;prefix=55220-;[0]=ew_0_420765,L2Y05M,L2,249.283,249.103,https://labbcat.canterbury.ac.nz/maonze/transcript?ag_id=663#ew_0_420765,0.18,180,5.192956851,,
9719,ua,g_668;em_12_70605;n_11156-n_11157;p_148;#=ew_69_208294;prefix=56183-;[0]=ew_0_423910,L2Y05M,L2,238.581,238.401,https://labbcat.canterbury.ac.nz/maonze/transcript?ag_id=668#ew_0_423910,0.18,180,5.192956851,,
10077,ua,g_893;em_12_88431;n_102695-n_102696;p_174;#=ew_69_179675;prefix=28611-;[0]=ew_0_563040,L1H05M,L1,225.956,225.776,https://labbcat.canterbury.ac.nz/maonze/transcript?ag_id=893#ew_0_563040,0.18,180,5.192956851,,
10164,ua,g_905;em_12_89056;n_15454-n_103210;p_173;#=ew_69_177284;prefix=26803-;[0]=ew_0_569372,L1H04M,L1,193.259,193.079,https://labbcat.canterbury.ac.nz/maonze/transcript?ag_id=905#ew_0_569372,0.18,180,5.192956851,,
10595,ua,g_98;em_12_162682;n_6281758-n_6281762;p_41;#=ew_69_162513;prefix=12925-;[0]=ew_0_1270752,K007M,PresentElder,142.296,142.116,https://labbcat.canterbury.ac.nz/maonze/transcript?ag_id=98#ew_0_1270752,0.18,180,5.192956851,,
10630,ua,g_985;em_12_93861;n_106947-n_16519;p_182;#=ew_69_226302;prefix=72688-;[0]=ew_0_609912,R005M,PresentElder,174.837,174.657,https://labbcat.canterbury.ac.nz/maonze/transcript?ag_id=985#ew_0_609912,0.18,180,5.192956851,,
1273,ea,g_25;em_12_2174;n_32783-n_32784;p_19;#=ew_69_154246;prefix=05014-;[0]=ew_0_18398,K002M,PresentElder,295.304,295.124,https://labbcat.canterbury.ac.nz/maonze/transcript?ag_id=25#ew_0_18398,0.18,180,5.192956851,,
1523,ea,g_369;em_12_35935;n_59761-n_59762;p_92;#=ew_69_213156;prefix=60740-;[0]=ew_0_238580,MU04M,Historical,278.739,278.559,https://labbcat.canterbury.ac.nz/maonze/transcript?ag_id=369#ew_0_238580,0.18,180,5.192956851,,
30,ea,g_1011;em_12_95501;n_108354-n_108355;p_188;#=ew_69_229576;prefix=76578-;[0]=ew_0_625499,R007M,PresentElder,169.609,169.439,https://labbcat.canterbury.ac.nz/maonze/transcript?ag_id=1011#ew_0_625499,0.17,170,5.135798437,,
36,ea,g_1012;em_12_95588;n_108407-n_108408;p_188;#=ew_69_230207;prefix=76726-;[0]=ew_0_626105,R007M,PresentElder,226.674,226.504,https://labbcat.canterbury.ac.nz/maonze/transcript?ag_id=1012#ew_0_626105,0.17,170,5.135798437,,
168,ea,g_1042;em_12_97282;n_109288-n_7053562;p_193;#=ew_69_236296;prefix=82296-;[0]=ew_0_644175,R010M,PresentElder,229.574,229.404,https://labbcat.canterbury.ac.nz/maonze/transcript?ag_id=1042#ew_0_644175,0.17,170,5.135798437,,
182,ea,g_1046;em_12_97489;n_109417-n_109418;p_193;#=ew_69_235905;prefix=82780-;[0]=ew_0_646517,R010M,PresentElder,162.8,162.63,https://labbcat.canterbury.ac.nz/maonze/transcript?ag_id=1046#ew_0_646517,0.17,170,5.135798437,,
382,ea,g_1213;em_12_109862;n_118573-n_118574;p_244;#=ew_69_245114;prefix=91040-;[0]=ew_0_731702,WU04M,Historical,213.108,212.938,https://labbcat.canterbury.ac.nz/maonze/transcript?ag_id=1213#ew_0_731702,0.17,170,5.135798437,,
388,ea,g_1227;em_12_110665;n_119141-n_119142;p_249;#=ew_69_180307;prefix=29226-;[0]=ew_0_738550,L1H06M,L1,172.436,172.266,https://labbcat.canterbury.ac.nz/maonze/transcript?ag_id=1227#ew_0_738550,0.17,170,5.135798437,,
430,ea,g_1240;em_12_111529;n_21752-n_5826359;p_249;#=ew_69_181380;prefix=30463-;[0]=ew_0_745712,L1H06M,L1,233.705,233.535,https://labbcat.canterbury.ac.nz/maonze/transcript?ag_id=1240#ew_0_745712,0.17,170,5.135798437,,
467,ea,g_132;em_12_8955;n_38434-n_38435;p_284;#=ew_69_209226;prefix=56989-;[0]=ew_0_86559,MU01M,Historical,187.275,187.105,https://labbcat.canterbury.ac.nz/maonze/transcript?ag_id=132#ew_0_86559,0.17,170,5.135798437,,
511,ea,g_1389;em_12_119093;n_124570-n_124571;p_262;#=ew_69_249427;prefix=94770-;[0]=ew_0_823184,WU08M,Historical,183.133,182.963,https://labbcat.canterbury.ac.nz/maonze/transcript?ag_id=1389#ew_0_823184,0.17,170,5.135798437,,
517,ea,g_1392;em_12_119193;n_124665-n_124666;p_262;#=ew_69_249574;prefix=95186-;[0]=ew_0_824742,WU08M,Historical,201.834,201.664,https://labbcat.canterbury.ac.nz/maonze/transcript?ag_id=1392#ew_0_824742,0.17,170,5.135798437,,
573,ea,g_1523;em_12_163616;n_6614387-n_6614389;p_287;#=ew_69_228348;prefix=75252-;[0]=ew_0_1281028,R006M,PresentElder,220.281,220.111,https://labbcat.canterbury.ac.nz/maonze/transcript?ag_id=1523#ew_0_1281028,0.17,170,5.135798437,,
665,ea,g_1622;em_12_170973;n_6993121-n_6993122;p_299;#=ew_69_191878;prefix=41153-;[0]=ew_0_1337801,L2H01M,L2,263.685,263.515,https://labbcat.canterbury.ac.nz/maonze/transcript?ag_id=1622#ew_0_1337801,0.17,170,5.135798437,,
702,ea,g_1639;em_12_133139;n_135357-n_135358;p_288;#=ew_69_196774;prefix=44690-;[0]=ew_0_942163,L2H03M,L2,164.209,164.039,https://labbcat.canterbury.ac.nz/maonze/transcript?ag_id=1639#ew_0_942163,0.17,170,5.135798437,,
767,ea,g_1654;em_12_134240;n_136228-n_136229;p_300;#=ew_69_194775;prefix=43265-;[0]=ew_0_949722,L2H02M,L2,190.799,190.629,https://labbcat.canterbury.ac.nz/maonze/transcript?ag_id=1654#ew_0_949722,0.17,170,5.135798437,,
879,ea,g_1675;em_12_135197;n_136945-n_136946;p_307;#=ew_69_200425;prefix=48703-;[0]=ew_0_959729,L2H05M,L2,146.473,146.303,https://labbcat.canterbury.ac.nz/maonze/transcript?ag_id=1675#ew_0_959729,0.17,170,5.135798437,,
915,ea,g_1682;em_12_135728;n_137347-n_30585;p_307;#=ew_69_199494;prefix=47769-;[0]=ew_0_963427,L2H05M,L2,237.817,237.647,https://labbcat.canterbury.ac.nz/maonze/transcript?ag_id=1682#ew_0_963427,0.17,170,5.135798437,,
950,ea,g_1840;em_12_148978;n_3847430-n_3847442;p_49;#=ew_69_204592;prefix=52384-;[0]=ew_0_1100727,L2Y03M,L2,176.341,176.171,https://labbcat.canterbury.ac.nz/maonze/transcript?ag_id=1840#ew_0_1100727,0.17,170,5.135798437,,
976,ea,g_1844;em_12_149270;n_3851280-n_3851300;p_49;#=ew_69_204895;prefix=52996-;[0]=ew_0_1103981,L2Y03M,L2,284.861,284.691,https://labbcat.canterbury.ac.nz/maonze/transcript?ag_id=1844#ew_0_1103981,0.17,170,5.135798437,,
1115,ea,g_1908;em_12_156802;n_5284903-n_5284914;p_333;#=ew_69_241279;prefix=86277-;[0]=ew_0_1190822,R012M,PresentElder,293.426,293.256,https://labbcat.canterbury.ac.nz/maonze/transcript?ag_id=1908#ew_0_1190822,0.17,170,5.135798437,,
1201,ea,g_1946;em_12_165968;n_6850004-n_6850021;p_121;#=ew_69_167894;prefix=17200-;[0]=ew_0_1298308,K009M,PresentElder,283.298,283.128,https://labbcat.canterbury.ac.nz/maonze/transcript?ag_id=1946#ew_0_1298308,0.17,170,5.135798437,,
1231,ea,g_22;em_12_1856;n_32473-n_32474;p_19;#=ew_69_153620;prefix=04214-;[0]=ew_0_15893,K002M,PresentElder,262.271,262.101,https://labbcat.canterbury.ac.nz/maonze/transcript?ag_id=22#ew_0_15893,0.17,170,5.135798437,,
1420,ea,g_325;em_12_32910;n_57224-n_5928;p_89;#=ew_69_188800;prefix=38026-;[0]=ew_0_218517,L1Y04M,L1,260.052,259.882,https://labbcat.canterbury.ac.nz/maonze/transcript?ag_id=325#ew_0_218517,0.17,170,5.135798437,,
1540,ea,g_370;em_12_36031;n_59856-n_59857;p_92;#=ew_69_214010;prefix=60955-;[0]=ew_0_239204,MU04M,Historical,207.735,207.565,https://labbcat.canterbury.ac.nz/maonze/transcript?ag_id=370#ew_0_239204,0.17,170,5.135798437,,
1583,ea,g_445;em_12_169577;n_6943985-n_6943986;p_110;#=ew_69_156012;prefix=05665-;[0]=ew_0_1325624,K003M,PresentElder,293.517,293.347,https://labbcat.canterbury.ac.nz/maonze/transcript?ag_id=445#ew_0_1325624,0.17,170,5.135798437,,
1609,ea,g_451;em_12_46752;n_7641-n_29347;p_110;#=ew_69_156678;prefix=07199-;[0]=ew_0_292582,K003M,PresentElder,381.978,381.808,https://labbcat.canterbury.ac.nz/maonze/transcript?ag_id=451#ew_0_292582,0.17,170,5.135798437,,
1649,ea,g_462;em_12_47630;n_69742-n_7947;p_112;#=ew_69_162331;prefix=12421-;[0]=ew_0_298182,K006M,PresentElder,135.198,135.028,https://labbcat.canterbury.ac.nz/maonze/transcript?ag_id=462#ew_0_298182,0.17,170,5.135798437,,
1650,ea,g_462;em_12_47630;n_69742-n_7947;p_112;#=ew_69_162332;prefix=12422-;[0]=ew_0_298184,K006M,PresentElder,135.798,135.628,https://labbcat.canterbury.ac.nz/maonze/transcript?ag_id=462#ew_0_298184,0.17,170,5.135798437,,
2071,ea,g_641;em_12_66929;n_86196-n_10680;p_145;#=ew_69_201642;prefix=49895-;[0]=ew_0_1108344,L2Y01M,L2,143.121,142.951,https://labbcat.canterbury.ac.nz/maonze/transcript?ag_id=641#ew_0_1108344,0.17,170,5.135798437,,
2249,ea,g_852;em_12_85658;n_100667-n_100668;p_167;#=ew_69_171001;prefix=21253-;[0]=ew_0_542701,L1H01M,L1,133.99,133.82,https://labbcat.canterbury.ac.nz/maonze/transcript?ag_id=852#ew_0_542701,0.17,170,5.135798437,,
2250,ea,g_852;em_12_85664;n_100673-n_100674;p_167;#=ew_69_171036;prefix=21265-;[0]=ew_0_542751,L1H01M,L1,152.104,151.934,https://labbcat.canterbury.ac.nz/maonze/transcript?ag_id=852#ew_0_542751,0.17,170,5.135798437,,
2312,ea,g_863;em_12_159615;n_5715487-n_5715496;p_168;#=ew_69_173038;prefix=22977-;[0]=ew_0_1221170,L1H02M,L1,209.038,208.868,https://labbcat.canterbury.ac.nz/maonze/transcript?ag_id=863#ew_0_1221170,0.17,170,5.135798437,,
2371,ea,g_872;em_12_87176;n_101843-n_101844;p_168;#=ew_69_174014;prefix=24382-;[0]=ew_0_554386,L1H02M,L1,148.372,148.202,https://labbcat.canterbury.ac.nz/maonze/transcript?ag_id=872#ew_0_554386,0.17,170,5.135798437,,
2544,ea,g_936;em_12_90979;n_104767-n_104768;p_179;#=ew_69_218399;prefix=65759-;[0]=ew_0_584111,R001M,PresentElder,147.626,147.456,https://labbcat.canterbury.ac.nz/maonze/transcript?ag_id=936#ew_0_584111,0.17,170,5.135798437,,
2610,ea,g_949;em_12_91748;n_105410-n_105411;p_181;#=ew_69_220633;prefix=67655-;[0]=ew_0_590918,R002M,PresentElder,236.025,235.855,https://labbcat.canterbury.ac.nz/maonze/transcript?ag_id=949#ew_0_590918,0.17,170,5.135798437,,
2831,ea,g_990;em_12_94087;n_107140-n_29886;p_182;#=ew_69_227140;prefix=73536-;[0]=ew_0_612670,R005M,PresentElder,270.884,270.714,https://labbcat.canterbury.ac.nz/maonze/transcript?ag_id=990#ew_0_612670,0.17,170,5.135798437,,
3014,ia,g_1043;em_12_97355;n_109300-n_109301;p_193;#=ew_69_235772;prefix=82369-;[0]=ew_0_644726,R010M,PresentElder,147.229,147.059,https://labbcat.canterbury.ac.nz/maonze/transcript?ag_id=1043#ew_0_644726,0.17,170,5.135798437,,
3043,ia,g_1071;em_12_151823;n_4690883-n_4690884;p_206;#=ew_69_245713;prefix=91263-;[0]=ew_0_1133762,WU06M,Historical,163.245,163.075,https://labbcat.canterbury.ac.nz/maonze/transcript?ag_id=1071#ew_0_1133762,0.17,170,5.135798437,,
3163,ia,g_116;em_12_8391;n_37949-n_37950;p_43;#=ew_69_212042;prefix=59130-;[0]=ew_0_81283,MU02M,Historical,302.793,302.623,https://labbcat.canterbury.ac.nz/maonze/transcript?ag_id=116#ew_0_81283,0.17,170,5.135798437,,
3178,ia,g_117;em_12_8537;n_38094-n_38095;p_43;#=ew_69_211718;prefix=58825-;[0]=ew_0_82927,MU02M,Historical,303.338,303.168,https://labbcat.canterbury.ac.nz/maonze/transcript?ag_id=117#ew_0_82927,0.17,170,5.135798437,,
3306,ia,g_1387;em_12_119018;n_4711569-n_4711571;p_262;#=ew_69_248828;prefix=94488-;[0]=ew_0_822141,WU08M,Historical,165.263,165.093,https://labbcat.canterbury.ac.nz/maonze/transcript?ag_id=1387#ew_0_822141,0.17,170,5.135798437,,
3321,ia,g_1391;em_12_151911;n_4711961-n_4711964;p_262;#=ew_69_249252;prefix=95051-;[0]=ew_0_1134860,WU08M,Historical,167.513,167.343,https://labbcat.canterbury.ac.nz/maonze/transcript?ag_id=1391#ew_0_1134860,0.17,170,5.135798437,,
3388,ia,g_1544;em_12_127224;n_130774-n_25770;p_291;#=ew_69_216596;prefix=63895-;[0]=ew_0_898724,MU09M,Historical,226.812,226.642,https://labbcat.canterbury.ac.nz/maonze/transcript?ag_id=1544#ew_0_898724,0.17,170,5.135798437,,
3444,ia,g_1629;em_12_132569;n_134843-n_134844;p_299;#=ew_69_193076;prefix=41864-;[0]=ew_0_938812,L2H01M,L2,244.693,244.523,https://labbcat.canterbury.ac.nz/maonze/transcript?ag_id=1629#ew_0_938812,0.17,170,5.135798437,,
3452,ia,g_1634;em_12_132789;n_135031-n_135032;p_288;#=ew_69_195671;prefix=44012-;[0]=ew_0_940142,L2H03M,L2,181.086,180.916,https://labbcat.canterbury.ac.nz/maonze/transcript?ag_id=1634#ew_0_940142,0.17,170,5.135798437,,
3713,ia,g_1908;em_12_156757;n_5284480-n_5284503;p_333;#=ew_69_241050;prefix=86507-;[0]=ew_0_1191135,R012M,PresentElder,161.953,161.783,https://labbcat.canterbury.ac.nz/maonze/transcript?ag_id=1908#ew_0_1191135,0.17,170,5.135798437,,
3744,ia,g_1912;em_12_157050;n_5288816-n_5288826;p_333;#=ew_69_240133;prefix=87243-;[0]=ew_0_1194583,R012M,PresentElder,160.485,160.315,https://labbcat.canterbury.ac.nz/maonze/transcript?ag_id=1912#ew_0_1194583,0.17,170,5.135798437,,
3762,ia,g_1922;em_12_162629;n_6279128-n_6279136;p_337;#=ew_69_217043;prefix=64312-;[0]=ew_0_1267766,MU11M,Historical,291.036,290.866,https://labbcat.canterbury.ac.nz/maonze/transcript?ag_id=1922#ew_0_1267766,0.17,170,5.135798437,,
4034,ia,g_445;em_12_169628;n_6943986-n_6943987;p_110;#=ew_69_156019;prefix=05668-;[0]=ew_0_1325684,K003M,PresentElder,294.922,294.752,https://labbcat.canterbury.ac.nz/maonze/transcript?ag_id=445#ew_0_1325684,0.17,170,5.135798437,,
4079,ia,g_450;em_12_169821;n_6946225-n_6946226;p_110;#=ew_69_156853;prefix=06856-;[0]=ew_0_1327214,K003M,PresentElder,319.214,319.044,https://labbcat.canterbury.ac.nz/maonze/transcript?ag_id=450#ew_0_1327214,0.17,170,5.135798437,,
4407,ia,g_641;em_12_66972;n_86227-n_86228;p_145;#=ew_69_201868;prefix=49995-;[0]=ew_0_409245,L2Y01M,L2,362.772,362.602,https://labbcat.canterbury.ac.nz/maonze/transcript?ag_id=641#ew_0_409245,0.17,170,5.135798437,,
4409,ia,g_641;em_12_66972;n_86227-n_86228;p_145;#=ew_69_201874;prefix=49998-;[0]=ew_0_409247,L2Y01M,L2,364.242,364.072,https://labbcat.canterbury.ac.nz/maonze/transcript?ag_id=641#ew_0_409247,0.17,170,5.135798437,,
4414,ia,g_653;em_12_68417;n_87485-n_87486;p_146;#=ew_69_205884;prefix=54152-;[0]=ew_0_415415,L2Y04M,L2,134.741,134.571,https://labbcat.canterbury.ac.nz/maonze/transcript?ag_id=653#ew_0_415415,0.17,170,5.135798437,,
4422,ia,g_663;em_12_70420;n_89216-n_89217;p_148;#=ew_69_207609;prefix=55213-;[0]=ew_0_420752,L2Y05M,L2,245.216,245.046,https://labbcat.canterbury.ac.nz/maonze/transcript?ag_id=663#ew_0_420752,0.17,170,5.135798437,,
4842,ia,g_972;em_12_93018;n_106379-n_106380;p_184;#=ew_69_223875;prefix=70744-;[0]=ew_0_603237,R004M,PresentElder,167.668,167.498,https://labbcat.canterbury.ac.nz/maonze/transcript?ag_id=972#ew_0_603237,0.17,170,5.135798437,,
4909,ia,g_99;em_12_162778;n_6282037-n_6282042;p_41;#=ew_69_163780;prefix=13182-;[0]=ew_0_1269283,K007M,PresentElder,289.713,289.543,https://labbcat.canterbury.ac.nz/maonze/transcript?ag_id=99#ew_0_1269283,0.17,170,5.135798437,,
5042,oa,g_1036;em_12_96708;n_108992-n_108993;p_193;#=ew_69_235368;prefix=81281-;[0]=ew_0_639507,R010M,PresentElder,246.418,246.248,https://labbcat.canterbury.ac.nz/maonze/transcript?ag_id=1036#ew_0_639507,0.17,170,5.135798437,,
5067,oa,g_1048;em_12_97575;n_109480-n_109481;p_193;#=ew_69_236760;prefix=83099-;[0]=ew_0_647433,R010M,PresentElder,141.001,140.831,https://labbcat.canterbury.ac.nz/maonze/transcript?ag_id=1048#ew_0_647433,0.17,170,5.135798437,,
5164,oa,g_117;em_12_8552;n_38109-n_38110;p_43;#=ew_69_211773;prefix=58876-;[0]=ew_0_83100,MU02M,Historical,355.165,354.995,https://labbcat.canterbury.ac.nz/maonze/transcript?ag_id=117#ew_0_83100,0.17,170,5.135798437,,
5557,oa,g_1753;em_12_140143;n_140790-n_140791;p_318;#=ew_69_231728;prefix=78399-;[0]=ew_0_1004201,R008M,PresentElder,200.8,200.63,https://labbcat.canterbury.ac.nz/maonze/transcript?ag_id=1753#ew_0_1004201,0.17,170,5.135798437,,
5603,oa,g_1848;em_12_149504;n_3854447-n_3854461;p_49;#=ew_69_205597;prefix=53499-;[0]=ew_0_1106681,L2Y03M,L2,270.552,270.382,https://labbcat.canterbury.ac.nz/maonze/transcript?ag_id=1848#ew_0_1106681,0.17,170,5.135798437,,
5729,oa,g_1910;em_12_156882;n_5286727-n_5286747;p_333;#=ew_69_240567;prefix=86973-;[0]=ew_0_1193016,R012M,PresentElder,178.372,178.202,https://labbcat.canterbury.ac.nz/maonze/transcript?ag_id=1910#ew_0_1193016,0.17,170,5.135798437,,
5796,oa,g_1947;em_12_166059;n_6850834-n_6850848;p_121;#=ew_69_168878;prefix=18458-;[0]=ew_0_1298990,K009M,PresentElder,281.009,280.839,https://labbcat.canterbury.ac.nz/maonze/transcript?ag_id=1947#ew_0_1298990,0.17,170,5.135798437,,
5838,oa,g_311;em_12_160624;n_5999553-n_5999557;p_81;#=ew_69_187185;prefix=36070-;[0]=ew_0_1240000,L1Y03M,L1,161.721,161.551,https://labbcat.canterbury.ac.nz/maonze/transcript?ag_id=311#ew_0_1240000,0.17,170,5.135798437,,
5848,oa,g_316;em_12_30750;n_55389-n_3841490;p_89;#=ew_69_187532;prefix=36596-;[0]=ew_0_212260,L1Y04M,L1,233.859,233.689,https://labbcat.canterbury.ac.nz/maonze/transcript?ag_id=316#ew_0_212260,0.17,170,5.135798437,,
5962,oa,g_369;em_12_35936;n_59762-n_59763;p_92;#=ew_69_213158;prefix=60742-;[0]=ew_0_238591,MU04M,Historical,281.779,281.609,https://labbcat.canterbury.ac.nz/maonze/transcript?ag_id=369#ew_0_238591,0.17,170,5.135798437,,
6018,oa,g_445;em_12_169595;n_6943961-n_6943962;p_110;#=ew_69_155844;prefix=05595-;[0]=ew_0_1325421,K003M,PresentElder,213.241,213.071,https://labbcat.canterbury.ac.nz/maonze/transcript?ag_id=445#ew_0_1325421,0.17,170,5.135798437,,
6075,oa,g_474;em_12_49010;n_70943-n_70944;p_121;#=ew_69_167140;prefix=17039-;[0]=ew_0_304951,K009M,PresentElder,182.097,181.927,https://labbcat.canterbury.ac.nz/maonze/transcript?ag_id=474#ew_0_304951,0.17,170,5.135798437,,
6169,oa,g_597;em_12_63910;n_83510-n_83511;p_140;#=ew_69_189433;prefix=38415-;[0]=ew_0_381063,L1Y05M,L1,272.297,272.127,https://labbcat.canterbury.ac.nz/maonze/transcript?ag_id=597#ew_0_381063,0.17,170,5.135798437,,
6255,oa,g_630;em_12_65913;n_10476-n_85386;p_143;#=ew_69_203775;prefix=51124-;[0]=ew_0_400167,L2Y02M,L2,318.945,318.775,https://labbcat.canterbury.ac.nz/maonze/transcript?ag_id=630#ew_0_400167,0.17,170,5.135798437,,
6445,oa,g_881;em_12_87734;n_102211-n_102212;p_169;#=ew_69_175219;prefix=25108-;[0]=ew_0_557706,L1H03M,L1,207.227,207.057,https://labbcat.canterbury.ac.nz/maonze/transcript?ag_id=881#ew_0_557706,0.17,170,5.135798437,,
6486,oa,g_900;em_12_88786;n_103000-n_103001;p_173;#=ew_69_177741;prefix=27136-;[0]=ew_0_566733,L1H04M,L1,157.401,157.231,https://labbcat.canterbury.ac.nz/maonze/transcript?ag_id=900#ew_0_566733,0.17,170,5.135798437,,
6571,oa,g_948;em_12_163311;n_6521809-n_6521815;p_181;#=ew_69_220249;prefix=67505-;[0]=ew_0_1278620,R002M,PresentElder,261.438,261.268,https://labbcat.canterbury.ac.nz/maonze/transcript?ag_id=948#ew_0_1278620,0.17,170,5.135798437,,
6627,oa,g_974;em_12_93169;n_16276-n_106498;p_184;#=ew_69_224330;prefix=71119-;[0]=ew_0_604433,R004M,PresentElder,173.353,173.183,https://labbcat.canterbury.ac.nz/maonze/transcript?ag_id=974#ew_0_604433,0.17,170,5.135798437,,
6642,oa,g_978;em_12_93523;n_106698-n_7039564;p_184;#=ew_69_225133;prefix=71751-;[0]=ew_0_606732,R004M,PresentElder,164.615,164.445,https://labbcat.canterbury.ac.nz/maonze/transcript?ag_id=978#ew_0_606732,0.17,170,5.135798437,,
6656,oa,g_985;em_12_93869;n_16522-n_106952;p_182;#=ew_69_226417;prefix=72724-;[0]=ew_0_610000,R005M,PresentElder,218.568,218.398,https://labbcat.canterbury.ac.nz/maonze/transcript?ag_id=985#ew_0_610000,0.17,170,5.135798437,,
6728,ua,g_1010;em_12_95427;n_108318-n_16711;p_188;#=ew_69_230156;prefix=76463-;[0]=ew_0_625019,R007M,PresentElder,153.317,153.147,https://labbcat.canterbury.ac.nz/maonze/transcript?ag_id=1010#ew_0_625019,0.17,170,5.135798437,,
6798,ua,g_1023;em_12_96116;n_108572-n_7051856;p_190;#=ew_69_232693;prefix=78960-;[0]=ew_0_630758,R009M,PresentElder,128.056,127.886,https://labbcat.canterbury.ac.nz/maonze/transcript?ag_id=1023#ew_0_630758,0.17,170,5.135798437,,
7042,ua,g_1072;em_12_99623;n_110837-n_110838;p_206;#=ew_69_245955;prefix=91459-;[0]=ew_0_660716,WU06M,Historical,172.459,172.289,https://labbcat.canterbury.ac.nz/maonze/transcript?ag_id=1072#ew_0_660716,0.17,170,5.135798437,,
7088,ua,g_1078;em_12_99923;n_111106-n_111107;p_208;#=ew_69_246148;prefix=92178-;[0]=ew_0_663569,WU07M,Historical,132.031,131.861,https://labbcat.canterbury.ac.nz/maonze/transcript?ag_id=1078#ew_0_663569,0.17,170,5.135798437,,
7122,ua,g_1082;em_12_100159;n_111291-n_111292;p_208;#=ew_69_247144;prefix=92690-;[0]=ew_0_665638,WU07M,Historical,144.99,144.82,https://labbcat.canterbury.ac.nz/maonze/transcript?ag_id=1082#ew_0_665638,0.17,170,5.135798437,,
7550,ua,g_1396;em_12_119330;n_4743012-n_124786;p_262;#=ew_69_250018;prefix=95679-;[0]=ew_0_826731,WU08M,Historical,256.252,256.082,https://labbcat.canterbury.ac.nz/maonze/transcript?ag_id=1396#ew_0_826731,0.17,170,5.135798437,,
7561,ua,g_15;em_12_1221;n_31849-n_31850;p_19;#=ew_69_151491;prefix=02174-;[0]=ew_0_10552,K002M,PresentElder,294.161,293.991,https://labbcat.canterbury.ac.nz/maonze/transcript?ag_id=15#ew_0_10552,0.17,170,5.135798437,,
7589,ua,g_1515;em_12_125703;n_129809-n_25225;p_276;#=ew_69_242171;prefix=88172-;[0]=ew_0_882657,WU03M,Historical,210.692,210.522,https://labbcat.canterbury.ac.nz/maonze/transcript?ag_id=1515#ew_0_882657,0.17,170,5.135798437,,
7595,ua,g_1517;em_12_125803;n_129882-n_129883;p_276;#=ew_69_242240;prefix=88034-;[0]=ew_0_883564,WU03M,Historical,200.81,200.64,https://labbcat.canterbury.ac.nz/maonze/transcript?ag_id=1517#ew_0_883564,0.17,170,5.135798437,,
7604,ua,g_1520;em_12_125961;n_130006-n_130007;p_284;#=ew_69_210789;prefix=58343-;[0]=ew_0_885075,MU01M,Historical,142.382,142.212,https://labbcat.canterbury.ac.nz/maonze/transcript?ag_id=1520#ew_0_885075,0.17,170,5.135798437,,
7619,ua,g_1522;em_12_126093;n_6613497-n_130133;p_287;#=ew_69_228507;prefix=75116-;[0]=ew_0_886595,R006M,PresentElder,224.681,224.511,https://labbcat.canterbury.ac.nz/maonze/transcript?ag_id=1522#ew_0_886595,0.17,170,5.135798437,,
7830,ua,g_1637;em_12_133000;n_135232-n_135233;p_288;#=ew_69_195965;prefix=44420-;[0]=ew_0_941165,L2H03M,L2,221.715,221.545,https://labbcat.canterbury.ac.nz/maonze/transcript?ag_id=1637#ew_0_941165,0.17,170,5.135798437,,
7976,ua,g_1662;em_12_134642;n_136490-n_136491;p_302;#=ew_69_197102;prefix=45763-;[0]=ew_0_953276,L2H04M,L2,151.037,150.867,https://labbcat.canterbury.ac.nz/maonze/transcript?ag_id=1662#ew_0_953276,0.17,170,5.135798437,,
8032,ua,g_1670;em_12_135004;n_136798-n_6399229;p_302;#=ew_69_198269;prefix=46982-;[0]=ew_0_957681,L2H04M,L2,210.918,210.748,https://labbcat.canterbury.ac.nz/maonze/transcript?ag_id=1670#ew_0_957681,0.17,170,5.135798437,,
8107,ua,g_1747;em_12_139704;n_140408-n_140409;p_318;#=ew_69_230998;prefix=77732-;[0]=ew_0_1001874,R008M,PresentElder,166.56,166.39,https://labbcat.canterbury.ac.nz/maonze/transcript?ag_id=1747#ew_0_1001874,0.17,170,5.135798437,,
8155,ua,g_1754;em_12_140229;n_140865-n_140866;p_318;#=ew_69_231966;prefix=78514-;[0]=ew_0_1004604,R008M,PresentElder,218.388,218.218,https://labbcat.canterbury.ac.nz/maonze/transcript?ag_id=1754#ew_0_1004604,0.17,170,5.135798437,,
8187,ua,g_1845;em_12_149302;n_3851718-n_3851731;p_49;#=ew_69_205006;prefix=53060-;[0]=ew_0_1104359,L2Y03M,L2,145.324,145.154,https://labbcat.canterbury.ac.nz/maonze/transcript?ag_id=1845#ew_0_1104359,0.17,170,5.135798437,,
8316,ua,g_1901;em_12_156311;n_5278144-n_5278160;p_333;#=ew_69_239172;prefix=85186-;[0]=ew_0_1185795,R012M,PresentElder,156.59,156.42,https://labbcat.canterbury.ac.nz/maonze/transcript?ag_id=1901#ew_0_1185795,0.17,170,5.135798437,,
8474,ua,g_1944;em_12_165769;n_6847168-n_6847183;p_28;#=ew_69_150283;prefix=01410-;[0]=ew_0_1296785,K001M,PresentElder,165.824,165.654,https://labbcat.canterbury.ac.nz/maonze/transcript?ag_id=1944#ew_0_1296785,0.17,170,5.135798437,,
8600,ua,g_307;em_12_29997;n_54791-n_54792;p_81;#=ew_69_186670;prefix=35515-;[0]=ew_0_1334737,L1Y03M,L1,282.511,282.341,https://labbcat.canterbury.ac.nz/maonze/transcript?ag_id=307#ew_0_1334737,0.17,170,5.135798437,,
8839,ua,g_366;em_12_35420;n_4458664-n_4519627;p_92;#=ew_69_212313;prefix=60155-;[0]=ew_0_1124056,MU04M,Historical,152.598,152.428,https://labbcat.canterbury.ac.nz/maonze/transcript?ag_id=366#ew_0_1124056,0.17,170,5.135798437,,
8867,ua,g_370;em_12_36101;n_59926-n_59927;p_92;#=ew_69_214293;prefix=61091-;[0]=ew_0_239623,MU04M,Historical,416.107,415.937,https://labbcat.canterbury.ac.nz/maonze/transcript?ag_id=370#ew_0_239623,0.17,170,5.135798437,,
8877,ua,g_374;em_12_36807;n_60614-n_60616;p_92;#=ew_69_213567;prefix=61430-;[0]=ew_0_1123256,MU04M,Historical,228.592,228.422,https://labbcat.canterbury.ac.nz/maonze/transcript?ag_id=374#ew_0_1123256,0.17,170,5.135798437,,
8984,ua,g_451;em_12_46671;n_69133-n_7630;p_110;#=ew_69_156390;prefix=07058-;[0]=ew_0_1252407,K003M,PresentElder,142.977,142.807,https://labbcat.canterbury.ac.nz/maonze/transcript?ag_id=451#ew_0_1252407,0.17,170,5.135798437,,
9032,ua,g_464;em_12_47797;n_69859-n_69860;p_120;#=ew_69_165867;prefix=15585-;[0]=ew_0_1091136,K008M,PresentElder,130.77,130.6,https://labbcat.canterbury.ac.nz/maonze/transcript?ag_id=464#ew_0_1091136,0.17,170,5.135798437,,
9287,ua,g_598;em_12_63987;n_83586-n_83587;p_140;#=ew_69_189600;prefix=38575-;[0]=ew_0_381678,L1Y05M,L1,271.052,270.882,https://labbcat.canterbury.ac.nz/maonze/transcript?ag_id=598#ew_0_381678,0.17,170,5.135798437,,
9337,ua,g_604;em_12_64350;n_83943-n_83944;p_140;#=ew_69_191507;prefix=39743-;[0]=ew_0_385758,L1Y05M,L1,271.829,271.659,https://labbcat.canterbury.ac.nz/maonze/transcript?ag_id=604#ew_0_385758,0.17,170,5.135798437,,
9467,ua,g_625;em_12_65325;n_84845-n_84846;p_142;#=ew_69_183326;prefix=32827-;[0]=ew_0_396228,L1Y01M,L1,164.586,164.416,https://labbcat.canterbury.ac.nz/maonze/transcript?ag_id=625#ew_0_396228,0.17,170,5.135798437,,
9542,ua,g_633;em_12_66273;n_85722-n_85723;p_143;#=ew_69_203044;prefix=51830-;[0]=ew_0_402912,L2Y02M,L2,174.852,174.682,https://labbcat.canterbury.ac.nz/maonze/transcript?ag_id=633#ew_0_402912,0.17,170,5.135798437,,
9672,ua,g_663;em_12_70425;n_89221-n_89222;p_148;#=ew_69_207693;prefix=55245-;[0]=ew_0_420852,L2Y05M,L2,285.482,285.312,https://labbcat.canterbury.ac.nz/maonze/transcript?ag_id=663#ew_0_420852,0.17,170,5.135798437,,
9674,ua,g_663;em_12_70433;n_89229-n_29559;p_148;#=ew_69_207859;prefix=55289-;[0]=ew_0_420984,L2Y05M,L2,340.363,340.193,https://labbcat.canterbury.ac.nz/maonze/transcript?ag_id=663#ew_0_420984,0.17,170,5.135798437,,
9696,ua,g_665;em_12_70492;n_89286-n_89287;p_148;#=ew_69_207745;prefix=55572-;[0]=ew_0_421976,L2Y05M,L2,199.382,199.212,https://labbcat.canterbury.ac.nz/maonze/transcript?ag_id=665#ew_0_421976,0.17,170,5.135798437,,
9861,ua,g_856;em_12_85954;n_100941-n_100942;p_167;#=ew_69_171927;prefix=21881-;[0]=ew_0_545091,L1H01M,L1,135.478,135.308,https://labbcat.canterbury.ac.nz/maonze/transcript?ag_id=856#ew_0_545091,0.17,170,5.135798437,,
9981,ua,g_875;em_12_87292;n_101941-n_101942;p_169;#=ew_69_174938;prefix=24563-;[0]=ew_0_555130,L1H03M,L1,211.491,211.321,https://labbcat.canterbury.ac.nz/maonze/transcript?ag_id=875#ew_0_555130,0.17,170,5.135798437,,
10032,ua,g_882;em_12_87804;n_102258-n_102259;p_169;#=ew_69_175920;prefix=25226-;[0]=ew_0_558169,L1H03M,L1,232.365,232.195,https://labbcat.canterbury.ac.nz/maonze/transcript?ag_id=882#ew_0_558169,0.17,170,5.135798437,,
10050,ua,g_885;em_12_88025;n_102371-n_102372;p_169;#=ew_69_175637;prefix=25450-;[0]=ew_0_559387,L1H03M,L1,222.859,222.689,https://labbcat.canterbury.ac.nz/maonze/transcript?ag_id=885#ew_0_559387,0.17,170,5.135798437,,
10420,ua,g_949;em_12_91735;n_6521871-n_105398;p_181;#=ew_69_220554;prefix=67608-;[0]=ew_0_590737,R002M,PresentElder,155.382,155.212,https://labbcat.canterbury.ac.nz/maonze/transcript?ag_id=949#ew_0_590737,0.17,170,5.135798437,,
10506,ua,g_964;em_12_92569;n_106037-n_16137;p_183;#=ew_69_223161;prefix=69806-;[0]=ew_0_599473,R003M,PresentElder,249.74,249.57,https://labbcat.canterbury.ac.nz/maonze/transcript?ag_id=964#ew_0_599473,0.17,170,5.135798437,,
10638,ua,g_986;em_12_93897;n_106978-n_4619706;p_182;#=ew_69_226265;prefix=72842-;[0]=ew_0_610381,R005M,PresentElder,132.805,132.635,https://labbcat.canterbury.ac.nz/maonze/transcript?ag_id=986#ew_0_610381,0.17,170,5.135798437,,
10673,ua,g_99;em_12_162836;n_6281981-n_6281987;p_41;#=ew_69_163699;prefix=13138-;[0]=ew_0_1268446,K007M,PresentElder,224.306,224.136,https://labbcat.canterbury.ac.nz/maonze/transcript?ag_id=99#ew_0_1268446,0.17,170,5.135798437,,
91,ea,g_103;em_12_162937;n_6285841-n_6285845;p_41;#=ew_69_164319;prefix=14099-;[0]=ew_0_1271369,K007M,PresentElder,37.311,37.141,https://labbcat.canterbury.ac.nz/maonze/transcript?ag_id=103#ew_0_1271369,0.17,170,5.135798437,,
518,ea,g_1394;em_12_119238;n_124703-n_124704;p_262;#=ew_69_249692;prefix=95369-;[0]=ew_0_825413,WU08M,Historical,34.941,34.771,https://labbcat.canterbury.ac.nz/maonze/transcript?ag_id=1394#ew_0_825413,0.17,170,5.135798437,,
546,ea,g_1514;em_12_125628;n_129750-n_129751;p_276;#=ew_69_241916;prefix=88214-;[0]=ew_0_881963,WU03M,Historical,45.644,45.474,https://labbcat.canterbury.ac.nz/maonze/transcript?ag_id=1514#ew_0_881963,0.17,170,5.135798437,,
694,ea,g_1636;em_12_132888;n_135125-n_135126;p_288;#=ew_69_195225;prefix=44226-;[0]=ew_0_1275755,L2H03M,L2,53.165,52.995,https://labbcat.canterbury.ac.nz/maonze/transcript?ag_id=1636#ew_0_1275755,0.17,170,5.135798437,,
698,ea,g_1637;em_12_132974;n_135206-n_135207;p_288;#=ew_69_195864;prefix=44366-;[0]=ew_0_940975,L2H03M,L2,111.752,111.582,https://labbcat.canterbury.ac.nz/maonze/transcript?ag_id=1637#ew_0_940975,0.17,170,5.135798437,,
722,ea,g_1644;em_12_133416;n_135619-n_135620;p_288;#=ew_69_196208;prefix=45311-;[0]=ew_0_944430,L2H03M,L2,75.746,75.576,https://labbcat.canterbury.ac.nz/maonze/transcript?ag_id=1644#ew_0_944430,0.17,170,5.135798437,,
723,ea,g_1644;em_12_133417;n_135620-n_135621;p_288;#=ew_69_196221;prefix=45317-;[0]=ew_0_944450,L2H03M,L2,83.48,83.31,https://labbcat.canterbury.ac.nz/maonze/transcript?ag_id=1644#ew_0_944450,0.17,170,5.135798437,,
795,ea,g_1660;em_12_134566;n_27401-n_136441;p_302;#=ew_69_196979;prefix=45484-;[0]=ew_0_952280,L2H04M,L2,118.734,118.564,https://labbcat.canterbury.ac.nz/maonze/transcript?ag_id=1660#ew_0_952280,0.17,170,5.135798437,,
829,ea,g_1667;em_12_134857;n_136675-n_136676;p_302;#=ew_69_197986;prefix=46437-;[0]=ew_0_955708,L2H04M,L2,66.447,66.277,https://labbcat.canterbury.ac.nz/maonze/transcript?ag_id=1667#ew_0_955708,0.17,170,5.135798437,,
834,ea,g_1668;em_12_134896;n_136707-n_136708;p_302;#=ew_69_198232;prefix=46522-;[0]=ew_0_956086,L2H04M,L2,20.637,20.467,https://labbcat.canterbury.ac.nz/maonze/transcript?ag_id=1668#ew_0_956086,0.17,170,5.135798437,,
844,ea,g_1669;em_12_134958;n_136761-n_136762;p_302;#=ew_69_198525;prefix=46770-;[0]=ew_0_956916,L2H04M,L2,126.862,126.692,https://labbcat.canterbury.ac.nz/maonze/transcript?ag_id=1669#ew_0_956916,0.17,170,5.135798437,,
850,ea,g_1670;em_12_134979;n_27477-n_27478;p_302;#=ew_69_198092;prefix=46865-;[0]=ew_0_957275,L2H04M,L2,28.059,27.889,https://labbcat.canterbury.ac.nz/maonze/transcript?ag_id=1670#ew_0_957275,0.17,170,5.135798437,,
963,ea,g_1842;em_12_149104;n_3849115-n_3849132;p_49;#=ew_69_204669;prefix=52608-;[0]=ew_0_1102151,L2Y03M,L2,62.511,62.341,https://labbcat.canterbury.ac.nz/maonze/transcript?ag_id=1842#ew_0_1102151,0.17,170,5.135798437,,
1021,ea,g_1853;em_12_150395;n_4568815-n_4568828;p_148;#=ew_69_207897;prefix=55838-;[0]=ew_0_1124454,L2Y05M,L2,29.73,29.56,https://labbcat.canterbury.ac.nz/maonze/transcript?ag_id=1853#ew_0_1124454,0.17,170,5.135798437,,
1066,ea,g_1895;em_12_155867;n_5270252-n_5270265;p_334;#=ew_69_238485;prefix=84413-;[0]=ew_0_1180377,R011M,PresentElder,33.176,33.006,https://labbcat.canterbury.ac.nz/maonze/transcript?ag_id=1895#ew_0_1180377,0.17,170,5.135798437,,
1082,ea,g_1901;em_12_156291;n_5277991-n_5278003;p_333;#=ew_69_239114;prefix=85103-;[0]=ew_0_1185939,R012M,PresentElder,109.575,109.405,https://labbcat.canterbury.ac.nz/maonze/transcript?ag_id=1901#ew_0_1185939,0.17,170,5.135798437,,
1091,ea,g_1903;em_12_156488;n_5279676-n_5279689;p_333;#=ew_69_239910;prefix=85509-;[0]=ew_0_1187300,R012M,PresentElder,64.437,64.267,https://labbcat.canterbury.ac.nz/maonze/transcript?ag_id=1903#ew_0_1187300,0.17,170,5.135798437,,
1269,ea,g_25;em_12_2122;n_32731-n_32732;p_19;#=ew_69_154042;prefix=04889-;[0]=ew_0_17977,K002M,PresentElder,114.465,114.295,https://labbcat.canterbury.ac.nz/maonze/transcript?ag_id=25#ew_0_17977,0.17,170,5.135798437,,
1528,ea,g_370;em_12_35973;n_59798-n_59799;p_92;#=ew_69_213850;prefix=60820-;[0]=ew_0_238808,MU04M,Historical,24.062,23.892,https://labbcat.canterbury.ac.nz/maonze/transcript?ag_id=370#ew_0_238808,0.17,170,5.135798437,,
1644,ea,g_461;em_12_158476;n_5391673-n_5391677;p_112;#=ew_69_162172;prefix=12358-;[0]=ew_0_1210253,K006M,PresentElder,51.104,50.934,https://labbcat.canterbury.ac.nz/maonze/transcript?ag_id=461#ew_0_1210253,0.17,170,5.135798437,,
1646,ea,g_462;em_12_47613;n_69733-n_69734;p_112;#=ew_69_162297;prefix=12387-;[0]=ew_0_298086,K006M,PresentElder,69.348,69.178,https://labbcat.canterbury.ac.nz/maonze/transcript?ag_id=462#ew_0_298086,0.17,170,5.135798437,,
1746,ea,g_492;em_12_50731;n_72312-n_72313;p_122;#=ew_69_169942;prefix=19898-;[0]=ew_0_316431,K010M,PresentElder,83.468,83.298,https://labbcat.canterbury.ac.nz/maonze/transcript?ag_id=492#ew_0_316431,0.17,170,5.135798437,,
1810,ea,g_53;em_12_158369;n_5387889-n_5387893;p_32;#=ew_69_157775;prefix=08355-;[0]=ew_0_1211057,K004M,PresentElder,120.05,119.88,https://labbcat.canterbury.ac.nz/maonze/transcript?ag_id=53#ew_0_1211057,0.17,170,5.135798437,,
1812,ea,g_53;em_12_158369;n_5387889-n_5387893;p_32;#=ew_69_157791;prefix=08361-;[0]=ew_0_1208829,K004M,PresentElder,125.41,125.24,https://labbcat.canterbury.ac.nz/maonze/transcript?ag_id=53#ew_0_1208829,0.17,170,5.135798437,,
1864,ea,g_59;em_12_162230;n_6219095-n_6219096;p_32;#=ew_69_159448;prefix=09767-;[0]=ew_0_1263260,K004M,PresentElder,77.034,76.864,https://labbcat.canterbury.ac.nz/maonze/transcript?ag_id=59#ew_0_1263260,0.17,170,5.135798437,,
1976,ea,g_622;em_12_65187;n_84733-n_84734;p_142;#=ew_69_183085;prefix=32396-;[0]=ew_0_394537,L1Y01M,L1,38.582,38.412,https://labbcat.canterbury.ac.nz/maonze/transcript?ag_id=622#ew_0_394537,0.17,170,5.135798437,,
2069,ea,g_640;em_12_66841;n_10642-n_86147;p_145;#=ew_69_201658;prefix=49705-;[0]=ew_0_407939,L2Y01M,L2,122.967,122.797,https://labbcat.canterbury.ac.nz/maonze/transcript?ag_id=640#ew_0_407939,0.17,170,5.135798437,,
2136,ea,g_668;em_12_70584;n_89373-n_89374;p_148;#=ew_69_208172;prefix=56063-;[0]=ew_0_423565,L2Y05M,L2,67.684,67.514,https://labbcat.canterbury.ac.nz/maonze/transcript?ag_id=668#ew_0_423565,0.17,170,5.135798437,,
2279,ea,g_856;em_12_85927;n_100918-n_100919;p_167;#=ew_69_171834;prefix=21802-;[0]=ew_0_544834,L1H01M,L1,30.164,29.994,https://labbcat.canterbury.ac.nz/maonze/transcript?ag_id=856#ew_0_544834,0.17,170,5.135798437,,
2340,ea,g_867;em_12_86742;n_101557-n_101558;p_168;#=ew_69_174498;prefix=23583-;[0]=ew_0_551224,L1H02M,L1,105.476,105.306,https://labbcat.canterbury.ac.nz/maonze/transcript?ag_id=867#ew_0_551224,0.17,170,5.135798437,,
2435,ea,g_897;em_12_88597;n_102833-n_102834;p_174;#=ew_69_178476;prefix=27774-;[0]=ew_0_564996,L1H05M,L1,41.768,41.598,https://labbcat.canterbury.ac.nz/maonze/transcript?ag_id=897#ew_0_564996,0.17,170,5.135798437,,
2476,ea,g_902;em_12_88889;n_15430-n_6967513;p_173;#=ew_69_177398;prefix=26938-;[0]=ew_0_567500,L1H04M,L1,55.726,55.556,https://labbcat.canterbury.ac.nz/maonze/transcript?ag_id=902#ew_0_567500,0.17,170,5.135798437,,
2483,ea,g_905;em_12_89035;n_103192-n_103193;p_173;#=ew_69_177199;prefix=26760-;[0]=ew_0_569154,L1H04M,L1,89.778,89.608,https://labbcat.canterbury.ac.nz/maonze/transcript?ag_id=905#ew_0_569154,0.17,170,5.135798437,,
2529,ea,g_929;em_12_90522;n_104339-n_104340;p_179;#=ew_69_216897;prefix=65106-;[0]=ew_0_581650,R001M,PresentElder,21,20.83,https://labbcat.canterbury.ac.nz/maonze/transcript?ag_id=929#ew_0_581650,0.17,170,5.135798437,,
2622,ea,g_951;em_12_91816;n_6522046-n_105461;p_181;#=ew_69_219967;prefix=67875-;[0]=ew_0_591745,R002M,PresentElder,23.033,22.863,https://labbcat.canterbury.ac.nz/maonze/transcript?ag_id=951#ew_0_591745,0.17,170,5.135798437,,
2671,ea,g_966;em_12_92646;n_106093-n_16158;p_183;#=ew_69_222666;prefix=69961-;[0]=ew_0_600145,R003M,PresentElder,61.61,61.44,https://labbcat.canterbury.ac.nz/maonze/transcript?ag_id=966#ew_0_600145,0.17,170,5.135798437,,
2743,ea,g_977;em_12_93405;n_6612070-n_106628;p_184;#=ew_69_224642;prefix=71540-;[0]=ew_0_605957,R004M,PresentElder,105.268,105.098,https://labbcat.canterbury.ac.nz/maonze/transcript?ag_id=977#ew_0_605957,0.17,170,5.135798437,,
2747,ea,g_978;em_12_93468;n_106663-n_16410;p_184;#=ew_69_225020;prefix=71642-;[0]=ew_0_606356,R004M,PresentElder,19.975,19.805,https://labbcat.canterbury.ac.nz/maonze/transcript?ag_id=978#ew_0_606356,0.17,170,5.135798437,,
2769,ea,g_98;em_12_6878;n_36725-n_36726;p_41;#=ew_69_162464;prefix=12884-;[0]=ew_0_66837,K007M,PresentElder,59.247,59.077,https://labbcat.canterbury.ac.nz/maonze/transcript?ag_id=98#ew_0_66837,0.17,170,5.135798437,,
2784,ea,g_982;em_12_93730;n_106836-n_106837;p_184;#=ew_69_225303;prefix=72162-;[0]=ew_0_608544,R004M,PresentElder,53.997,53.827,https://labbcat.canterbury.ac.nz/maonze/transcript?ag_id=982#ew_0_608544,0.17,170,5.135798437,,
2861,ia,g_1009;em_12_95337;n_108270-n_108271;p_188;#=ew_69_229716;prefix=76270-;[0]=ew_0_624381,R007M,PresentElder,101.914,101.744,https://labbcat.canterbury.ac.nz/maonze/transcript?ag_id=1009#ew_0_624381,0.17,170,5.135798437,,
2864,ia,g_1009;em_12_95341;n_108274-n_108275;p_188;#=ew_69_229737;prefix=76284-;[0]=ew_0_624413,R007M,PresentElder,113.851,113.681,https://labbcat.canterbury.ac.nz/maonze/transcript?ag_id=1009#ew_0_624413,0.17,170,5.135798437,,
2897,ia,g_102;em_12_162988;n_6285827-n_6285932;p_41;#=ew_69_163391;prefix=13764-;[0]=ew_0_1274107,K007M,PresentElder,77.785,77.615,https://labbcat.canterbury.ac.nz/maonze/transcript?ag_id=102#ew_0_1274107,0.17,170,5.135798437,,
3003,ia,g_104;em_12_7194;n_37035-n_37036;p_41;#=ew_69_164263;prefix=14185-;[0]=ew_0_71649,K007M,PresentElder,35.618,35.448,https://labbcat.canterbury.ac.nz/maonze/transcript?ag_id=104#ew_0_71649,0.17,170,5.135798437,,
3027,ia,g_1048;em_12_97555;n_109473-n_109474;p_193;#=ew_69_236710;prefix=83008-;[0]=ew_0_647241,R010M,PresentElder,78.75,78.58,https://labbcat.canterbury.ac.nz/maonze/transcript?ag_id=1048#ew_0_647241,0.17,170,5.135798437,,
3105,ia,g_1086;em_12_100399;n_111500-n_111501;p_208;#=ew_69_247420;prefix=93223-;[0]=ew_0_667798,WU07M,Historical,109.614,109.444,https://labbcat.canterbury.ac.nz/maonze/transcript?ag_id=1086#ew_0_667798,0.17,170,5.135798437,,
3138,ia,g_11;em_12_801;n_31447-n_31448;p_28;#=ew_69_149267;prefix=00303-;[0]=ew_0_7185,K001M,PresentElder,90.648,90.478,https://labbcat.canterbury.ac.nz/maonze/transcript?ag_id=11#ew_0_7185,0.17,170,5.135798437,,
3173,ia,g_117;em_12_8494;n_38051-n_38052;p_43;#=ew_69_211556;prefix=58676-;[0]=ew_0_1113614,MU02M,Historical,121.891,121.721,https://labbcat.canterbury.ac.nz/maonze/transcript?ag_id=117#ew_0_1113614,0.17,170,5.135798437,,
3276,ia,g_137;em_12_9591;n_39064-n_39065;p_284;#=ew_69_210193;prefix=57627-;[0]=ew_0_92253,MU01M,Historical,118.183,118.013,https://labbcat.canterbury.ac.nz/maonze/transcript?ag_id=137#ew_0_92253,0.17,170,5.135798437,,
3351,ia,g_1518;em_12_125844;n_129912-n_129913;p_287;#=ew_69_227859;prefix=74182-;[0]=ew_0_883892,R006M,PresentElder,122.503,122.333,https://labbcat.canterbury.ac.nz/maonze/transcript?ag_id=1518#ew_0_883892,0.17,170,5.135798437,,
3447,ia,g_1630;em_12_132594;n_134861-n_134862;p_299;#=ew_69_193179;prefix=41909-;[0]=ew_0_938974,L2H01M,L2,45.313,45.143,https://labbcat.canterbury.ac.nz/maonze/transcript?ag_id=1630#ew_0_938974,0.17,170,5.135798437,,
3527,ia,g_1665;em_12_134790;n_136623-n_27443;p_302;#=ew_69_197706;prefix=46172-;[0]=ew_0_954807,L2H04M,L2,103.054,102.884,https://labbcat.canterbury.ac.nz/maonze/transcript?ag_id=1665#ew_0_954807,0.17,170,5.135798437,,
3586,ia,g_1754;em_12_140179;n_28562-n_140824;p_318;#=ew_69_231872;prefix=78462-;[0]=ew_0_1004401,R008M,PresentElder,86.302,86.132,https://labbcat.canterbury.ac.nz/maonze/transcript?ag_id=1754#ew_0_1004401,0.17,170,5.135798437,,
3592,ia,g_1756;em_12_140347;n_140960-n_140961;p_318;#=ew_69_231944;prefix=78696-;[0]=ew_0_1005350,R008M,PresentElder,81.294,81.124,https://labbcat.canterbury.ac.nz/maonze/transcript?ag_id=1756#ew_0_1005350,0.17,170,5.135798437,,
3608,ia,g_1843;em_12_149192;n_3850194-n_3850211;p_49;#=ew_69_204390;prefix=52811-;[0]=ew_0_1103065,L2Y03M,L2,126.244,126.074,https://labbcat.canterbury.ac.nz/maonze/transcript?ag_id=1843#ew_0_1103065,0.17,170,5.135798437,,
3653,ia,g_1888;em_12_155391;n_5263385-n_5263400;p_334;#=ew_69_237692;prefix=83926-;[0]=ew_0_1174697,R011M,PresentElder,37.656,37.486,https://labbcat.canterbury.ac.nz/maonze/transcript?ag_id=1888#ew_0_1174697,0.17,170,5.135798437,,
3736,ia,g_1910;em_12_156908;n_5286523-n_5286547;p_333;#=ew_69_240473;prefix=86833-;[0]=ew_0_1192713,R012M,PresentElder,116.752,116.582,https://labbcat.canterbury.ac.nz/maonze/transcript?ag_id=1910#ew_0_1192713,0.17,170,5.135798437,,
3747,ia,g_1912;em_12_157090;n_5288429-n_5288438;p_333;#=ew_69_240107;prefix=87221-;[0]=ew_0_1194998,R012M,PresentElder,44.02,43.85,https://labbcat.canterbury.ac.nz/maonze/transcript?ag_id=1912#ew_0_1194998,0.17,170,5.135798437,,
3756,ia,g_1922;em_12_162547;n_6278604-n_6278610;p_337;#=ew_69_216843;prefix=64218-;[0]=ew_0_1267625,MU11M,Historical,47.652,47.482,https://labbcat.canterbury.ac.nz/maonze/transcript?ag_id=1922#ew_0_1267625,0.17,170,5.135798437,,
3802,ia,g_20;em_12_1612;n_32231-n_32232;p_19;#=ew_69_153779;prefix=03625-;[0]=ew_0_14007,K002M,PresentElder,122.369,122.199,https://labbcat.canterbury.ac.nz/maonze/transcript?ag_id=20#ew_0_14007,0.17,170,5.135798437,,
3812,ia,g_21;em_12_1712;n_32330-n_32331;p_19;#=ew_69_153068;prefix=03866-;[0]=ew_0_14719,K002M,PresentElder,46.223,46.053,https://labbcat.canterbury.ac.nz/maonze/transcript?ag_id=21#ew_0_14719,0.17,170,5.135798437,,
4005,ia,g_383;em_12_38535;n_62333-n_62334;p_95;#=ew_69_215001;prefix=62202-;[0]=ew_0_1121696,MU06M,Historical,127.089,126.919,https://labbcat.canterbury.ac.nz/maonze/transcript?ag_id=383#ew_0_1121696,0.17,170,5.135798437,,
4019,ia,g_386;em_12_39157;n_62952-n_62953;p_95;#=ew_69_215624;prefix=62724-;[0]=ew_0_248575,MU06M,Historical,24.167,23.997,https://labbcat.canterbury.ac.nz/maonze/transcript?ag_id=386#ew_0_248575,0.17,170,5.135798437,,
4217,ia,g_499;em_12_51698;n_73000-n_73001;p_97;#=ew_69_215441;prefix=63160-;[0]=ew_0_320209,MU07M,Historical,35.912,35.742,https://labbcat.canterbury.ac.nz/maonze/transcript?ag_id=499#ew_0_320209,0.17,170,5.135798437,,
4356,ia,g_625;em_12_65309;n_84829-n_84830;p_142;#=ew_69_183224;prefix=32776-;[0]=ew_0_1245328,L1Y01M,L1,94.937,94.767,https://labbcat.canterbury.ac.nz/maonze/transcript?ag_id=625#ew_0_1245328,0.17,170,5.135798437,,
4359,ia,g_626;em_12_65350;n_84869-n_84870;p_142;#=ew_69_183742;prefix=32924-;[0]=ew_0_396551,L1Y01M,L1,96.177,96.007,https://labbcat.canterbury.ac.nz/maonze/transcript?ag_id=626#ew_0_396551,0.17,170,5.135798437,,
4784,ia,g_954;em_12_91961;n_6536532-n_105583;p_181;#=ew_69_221220;prefix=68043-;[0]=ew_0_593588,R002M,PresentElder,50.835,50.665,https://labbcat.canterbury.ac.nz/maonze/transcript?ag_id=954#ew_0_593588,0.17,170,5.135798437,,
4850,ia,g_975;em_12_93213;n_106527-n_16291;p_184;#=ew_69_224050;prefix=71211-;[0]=ew_0_604790,R004M,PresentElder,82.25,82.08,https://labbcat.canterbury.ac.nz/maonze/transcript?ag_id=975#ew_0_604790,0.17,170,5.135798437,,
4904,ia,g_989;em_12_150949;n_4619414-n_4619416;p_182;#=ew_69_225831;prefix=73287-;[0]=ew_0_1127084,R005M,PresentElder,77.387,77.217,https://labbcat.canterbury.ac.nz/maonze/transcript?ag_id=989#ew_0_1127084,0.17,170,5.135798437,,
5099,oa,g_1077;em_12_99849;n_111041-n_111042;p_208;#=ew_69_246359;prefix=92021-;[0]=ew_0_662913,WU07M,Historical,52.36,52.19,https://labbcat.canterbury.ac.nz/maonze/transcript?ag_id=1077#ew_0_662913,0.17,170,5.135798437,,
5202,oa,g_1227;em_12_110657;n_119133-n_119134;p_249;#=ew_69_180181;prefix=29179-;[0]=ew_0_738368,L1H06M,L1,94.092,93.922,https://labbcat.canterbury.ac.nz/maonze/transcript?ag_id=1227#ew_0_738368,0.17,170,5.135798437,,
5314,oa,g_1518;em_12_125845;n_129913-n_129914;p_287;#=ew_69_227867;prefix=74186-;[0]=ew_0_883901,R006M,PresentElder,126.901,126.731,https://labbcat.canterbury.ac.nz/maonze/transcript?ag_id=1518#ew_0_883901,0.17,170,5.135798437,,
5357,oa,g_1527;em_12_126269;n_130283-n_6614891;p_287;#=ew_69_229103;prefix=75818-;[0]=ew_0_1281251,R006M,PresentElder,70.671,70.501,https://labbcat.canterbury.ac.nz/maonze/transcript?ag_id=1527#ew_0_1281251,0.17,170,5.135798437,,
5383,oa,g_1618;em_12_131793;n_134274-n_134275;p_299;#=ew_69_192248;prefix=40622-;[0]=ew_0_933300,L2H01M,L2,96.762,96.592,https://labbcat.canterbury.ac.nz/maonze/transcript?ag_id=1618#ew_0_933300,0.17,170,5.135798437,,
5429,oa,g_1642;em_12_133303;n_135512-n_135513;p_288;#=ew_69_196436;prefix=45053-;[0]=ew_0_943504,L2H03M,L2,122.437,122.267,https://labbcat.canterbury.ac.nz/maonze/transcript?ag_id=1642#ew_0_943504,0.17,170,5.135798437,,
5458,oa,g_1655;em_12_134287;n_136261-n_136262;p_300;#=ew_69_194355;prefix=43336-;[0]=ew_0_950030,L2H02M,L2,90.662,90.492,https://labbcat.canterbury.ac.nz/maonze/transcript?ag_id=1655#ew_0_950030,0.17,170,5.135798437,,
5473,oa,g_1658;em_12_134462;n_136383-n_136384;p_300;#=ew_69_195063;prefix=43631-;[0]=ew_0_951404,L2H02M,L2,48.914,48.744,https://labbcat.canterbury.ac.nz/maonze/transcript?ag_id=1658#ew_0_951404,0.17,170,5.135798437,,
5524,oa,g_1688;em_12_136031;n_137510-n_137511;p_307;#=ew_69_199721;prefix=48003-;[0]=ew_0_965626,L2H05M,L2,35.141,34.971,https://labbcat.canterbury.ac.nz/maonze/transcript?ag_id=1688#ew_0_965626,0.17,170,5.135798437,,
5526,oa,g_1689;em_12_136112;n_137573-n_137574;p_307;#=ew_69_200310;prefix=48881-;[0]=ew_0_1277407,L2H05M,L2,39.127,38.957,https://labbcat.canterbury.ac.nz/maonze/transcript?ag_id=1689#ew_0_1277407,0.17,170,5.135798437,,
5648,oa,g_1895;em_12_155809;n_5270397-n_5270411;p_334;#=ew_69_238576;prefix=84376-;[0]=ew_0_1180693,R011M,PresentElder,74.94,74.77,https://labbcat.canterbury.ac.nz/maonze/transcript?ag_id=1895#ew_0_1180693,0.17,170,5.135798437,,
5713,oa,g_1907;em_12_156730;n_5283720-n_5283742;p_333;#=ew_69_239865;prefix=86249-;[0]=ew_0_1190433,R012M,PresentElder,72.37,72.2,https://labbcat.canterbury.ac.nz/maonze/transcript?ag_id=1907#ew_0_1190433,0.17,170,5.135798437,,
5764,oa,g_1923;em_12_163401;n_6538384-n_6538397;p_181;#=ew_69_220982;prefix=68556-;[0]=ew_0_1279134,R002M,PresentElder,112.797,112.627,https://labbcat.canterbury.ac.nz/maonze/transcript?ag_id=1923#ew_0_1279134,0.17,170,5.135798437,,
5948,oa,g_368;em_12_150115;n_4458725-n_4458734;p_92;#=ew_69_212576;prefix=60396-;[0]=ew_0_1116588,MU04M,Historical,25.742,25.572,https://labbcat.canterbury.ac.nz/maonze/transcript?ag_id=368#ew_0_1116588,0.17,170,5.135798437,,
6002,oa,g_380;em_12_38019;n_61821-n_7021765;p_94;#=ew_69_214457;prefix=62063-;[0]=ew_0_245286,MU05M,Historical,121.87,121.7,https://labbcat.canterbury.ac.nz/maonze/transcript?ag_id=380#ew_0_245286,0.17,170,5.135798437,,
6243,oa,g_626;em_12_65349;n_84868-n_84869;p_142;#=ew_69_183727;prefix=32919-;[0]=ew_0_396539,L1Y01M,L1,90.489,90.319,https://labbcat.canterbury.ac.nz/maonze/transcript?ag_id=626#ew_0_396539,0.17,170,5.135798437,,
6261,oa,g_632;em_12_66081;n_85541-n_85542;p_143;#=ew_69_203168;prefix=51463-;[0]=ew_0_401465,L2Y02M,L2,38.375,38.205,https://labbcat.canterbury.ac.nz/maonze/transcript?ag_id=632#ew_0_401465,0.17,170,5.135798437,,
6342,oa,g_77;em_12_5369;n_35464-n_35465;p_37;#=ew_69_160693;prefix=10338-;[0]=ew_0_52533,K005M,PresentElder,103.365,103.195,https://labbcat.canterbury.ac.nz/maonze/transcript?ag_id=77#ew_0_52533,0.17,170,5.135798437,,
6434,oa,g_873;em_12_87210;n_101873-n_101874;p_168;#=ew_69_174367;prefix=24431-;[0]=ew_0_554645,L1H02M,L1,112.119,111.949,https://labbcat.canterbury.ac.nz/maonze/transcript?ag_id=873#ew_0_554645,0.17,170,5.135798437,,
6462,oa,g_890;em_12_88274;n_102559-n_5773607;p_174;#=ew_69_179031;prefix=28948-;[0]=ew_0_560975,L1H05M,L1,77.575,77.405,https://labbcat.canterbury.ac.nz/maonze/transcript?ag_id=890#ew_0_560975,0.17,170,5.135798437,,
6501,oa,g_906;em_12_159824;n_5747878-n_5747855;p_173;#=ew_69_176909;prefix=26724-;[0]=ew_0_1223646,L1H04M,L1,89.08,88.91,https://labbcat.canterbury.ac.nz/maonze/transcript?ag_id=906#ew_0_1223646,0.17,170,5.135798437,,
6576,oa,g_949;em_12_91712;n_105380-n_105381;p_181;#=ew_69_220391;prefix=67525-;[0]=ew_0_590416,R002M,PresentElder,21.169,20.999,https://labbcat.canterbury.ac.nz/maonze/transcript?ag_id=949#ew_0_590416,0.17,170,5.135798437,,
6609,oa,g_970;em_12_92862;n_106239-n_106240;p_184;#=ew_69_223342;prefix=70361-;[0]=ew_0_601881,R004M,PresentElder,42.149,41.979,https://labbcat.canterbury.ac.nz/maonze/transcript?ag_id=970#ew_0_601881,0.17,170,5.135798437,,
6657,oa,g_986;em_12_93881;n_106962-n_106963;p_182;#=ew_69_226033;prefix=72769-;[0]=ew_0_610140,R005M,PresentElder,24.939,24.769,https://labbcat.canterbury.ac.nz/maonze/transcript?ag_id=986#ew_0_610140,0.17,170,5.135798437,,
6724,ua,g_1010;em_12_95398;n_16696-n_108304;p_188;#=ew_69_230024;prefix=76403-;[0]=ew_0_624833,R007M,PresentElder,74.399,74.229,https://labbcat.canterbury.ac.nz/maonze/transcript?ag_id=1010#ew_0_624833,0.17,170,5.135798437,,
7053,ua,g_1073;em_12_99669;n_110882-n_110883;p_206;#=ew_69_245300;prefix=91620-;[0]=ew_0_661234,WU06M,Historical,126.668,126.498,https://labbcat.canterbury.ac.nz/maonze/transcript?ag_id=1073#ew_0_661234,0.17,170,5.135798437,,
7254,ua,g_117;em_12_8488;n_38045-n_38046;p_43;#=ew_69_211538;prefix=58658-;[0]=ew_0_82346,MU02M,Historical,95.287,95.117,https://labbcat.canterbury.ac.nz/maonze/transcript?ag_id=117#ew_0_82346,0.17,170,5.135798437,,
7333,ua,g_1231;em_12_110853;n_21136-n_5826858;p_249;#=ew_69_180036;prefix=29519-;[0]=ew_0_740207,L1H06M,L1,114.402,114.232,https://labbcat.canterbury.ac.nz/maonze/transcript?ag_id=1231#ew_0_740207,0.17,170,5.135798437,,
7475,ua,g_1373;em_12_118296;n_123842-n_123843;p_287;#=ew_69_227523;prefix=74504-;[0]=ew_0_814719,R006M,PresentElder,63.372,63.202,https://labbcat.canterbury.ac.nz/maonze/transcript?ag_id=1373#ew_0_814719,0.17,170,5.135798437,,
7483,ua,g_1374;em_12_118345;n_123888-n_123889;p_284;#=ew_69_210377;prefix=58266-;[0]=ew_0_815347,MU01M,Historical,99.596,99.426,https://labbcat.canterbury.ac.nz/maonze/transcript?ag_id=1374#ew_0_815347,0.17,170,5.135798437,,
7554,ua,g_14;em_12_1078;n_31712-n_31713;p_19;#=ew_69_151677;prefix=03080-;[0]=ew_0_9337,K002M,PresentElder,18.466,18.296,https://labbcat.canterbury.ac.nz/maonze/transcript?ag_id=14#ew_0_9337,0.17,170,5.135798437,,
7631,ua,g_1524;em_12_126143;n_130172-n_130173;p_287;#=ew_69_228568;prefix=75299-;[0]=ew_0_887371,R006M,PresentElder,43.929,43.759,https://labbcat.canterbury.ac.nz/maonze/transcript?ag_id=1524#ew_0_887371,0.17,170,5.135798437,,
7643,ua,g_1527;em_12_126264;n_130278-n_130279;p_287;#=ew_69_229075;prefix=75795-;[0]=ew_0_889147,R006M,PresentElder,42.145,41.975,https://labbcat.canterbury.ac.nz/maonze/transcript?ag_id=1527#ew_0_889147,0.17,170,5.135798437,,
7649,ua,g_1527;em_12_126276;n_130290-n_130291;p_287;#=ew_69_229137;prefix=75852-;[0]=ew_0_889359,R006M,PresentElder,126.677,126.507,https://labbcat.canterbury.ac.nz/maonze/transcript?ag_id=1527#ew_0_889359,0.17,170,5.135798437,,
7725,ua,g_1617;em_12_131716;n_134212-n_134213;p_299;#=ew_69_192041;prefix=40443-;[0]=ew_0_932652,L2H01M,L2,58.049,57.879,https://labbcat.canterbury.ac.nz/maonze/transcript?ag_id=1617#ew_0_932652,0.17,170,5.135798437,,
7821,ua,g_1636;em_12_132888;n_135125-n_135126;p_288;#=ew_69_195222;prefix=44223-;[0]=ew_0_1275812,L2H03M,L2,51.365,51.195,https://labbcat.canterbury.ac.nz/maonze/transcript?ag_id=1636#ew_0_1275812,0.17,170,5.135798437,,
7825,ua,g_1637;em_12_132958;n_135192-n_135193;p_288;#=ew_69_195806;prefix=44339-;[0]=ew_0_940876,L2H03M,L2,51.832,51.662,https://labbcat.canterbury.ac.nz/maonze/transcript?ag_id=1637#ew_0_940876,0.17,170,5.135798437,,
7841,ua,g_1639;em_12_133122;n_135344-n_135345;p_288;#=ew_69_196733;prefix=44653-;[0]=ew_0_942009,L2H03M,L2,96.796,96.626,https://labbcat.canterbury.ac.nz/maonze/transcript?ag_id=1639#ew_0_942009,0.17,170,5.135798437,,
7957,ua,g_1660;em_12_134562;n_136440-n_27398;p_302;#=ew_69_196963;prefix=45469-;[0]=ew_0_952220,L2H04M,L2,93.637,93.467,https://labbcat.canterbury.ac.nz/maonze/transcript?ag_id=1660#ew_0_952220,0.17,170,5.135798437,,
7979,ua,g_1663;em_12_134681;n_27436-n_136521;p_302;#=ew_69_197292;prefix=45857-;[0]=ew_0_953687,L2H04M,L2,88.678,88.508,https://labbcat.canterbury.ac.nz/maonze/transcript?ag_id=1663#ew_0_953687,0.17,170,5.135798437,,
8148,ua,g_1752;em_12_140027;n_140687-n_140688;p_318;#=ew_69_231699;prefix=78241-;[0]=ew_0_1003612,R008M,PresentElder,66.152,65.982,https://labbcat.canterbury.ac.nz/maonze/transcript?ag_id=1752#ew_0_1003612,0.17,170,5.135798437,,
8246,ua,g_1884;em_12_155092;n_5259819-n_5259826;p_334;#=ew_69_237272;prefix=83449-;[0]=ew_0_1170883,R011M,PresentElder,100.636,100.466,https://labbcat.canterbury.ac.nz/maonze/transcript?ag_id=1884#ew_0_1170883,0.17,170,5.135798437,,
8464,ua,g_1943;em_12_165659;n_6845992-n_6846013;p_19;#=ew_69_151904;prefix=02619-;[0]=ew_0_1295715,K002M,PresentElder,102.946,102.776,https://labbcat.canterbury.ac.nz/maonze/transcript?ag_id=1943#ew_0_1295715,0.17,170,5.135798437,,
8581,ua,g_305;em_12_29771;n_54605-n_5457;p_81;#=ew_69_186660;prefix=35073-;[0]=ew_0_1265118,L1Y03M,L1,115.548,115.378,https://labbcat.canterbury.ac.nz/maonze/transcript?ag_id=305#ew_0_1265118,0.17,170,5.135798437,,
8701,ua,g_326;em_12_148486;n_3841406-n_3841432;p_89;#=ew_69_188676;prefix=38132-;[0]=ew_0_1095054,L1Y04M,L1,110.961,110.791,https://labbcat.canterbury.ac.nz/maonze/transcript?ag_id=326#ew_0_1095054,0.17,170,5.135798437,,
8712,ua,g_328;em_12_33141;n_57422-n_57423;p_85;#=ew_69_184535;prefix=33631-;[0]=ew_0_219586,L1Y02M,L1,47.083,46.913,https://labbcat.canterbury.ac.nz/maonze/transcript?ag_id=328#ew_0_219586,0.17,170,5.135798437,,
8744,ua,g_336;em_12_33347;n_57580-n_57581;p_85;#=ew_69_184393;prefix=33544-;[0]=ew_0_222207,L1Y02M,L1,106.869,106.699,https://labbcat.canterbury.ac.nz/maonze/transcript?ag_id=336#ew_0_222207,0.17,170,5.135798437,,
8762,ua,g_340;em_12_33455;n_57673-n_57674;p_85;#=ew_69_185647;prefix=34775-;[0]=ew_0_1242441,L1Y02M,L1,34.391,34.221,https://labbcat.canterbury.ac.nz/maonze/transcript?ag_id=340#ew_0_1242441,0.17,170,5.135798437,,
8856,ua,g_369;em_12_35886;n_59712-n_59713;p_92;#=ew_69_213050;prefix=60639-;[0]=ew_0_238281,MU04M,Historical,127.375,127.205,https://labbcat.canterbury.ac.nz/maonze/transcript?ag_id=369#ew_0_238281,0.17,170,5.135798437,,
8883,ua,g_377;em_12_37294;n_61097-n_61100;p_94;#=ew_69_214055;prefix=61828-;[0]=ew_0_1120034,MU05M,Historical,95.398,95.228,https://labbcat.canterbury.ac.nz/maonze/transcript?ag_id=377#ew_0_1120034,0.17,170,5.135798437,,
8915,ua,g_386;em_12_39182;n_62977-n_62978;p_95;#=ew_69_215686;prefix=62757-;[0]=ew_0_248674,MU06M,Historical,64.888,64.718,https://labbcat.canterbury.ac.nz/maonze/transcript?ag_id=386#ew_0_248674,0.17,170,5.135798437,,
9072,ua,g_474;em_12_48998;n_70931-n_70932;p_121;#=ew_69_167052;prefix=16999-;[0]=ew_0_304799,K009M,PresentElder,116.258,116.088,https://labbcat.canterbury.ac.nz/maonze/transcript?ag_id=474#ew_0_304799,0.17,170,5.135798437,,
9120,ua,g_484;em_12_49699;n_71519-n_71520;p_121;#=ew_69_169003;prefix=18923-;[0]=ew_0_311406,K009M,PresentElder,114.365,114.195,https://labbcat.canterbury.ac.nz/maonze/transcript?ag_id=484#ew_0_311406,0.17,170,5.135798437,,
9140,ua,g_487;em_12_49889;n_71698-n_71699;p_122;#=ew_69_169376;prefix=19269-;[0]=ew_0_313044,K010M,PresentElder,105.072,104.902,https://labbcat.canterbury.ac.nz/maonze/transcript?ag_id=487#ew_0_313044,0.17,170,5.135798437,,
9188,ua,g_494;em_12_50985;n_72477-n_72478;p_122;#=ew_69_169788;prefix=20139-;[0]=ew_0_317536,K010M,PresentElder,34.165,33.995,https://labbcat.canterbury.ac.nz/maonze/transcript?ag_id=494#ew_0_317536,0.17,170,5.135798437,,
9490,ua,g_627;em_12_65377;n_84892-n_84893;p_142;#=ew_69_183758;prefix=33005-;[0]=ew_0_396900,L1Y01M,L1,40.061,39.891,https://labbcat.canterbury.ac.nz/maonze/transcript?ag_id=627#ew_0_396900,0.17,170,5.135798437,,
9509,ua,g_629;em_12_65611;n_85110-n_85111;p_143;#=ew_69_202593;prefix=50651-;[0]=ew_0_398361,L2Y02M,L2,26.106,25.936,https://labbcat.canterbury.ac.nz/maonze/transcript?ag_id=629#ew_0_398361,0.17,170,5.135798437,,
9532,ua,g_632;em_12_66115;n_85571-n_85572;p_143;#=ew_69_203264;prefix=51519-;[0]=ew_0_401682,L2Y02M,L2,113.645,113.475,https://labbcat.canterbury.ac.nz/maonze/transcript?ag_id=632#ew_0_401682,0.17,170,5.135798437,,
9556,ua,g_635;em_12_66433;n_85857-n_85858;p_145;#=ew_69_200681;prefix=48992-;[0]=ew_0_404243,L2Y01M,L2,107.302,107.132,https://labbcat.canterbury.ac.nz/maonze/transcript?ag_id=635#ew_0_404243,0.17,170,5.135798437,,
9840,ua,g_85;em_12_5750;n_35800-n_35801;p_37;#=ew_69_161263;prefix=11224-;[0]=ew_0_58234,K005M,PresentElder,118.296,118.126,https://labbcat.canterbury.ac.nz/maonze/transcript?ag_id=85#ew_0_58234,0.17,170,5.135798437,,
9850,ua,g_852;em_12_85655;n_100664-n_100665;p_167;#=ew_69_170983;prefix=21247-;[0]=ew_0_542673,L1H01M,L1,124.676,124.506,https://labbcat.canterbury.ac.nz/maonze/transcript?ag_id=852#ew_0_542673,0.17,170,5.135798437,,
9866,ua,g_859;em_12_86196;n_101170-n_101171;p_167;#=ew_69_172486;prefix=22334-;[0]=ew_0_546782,L1H01M,L1,71.161,70.991,https://labbcat.canterbury.ac.nz/maonze/transcript?ag_id=859#ew_0_546782,0.17,170,5.135798437,,
9929,ua,g_867;em_12_86725;n_101546-n_101547;p_168;#=ew_69_174413;prefix=23557-;[0]=ew_0_551107,L1H02M,L1,55.575,55.405,https://labbcat.canterbury.ac.nz/maonze/transcript?ag_id=867#ew_0_551107,0.17,170,5.135798437,,
9931,ua,g_867;em_12_86740;n_101555-n_101556;p_168;#=ew_69_174494;prefix=23581-;[0]=ew_0_551215,L1H02M,L1,101.505,101.335,https://labbcat.canterbury.ac.nz/maonze/transcript?ag_id=867#ew_0_551215,0.17,170,5.135798437,,
10022,ua,g_882;em_12_87749;n_102223-n_15143;p_169;#=ew_69_175835;prefix=25141-;[0]=ew_0_557812,L1H03M,L1,23.535,23.365,https://labbcat.canterbury.ac.nz/maonze/transcript?ag_id=882#ew_0_557812,0.17,170,5.135798437,,
10038,ua,g_883;em_12_87823;n_102270-n_102271;p_169;#=ew_69_175753;prefix=25254-;[0]=ew_0_558296,L1H03M,L1,36.337,36.167,https://labbcat.canterbury.ac.nz/maonze/transcript?ag_id=883#ew_0_558296,0.17,170,5.135798437,,
10053,ua,g_886;em_12_88057;n_15276-n_15277;p_169;#=ew_69_175711;prefix=25486-;[0]=ew_0_559591,L1H03M,L1,116.647,116.477,https://labbcat.canterbury.ac.nz/maonze/transcript?ag_id=886#ew_0_559591,0.17,170,5.135798437,,
10261,ua,g_927;em_12_90317;n_104136-n_104137;p_179;#=ew_69_217228;prefix=64688-;[0]=ew_0_580354,R001M,PresentElder,94.822,94.652,https://labbcat.canterbury.ac.nz/maonze/transcript?ag_id=927#ew_0_580354,0.17,170,5.135798437,,
10293,ua,g_930;em_12_90603;n_104418-n_104419;p_179;#=ew_69_217944;prefix=65212-;[0]=ew_0_582051,R001M,PresentElder,43.579,43.409,https://labbcat.canterbury.ac.nz/maonze/transcript?ag_id=930#ew_0_582051,0.17,170,5.135798437,,
10441,ua,g_954;em_12_91966;n_105587-n_105588;p_181;#=ew_69_221278;prefix=68074-;[0]=ew_0_593666,R002M,PresentElder,80.426,80.256,https://labbcat.canterbury.ac.nz/maonze/transcript?ag_id=954#ew_0_593666,0.17,170,5.135798437,,
10475,ua,g_960;em_12_92240;n_105828-n_105829;p_183;#=ew_69_222224;prefix=69015-;[0]=ew_0_596473,R003M,PresentElder,43.667,43.497,https://labbcat.canterbury.ac.nz/maonze/transcript?ag_id=960#ew_0_596473,0.17,170,5.135798437,,
10487,ua,g_962;em_12_92382;n_16062-n_105925;p_183;#=ew_69_222382;prefix=69408-;[0]=ew_0_597839,R003M,PresentElder,116.15,115.98,https://labbcat.canterbury.ac.nz/maonze/transcript?ag_id=962#ew_0_597839,0.17,170,5.135798437,,
10510,ua,g_965;em_12_92595;n_106051-n_106052;p_183;#=ew_69_222784;prefix=69849-;[0]=ew_0_599686,R003M,PresentElder,112.397,112.227,https://labbcat.canterbury.ac.nz/maonze/transcript?ag_id=965#ew_0_599686,0.17,170,5.135798437,,
1546,ea,g_374;em_12_36652;n_60466-n_60467;p_92;#=ew_69_213438;prefix=61309-;[0]=ew_0_241930,MU04M,Historical,6.19,6.02,https://labbcat.canterbury.ac.nz/maonze/transcript?ag_id=374#ew_0_241930,0.17,170,5.135798437,,
500,ea,g_138;em_12_9611;n_1110-n_39084;p_284;#=ew_69_209880;prefix=57698-;[0]=ew_0_92538,MU01M,Historical,1.14,0.97,https://labbcat.canterbury.ac.nz/maonze/transcript?ag_id=138#ew_0_92538,0.17,170,5.135798437,,
1168,ea,g_1942;em_12_165616;n_6841604-n_6841610;p_41;#=ew_69_164773;prefix=14875-;[0]=ew_0_1294680,K007M,PresentElder,7.165,6.995,https://labbcat.canterbury.ac.nz/maonze/transcript?ag_id=1942#ew_0_1294680,0.17,170,5.135798437,,
1685,ea,g_474;em_12_48980;n_70913-n_70914;p_121;#=ew_69_166945;prefix=16940-;[0]=ew_0_304555,K009M,PresentElder,16.07,15.9,https://labbcat.canterbury.ac.nz/maonze/transcript?ag_id=474#ew_0_304555,0.17,170,5.135798437,,
1792,ea,g_52;em_12_3722;n_330-n_34056;p_32;#=ew_69_157742;prefix=07990-;[0]=ew_0_34075,K004M,PresentElder,4.71,4.54,https://labbcat.canterbury.ac.nz/maonze/transcript?ag_id=52#ew_0_34075,0.17,170,5.135798437,,
2506,ea,g_911;em_12_89291;n_15597-n_103299;p_173;#=ew_69_176584;prefix=26064-;[0]=ew_0_572043,L1H04M,L1,7.67,7.5,https://labbcat.canterbury.ac.nz/maonze/transcript?ag_id=911#ew_0_572043,0.17,170,5.135798437,,
2600,ea,g_949;em_12_91711;n_105379-n_105380;p_181;#=ew_69_220369;prefix=67517-;[0]=ew_0_590391,R002M,PresentElder,14.655,14.485,https://labbcat.canterbury.ac.nz/maonze/transcript?ag_id=949#ew_0_590391,0.17,170,5.135798437,,
2729,ea,g_975;em_12_93186;n_106510-n_106511;p_184;#=ew_69_223825;prefix=71152-;[0]=ew_0_604587,R004M,PresentElder,8.598,8.428,https://labbcat.canterbury.ac.nz/maonze/transcript?ag_id=975#ew_0_604587,0.17,170,5.135798437,,
3430,ia,g_1623;em_12_132138;n_134548-n_134549;p_299;#=ew_69_192436;prefix=41155-;[0]=ew_0_935818,L2H01M,L2,2.935,2.765,https://labbcat.canterbury.ac.nz/maonze/transcript?ag_id=1623#ew_0_935818,0.17,170,5.135798437,,
4403,ia,g_641;em_12_66902;n_86177-n_86178;p_145;#=ew_69_201451;prefix=49835-;[0]=ew_0_408446,L2Y01M,L2,11.754,11.584,https://labbcat.canterbury.ac.nz/maonze/transcript?ag_id=641#ew_0_408446,0.17,170,5.135798437,,
4881,ia,g_986;em_12_93879;n_106960-n_106961;p_182;#=ew_69_226007;prefix=72762-;[0]=ew_0_610107,R005M,PresentElder,12.776,12.606,https://labbcat.canterbury.ac.nz/maonze/transcript?ag_id=986#ew_0_610107,0.17,170,5.135798437,,
4892,ia,g_988;em_12_150858;n_4619741-n_4619745;p_182;#=ew_69_225656;prefix=73128-;[0]=ew_0_1127043,R005M,PresentElder,6.417,6.247,https://labbcat.canterbury.ac.nz/maonze/transcript?ag_id=988#ew_0_1127043,0.17,170,5.135798437,,
4966,oa,g_1019;em_12_95959;n_17060-n_17061;p_188;#=ew_69_230256;prefix=77260-;[0]=ew_0_628743,R007M,PresentElder,3.24,3.07,https://labbcat.canterbury.ac.nz/maonze/transcript?ag_id=1019#ew_0_628743,0.17,170,5.135798437,,
5141,oa,g_1090;em_12_100578;n_7085059-n_111632;p_208;#=ew_69_247944;prefix=93608-;[0]=ew_0_669493,WU07M,Historical,4.54,4.37,https://labbcat.canterbury.ac.nz/maonze/transcript?ag_id=1090#ew_0_669493,0.17,170,5.135798437,,
5183,oa,g_1205;em_12_109186;n_20647-n_117986;p_244;#=ew_69_244197;prefix=89783-;[0]=ew_0_727022,WU04M,Historical,3.63,3.46,https://labbcat.canterbury.ac.nz/maonze/transcript?ag_id=1205#ew_0_727022,0.17,170,5.135798437,,
5204,oa,g_1228;em_12_110668;n_119143-n_119144;p_249;#=ew_69_179732;prefix=29239-;[0]=ew_0_738620,L1H06M,L1,12.579,12.409,https://labbcat.canterbury.ac.nz/maonze/transcript?ag_id=1228#ew_0_738620,0.17,170,5.135798437,,
5239,oa,g_134;em_12_9078;n_38555-n_38556;p_284;#=ew_69_209286;prefix=57260-;[0]=ew_0_87739,MU01M,Historical,7.62,7.45,https://labbcat.canterbury.ac.nz/maonze/transcript?ag_id=134#ew_0_87739,0.17,170,5.135798437,,
5288,oa,g_1394;em_12_119234;n_23901-n_124700;p_262;#=ew_69_249674;prefix=95351-;[0]=ew_0_825343,WU08M,Historical,2.94,2.77,https://labbcat.canterbury.ac.nz/maonze/transcript?ag_id=1394#ew_0_825343,0.17,170,5.135798437,,
5306,oa,g_1514;em_12_125622;n_129746-n_25208;p_276;#=ew_69_241881;prefix=88192-;[0]=ew_0_881902,WU03M,Historical,14.748,14.578,https://labbcat.canterbury.ac.nz/maonze/transcript?ag_id=1514#ew_0_881902,0.17,170,5.135798437,,
5666,oa,g_1898;em_12_156021;n_5274679-n_5274700;p_333;#=ew_69_238153;prefix=84878-;[0]=ew_0_1183158,R012M,PresentElder,7.913,7.743,https://labbcat.canterbury.ac.nz/maonze/transcript?ag_id=1898#ew_0_1183158,0.17,170,5.135798437,,
5801,oa,g_22;em_12_1798;n_32415-n_32416;p_19;#=ew_69_153257;prefix=04055-;[0]=ew_0_15388,K002M,PresentElder,13.546,13.376,https://labbcat.canterbury.ac.nz/maonze/transcript?ag_id=22#ew_0_15388,0.17,170,5.135798437,,
5986,oa,g_375;em_12_36866;n_60672-n_60674;p_92;#=ew_69_213237;prefix=61488-;[0]=ew_0_242542,MU04M,Historical,14.107,13.937,https://labbcat.canterbury.ac.nz/maonze/transcript?ag_id=375#ew_0_242542,0.17,170,5.135798437,,
6076,oa,g_476;em_12_161851;n_6176197-n_6176218;p_121;#=ew_69_166914;prefix=17529-;[0]=ew_0_1258890,K009M,PresentElder,9.847,9.677,https://labbcat.canterbury.ac.nz/maonze/transcript?ag_id=476#ew_0_1258890,0.17,170,5.135798437,,
6177,oa,g_600;em_12_64066;n_83663-n_83664;p_140;#=ew_69_189738;prefix=38764-;[0]=ew_0_382426,L1Y05M,L1,13.196,13.026,https://labbcat.canterbury.ac.nz/maonze/transcript?ag_id=600#ew_0_382426,0.17,170,5.135798437,,
6217,oa,g_616;em_12_64944;n_84506-n_84507;p_142;#=ew_69_182368;prefix=31695-;[0]=ew_0_391631,L1Y01M,L1,14.538,14.368,https://labbcat.canterbury.ac.nz/maonze/transcript?ag_id=616#ew_0_391631,0.17,170,5.135798437,,
6601,oa,g_967;em_12_92696;n_16181-n_16182;p_183;#=ew_69_222867;prefix=70036-;[0]=ew_0_600561,R003M,PresentElder,15.236,15.066,https://labbcat.canterbury.ac.nz/maonze/transcript?ag_id=967#ew_0_600561,0.17,170,5.135798437,,
7565,ua,g_1511;em_12_125460;n_25121-n_129679;p_276;#=ew_69_242358;prefix=88419-;[0]=ew_0_880577,WU03M,Historical,15.364,15.194,https://labbcat.canterbury.ac.nz/maonze/transcript?ag_id=1511#ew_0_880577,0.17,170,5.135798437,,
7714,ua,g_1550;em_12_127438;n_130921-n_130922;p_293;#=ew_69_216701;prefix=64120-;[0]=ew_0_900606,MU10M,Historical,8.814,8.644,https://labbcat.canterbury.ac.nz/maonze/transcript?ag_id=1550#ew_0_900606,0.17,170,5.135798437,,
10083,ua,g_895;em_12_88486;n_102741-n_102742;p_174;#=ew_69_177976;prefix=28118-;[0]=ew_0_563689,L1H05M,L1,11.173,11.003,https://labbcat.canterbury.ac.nz/maonze/transcript?ag_id=895#ew_0_563689,0.17,170,5.135798437,,
10428,ua,g_950;em_12_91761;n_15945-n_105421;p_181;#=ew_69_220119;prefix=67724-;[0]=ew_0_591126,R002M,PresentElder,12.509,12.339,https://labbcat.canterbury.ac.nz/maonze/transcript?ag_id=950#ew_0_591126,0.17,170,5.135798437,,
191,ea,g_105;em_12_7247;n_37086-n_37087;p_41;#=ew_69_163837;prefix=14372-;[0]=ew_0_72393,K007M,PresentElder,24.624,24.454,https://labbcat.canterbury.ac.nz/maonze/transcript?ag_id=105#ew_0_72393,0.17,170,5.135798437,,
849,ea,g_1670;em_12_134979;n_27477-n_27478;p_302;#=ew_69_198088;prefix=46861-;[0]=ew_0_957267,L2H04M,L2,21.979,21.809,https://labbcat.canterbury.ac.nz/maonze/transcript?ag_id=1670#ew_0_957267,0.17,170,5.135798437,,
2652,ea,g_960;em_12_92235;n_105823-n_105824;p_183;#=ew_69_222199;prefix=68990-;[0]=ew_0_596401,R003M,PresentElder,20.043,19.873,https://labbcat.canterbury.ac.nz/maonze/transcript?ag_id=960#ew_0_596401,0.17,170,5.135798437,,
3770,ia,g_1942;em_12_165531;n_6841675-n_6841691;p_41;#=ew_69_164789;prefix=14891-;[0]=ew_0_1295005,K007M,PresentElder,27.781,27.611,https://labbcat.canterbury.ac.nz/maonze/transcript?ag_id=1942#ew_0_1295005,0.17,170,5.135798437,,
4090,ia,g_451;em_12_46634;n_69098-n_69099;p_110;#=ew_69_156278;prefix=06949-;[0]=ew_0_291652,K003M,PresentElder,17.935,17.765,https://labbcat.canterbury.ac.nz/maonze/transcript?ag_id=451#ew_0_291652,0.17,170,5.135798437,,
4448,ia,g_669;em_12_70618;n_89400-n_89401;p_148;#=ew_69_208699;prefix=56228-;[0]=ew_0_424127,L2Y05M,L2,28.386,28.216,https://labbcat.canterbury.ac.nz/maonze/transcript?ag_id=669#ew_0_424127,0.17,170,5.135798437,,
4725,ia,g_935;em_12_90831;n_104631-n_104632;p_179;#=ew_69_218258;prefix=65470-;[0]=ew_0_583141,R001M,PresentElder,22.47,22.3,https://labbcat.canterbury.ac.nz/maonze/transcript?ag_id=935#ew_0_583141,0.17,170,5.135798437,,
5514,oa,g_1685;em_12_135878;n_27721-n_27722;p_307;#=ew_69_199171;prefix=47456-;[0]=ew_0_964572,L2H05M,L2,24.447,24.277,https://labbcat.canterbury.ac.nz/maonze/transcript?ag_id=1685#ew_0_964572,0.17,170,5.135798437,,
6659,oa,g_988;em_12_150864;n_4619750-n_4619755;p_182;#=ew_69_225663;prefix=73135-;[0]=ew_0_1127167,R005M,PresentElder,19.903,19.733,https://labbcat.canterbury.ac.nz/maonze/transcript?ag_id=988#ew_0_1127167,0.17,170,5.135798437,,
7736,ua,g_1619;em_12_131838;n_134310-n_134311;p_299;#=ew_69_191946;prefix=40728-;[0]=ew_0_933697,L2H01M,L2,30.069,29.899,https://labbcat.canterbury.ac.nz/maonze/transcript?ag_id=1619#ew_0_933697,0.17,170,5.135798437,,
7924,ua,g_1652;em_12_134009;n_136075-n_136076;p_300;#=ew_69_194644;prefix=42914-;[0]=ew_0_948356,L2H02M,L2,17.165,16.995,https://labbcat.canterbury.ac.nz/maonze/transcript?ag_id=1652#ew_0_948356,0.17,170,5.135798437,,
8377,ua,g_1908;em_12_156796;n_5284104-n_5284120;p_333;#=ew_69_240869;prefix=86416-;[0]=ew_0_1190790,R012M,PresentElder,31.139,30.969,https://labbcat.canterbury.ac.nz/maonze/transcript?ag_id=1908#ew_0_1190790,0.17,170,5.135798437,,
9859,ua,g_855;em_12_85853;n_100850-n_100851;p_167;#=ew_69_172010;prefix=21636-;[0]=ew_0_544229,L1H01M,L1,28.368,28.198,https://labbcat.canterbury.ac.nz/maonze/transcript?ag_id=855#ew_0_544229,0.17,170,5.135798437,,
10172,ua,g_907;em_12_89140;n_103246-n_103247;p_173;#=ew_69_177327;prefix=26546-;[0]=ew_0_570032,L1H04M,L1,31.869,31.699,https://labbcat.canterbury.ac.nz/maonze/transcript?ag_id=907#ew_0_570032,0.17,170,5.135798437,,
10301,ua,g_934;em_12_90804;n_104607-n_104608;p_179;#=ew_69_217677;prefix=65435-;[0]=ew_0_583005,R001M,PresentElder,21.43,21.26,https://labbcat.canterbury.ac.nz/maonze/transcript?ag_id=934#ew_0_583005,0.17,170,5.135798437,,
540,ea,g_1512;em_12_125524;n_25152-n_25153;p_276;#=ew_69_242302;prefix=88368-;[0]=ew_0_881159,WU03M,Historical,38.486,38.316,https://labbcat.canterbury.ac.nz/maonze/transcript?ag_id=1512#ew_0_881159,0.17,170,5.135798437,,
1530,ea,g_370;em_12_35982;n_59807-n_59808;p_92;#=ew_69_213867;prefix=60835-;[0]=ew_0_1118636,MU04M,Historical,46.239,46.069,https://labbcat.canterbury.ac.nz/maonze/transcript?ag_id=370#ew_0_1118636,0.17,170,5.135798437,,
2186,ea,g_672;em_12_70733;n_89502-n_89503;p_148;#=ew_69_208362;prefix=56691-;[0]=ew_0_426168,L2Y05M,L2,64.151,63.981,https://labbcat.canterbury.ac.nz/maonze/transcript?ag_id=672#ew_0_426168,0.17,170,5.135798437,,
4874,ia,g_985;em_12_93837;n_106927-n_106928;p_182;#=ew_69_226016;prefix=72585-;[0]=ew_0_609621,R005M,PresentElder,42.257,42.087,https://labbcat.canterbury.ac.nz/maonze/transcript?ag_id=985#ew_0_609621,0.17,170,5.135798437,,
5043,oa,g_1037;em_12_96726;n_109003-n_109004;p_193;#=ew_69_234986;prefix=81323-;[0]=ew_0_639672,R010M,PresentElder,42.556,42.386,https://labbcat.canterbury.ac.nz/maonze/transcript?ag_id=1037#ew_0_639672,0.17,170,5.135798437,,
5246,oa,g_1372;em_12_118250;n_123797-n_123798;p_287;#=ew_69_227662;prefix=74666-;[0]=ew_0_814058,R006M,PresentElder,41.291,41.121,https://labbcat.canterbury.ac.nz/maonze/transcript?ag_id=1372#ew_0_814058,0.17,170,5.135798437,,
5853,oa,g_318;em_12_148531;n_3841106-n_3841124;p_89;#=ew_69_187807;prefix=36817-;[0]=ew_0_1094622,L1Y04M,L1,57.163,56.993,https://labbcat.canterbury.ac.nz/maonze/transcript?ag_id=318#ew_0_1094622,0.17,170,5.135798437,,
7021,ua,g_1071;em_12_99553;n_4690877-n_110769;p_206;#=ew_69_245594;prefix=91153-;[0]=ew_0_659760,WU06M,Historical,45.739,45.569,https://labbcat.canterbury.ac.nz/maonze/transcript?ag_id=1071#ew_0_659760,0.17,170,5.135798437,,
8742,ua,g_336;em_12_33340;n_6002-n_57574;p_85;#=ew_69_184302;prefix=33505-;[0]=ew_0_222105,L1Y02M,L1,58.699,58.529,https://labbcat.canterbury.ac.nz/maonze/transcript?ag_id=336#ew_0_222105,0.17,170,5.135798437,,
9395,ua,g_613;em_12_64815;n_84380-n_84381;p_142;#=ew_69_181721;prefix=31364-;[0]=ew_0_390292,L1Y01M,L1,58.12,57.95,https://labbcat.canterbury.ac.nz/maonze/transcript?ag_id=613#ew_0_390292,0.17,170,5.135798437,,
10056,ua,g_887;em_12_88111;n_6965193-n_102418;p_169;#=ew_69_175956;prefix=25536-;[0]=ew_0_559852,L1H03M,L1,47.687,47.517,https://labbcat.canterbury.ac.nz/maonze/transcript?ag_id=887#ew_0_559852,0.17,170,5.135798437,,
10466,ua,g_959;em_12_92186;n_105780-n_105781;p_183;#=ew_69_221921;prefix=68853-;[0]=ew_0_595869,R003M,PresentElder,62.559,62.389,https://labbcat.canterbury.ac.nz/maonze/transcript?ag_id=959#ew_0_595869,0.17,170,5.135798437,,
235,ea,g_1077;em_12_99881;n_111073-n_111074;p_208;#=ew_69_246410;prefix=92072-;[0]=ew_0_663206,WU07M,Historical,159.464,159.294,https://labbcat.canterbury.ac.nz/maonze/transcript?ag_id=1077#ew_0_663206,0.17,170,5.135798437,,
248,ea,g_1080;em_12_100044;n_111203-n_111204;p_208;#=ew_69_246610;prefix=92379-;[0]=ew_0_664516,WU07M,Historical,201.595,201.425,https://labbcat.canterbury.ac.nz/maonze/transcript?ag_id=1080#ew_0_664516,0.17,170,5.135798437,,
251,ea,g_1082;em_12_100151;n_4699043-n_111286;p_208;#=ew_69_247099;prefix=92674-;[0]=ew_0_665562,WU07M,Historical,116.96,116.79,https://labbcat.canterbury.ac.nz/maonze/transcript?ag_id=1082#ew_0_665562,0.17,170,5.135798437,,
275,ea,g_109;em_12_7494;n_794-n_37288;p_41;#=ew_69_165164;prefix=15186-;[0]=ew_0_75274,K007M,PresentElder,68.335,68.165,https://labbcat.canterbury.ac.nz/maonze/transcript?ag_id=109#ew_0_75274,0.17,170,5.135798437,,
490,ea,g_1372;em_12_118281;n_123828-n_123829;p_287;#=ew_69_227960;prefix=74814-;[0]=ew_0_814477,R006M,PresentElder,227.32,227.15,https://labbcat.canterbury.ac.nz/maonze/transcript?ag_id=1372#ew_0_814477,0.17,170,5.135798437,,
691,ea,g_1634;em_12_132788;n_135030-n_135031;p_288;#=ew_69_195666;prefix=44010-;[0]=ew_0_940133,L2H03M,L2,174.98,174.81,https://labbcat.canterbury.ac.nz/maonze/transcript?ag_id=1634#ew_0_940133,0.17,170,5.135798437,,
713,ea,g_1642;em_12_133313;n_135522-n_135523;p_288;#=ew_69_196461;prefix=45074-;[0]=ew_0_943586,L2H03M,L2,164.683,164.513,https://labbcat.canterbury.ac.nz/maonze/transcript?ag_id=1642#ew_0_943586,0.17,170,5.135798437,,
902,ea,g_1680;em_12_135595;n_137255-n_137256;p_307;#=ew_69_199602;prefix=47976-;[0]=ew_0_962394,L2H05M,L2,226.833,226.663,https://labbcat.canterbury.ac.nz/maonze/transcript?ag_id=1680#ew_0_962394,0.17,170,5.135798437,,
1141,ea,g_1912;em_12_157089;n_5288798-n_5288816;p_333;#=ew_69_240128;prefix=87239-;[0]=ew_0_1194850,R012M,PresentElder,155.976,155.806,https://labbcat.canterbury.ac.nz/maonze/transcript?ag_id=1912#ew_0_1194850,0.17,170,5.135798437,,
1251,ea,g_24;em_12_2017;n_32632-n_32633;p_19;#=ew_69_154399;prefix=04608-;[0]=ew_0_17150,K002M,PresentElder,160.458,160.288,https://labbcat.canterbury.ac.nz/maonze/transcript?ag_id=24#ew_0_17150,0.17,170,5.135798437,,
1308,ea,g_305;em_12_162417;n_6240869-n_6240944;p_81;#=ew_69_186696;prefix=35194-;[0]=ew_0_1266028,L1Y03M,L1,128.093,127.923,https://labbcat.canterbury.ac.nz/maonze/transcript?ag_id=305#ew_0_1266028,0.17,170,5.135798437,,
1418,ea,g_325;em_12_32884;n_57206-n_57208;p_89;#=ew_69_188774;prefix=38009-;[0]=ew_0_218441,L1Y04M,L1,233.44,233.27,https://labbcat.canterbury.ac.nz/maonze/transcript?ag_id=325#ew_0_218441,0.17,170,5.135798437,,
1515,ea,g_368;em_12_35834;n_4465197-n_59663;p_92;#=ew_69_212738;prefix=60539-;[0]=ew_0_1118631,MU04M,Historical,242.654,242.484,https://labbcat.canterbury.ac.nz/maonze/transcript?ag_id=368#ew_0_1118631,0.17,170,5.135798437,,
1623,ea,g_453;em_12_161347;n_6124102-n_7689;p_110;#=ew_69_157023;prefix=07471-;[0]=ew_0_1254196,K003M,PresentElder,158.599,158.429,https://labbcat.canterbury.ac.nz/maonze/transcript?ag_id=453#ew_0_1254196,0.17,170,5.135798437,,
1654,ea,g_464;em_12_47785;n_69849-n_69850;p_120;#=ew_69_165828;prefix=15565-;[0]=ew_0_299086,K008M,PresentElder,99.445,99.275,https://labbcat.canterbury.ac.nz/maonze/transcript?ag_id=464#ew_0_299086,0.17,170,5.135798437,,
1912,ea,g_609;em_12_161078;n_6052322-n_6052327;p_142;#=ew_69_181604;prefix=30936-;[0]=ew_0_1244016,L1Y01M,L1,166.873,166.703,https://labbcat.canterbury.ac.nz/maonze/transcript?ag_id=609#ew_0_1244016,0.17,170,5.135798437,,
1988,ea,g_626;em_12_170743;n_6981792-n_29522;p_142;#=ew_69_183840;prefix=32970-;[0]=ew_0_1334554,L1Y01M,L1,178.242,178.072,https://labbcat.canterbury.ac.nz/maonze/transcript?ag_id=626#ew_0_1334554,0.17,170,5.135798437,,
2016,ea,g_630;em_12_65859;n_85335-n_85336;p_143;#=ew_69_203667;prefix=51023-;[0]=ew_0_399778,L2Y02M,L2,179.23,179.06,https://labbcat.canterbury.ac.nz/maonze/transcript?ag_id=630#ew_0_399778,0.17,170,5.135798437,,
2183,ea,g_671;em_12_70709;n_89485-n_89486;p_148;#=ew_69_208794;prefix=56625-;[0]=ew_0_425807,L2Y05M,L2,187.529,187.359,https://labbcat.canterbury.ac.nz/maonze/transcript?ag_id=671#ew_0_425807,0.17,170,5.135798437,,
2190,ea,g_672;em_12_70745;n_89514-n_89515;p_148;#=ew_69_208419;prefix=56745-;[0]=ew_0_426366,L2Y05M,L2,161.028,160.858,https://labbcat.canterbury.ac.nz/maonze/transcript?ag_id=672#ew_0_426366,0.17,170,5.135798437,,
2191,ea,g_76;em_12_160511;n_5958149-n_5958157;p_37;#=ew_69_159976;prefix=10226-;[0]=ew_0_1237097,K005M,PresentElder,246.164,245.994,https://labbcat.canterbury.ac.nz/maonze/transcript?ag_id=76#ew_0_1237097,0.17,170,5.135798437,,
2192,ea,g_77;em_12_158437;n_5390327-n_5390330;p_37;#=ew_69_160742;prefix=10383-;[0]=ew_0_1208220,K005M,PresentElder,167.844,167.674,https://labbcat.canterbury.ac.nz/maonze/transcript?ag_id=77#ew_0_1208220,0.17,170,5.135798437,,
2331,ea,g_866;em_12_159635;n_5715739-n_5715744;p_168;#=ew_69_173294;prefix=23458-;[0]=ew_0_1221012,L1H02M,L1,153.119,152.949,https://labbcat.canterbury.ac.nz/maonze/transcript?ag_id=866#ew_0_1221012,0.17,170,5.135798437,,
2472,ea,g_901;em_12_88862;n_15418-n_6967398;p_173;#=ew_69_177256;prefix=26882-;[0]=ew_0_567355,L1H04M,L1,201.885,201.715,https://labbcat.canterbury.ac.nz/maonze/transcript?ag_id=901#ew_0_567355,0.17,170,5.135798437,,
2482,ea,g_903;em_12_159864;n_5773365-n_5773367;p_174;#=ew_69_177922;prefix=27406-;[0]=ew_0_1224335,L1H05M,L1,153.558,153.388,https://labbcat.canterbury.ac.nz/maonze/transcript?ag_id=903#ew_0_1224335,0.17,170,5.135798437,,
2491,ea,g_907;em_12_89160;n_103252-n_103253;p_173;#=ew_69_177423;prefix=26604-;[0]=ew_0_570323,L1H04M,L1,151.475,151.305,https://labbcat.canterbury.ac.nz/maonze/transcript?ag_id=907#ew_0_570323,0.17,170,5.135798437,,
2627,ea,g_951;em_12_91832;n_105470-n_105471;p_181;#=ew_69_220128;prefix=67922-;[0]=ew_0_591965,R002M,PresentElder,114.731,114.561,https://labbcat.canterbury.ac.nz/maonze/transcript?ag_id=951#ew_0_591965,0.17,170,5.135798437,,
2629,ea,g_951;em_12_91847;n_6522070-n_105484;p_181;#=ew_69_220353;prefix=67988-;[0]=ew_0_592211,R002M,PresentElder,224.558,224.388,https://labbcat.canterbury.ac.nz/maonze/transcript?ag_id=951#ew_0_592211,0.17,170,5.135798437,,
2808,ea,g_986;em_12_93911;n_106988-n_106989;p_182;#=ew_69_226470;prefix=72907-;[0]=ew_0_610558,R005M,PresentElder,214.396,214.226,https://labbcat.canterbury.ac.nz/maonze/transcript?ag_id=986#ew_0_610558,0.17,170,5.135798437,,
2869,ia,g_1009;em_12_95370;n_108289-n_16683;p_188;#=ew_69_229890;prefix=76360-;[0]=ew_0_624675,R007M,PresentElder,241.637,241.467,https://labbcat.canterbury.ac.nz/maonze/transcript?ag_id=1009#ew_0_624675,0.17,170,5.135798437,,
2905,ia,g_1022;em_12_96076;n_108547-n_7051607;p_190;#=ew_69_232271;prefix=78854-;[0]=ew_0_630221,R009M,PresentElder,135.939,135.769,https://labbcat.canterbury.ac.nz/maonze/transcript?ag_id=1022#ew_0_630221,0.17,170,5.135798437,,
3092,ia,g_1083;em_12_100230;n_111350-n_111351;p_208;#=ew_69_247173;prefix=92860-;[0]=ew_0_666291,WU07M,Historical,164.045,163.875,https://labbcat.canterbury.ac.nz/maonze/transcript?ag_id=1083#ew_0_666291,0.17,170,5.135798437,,
3251,ia,g_1236;em_12_111229;n_21479-n_119194;p_249;#=ew_69_180491;prefix=30034-;[0]=ew_0_743220,L1H06M,L1,172.945,172.775,https://labbcat.canterbury.ac.nz/maonze/transcript?ag_id=1236#ew_0_743220,0.17,170,5.135798437,,
3435,ia,g_1624;em_12_132257;n_134631-n_134632;p_299;#=ew_69_193116;prefix=41341-;[0]=ew_0_936623,L2H01M,L2,156.629,156.459,https://labbcat.canterbury.ac.nz/maonze/transcript?ag_id=1624#ew_0_936623,0.17,170,5.135798437,,
3622,ia,g_1853;em_12_150411;n_4569028-n_4569050;p_148;#=ew_69_207996;prefix=55901-;[0]=ew_0_1124639,L2Y05M,L2,134.033,133.863,https://labbcat.canterbury.ac.nz/maonze/transcript?ag_id=1853#ew_0_1124639,0.17,170,5.135798437,,
4004,ia,g_383;em_12_38516;n_62314-n_62315;p_95;#=ew_69_214978;prefix=62181-;[0]=ew_0_246377,MU06M,Historical,89.838,89.668,https://labbcat.canterbury.ac.nz/maonze/transcript?ag_id=383#ew_0_246377,0.17,170,5.135798437,,
4027,ia,g_387;em_12_150286;n_4463951-n_7024948;p_95;#=ew_69_214705;prefix=62962-;[0]=ew_0_1121505,MU06M,Historical,70.978,70.808,https://labbcat.canterbury.ac.nz/maonze/transcript?ag_id=387#ew_0_1121505,0.17,170,5.135798437,,
4100,ia,g_452;em_12_46815;n_69244-n_69245;p_110;#=ew_69_157296;prefix=07361-;[0]=ew_0_293098,K003M,PresentElder,220.695,220.525,https://labbcat.canterbury.ac.nz/maonze/transcript?ag_id=452#ew_0_293098,0.17,170,5.135798437,,
4122,ia,g_465;em_12_47971;n_70015-n_70016;p_120;#=ew_69_165739;prefix=15825-;[0]=ew_0_300066,K008M,PresentElder,203.629,203.459,https://labbcat.canterbury.ac.nz/maonze/transcript?ag_id=465#ew_0_300066,0.17,170,5.135798437,,
4178,ia,g_484;em_12_49709;n_71529-n_71530;p_121;#=ew_69_169059;prefix=18956-;[0]=ew_0_311550,K009M,PresentElder,164.563,164.393,https://labbcat.canterbury.ac.nz/maonze/transcript?ag_id=484#ew_0_311550,0.17,170,5.135798437,,
4194,ia,g_490;em_12_50500;n_72119-n_72120;p_122;#=ew_69_170373;prefix=19687-;[0]=ew_0_1099703,K010M,PresentElder,247.862,247.692,https://labbcat.canterbury.ac.nz/maonze/transcript?ag_id=490#ew_0_1099703,0.17,170,5.135798437,,
4256,ia,g_57;em_12_162068;n_6216373-n_6216374;p_32;#=ew_69_158928;prefix=09362-;[0]=ew_0_1261679,K004M,PresentElder,167.719,167.549,https://labbcat.canterbury.ac.nz/maonze/transcript?ag_id=57#ew_0_1261679,0.17,170,5.135798437,,
4419,ia,g_662;em_12_70378;n_89178-n_89179;p_148;#=ew_69_207154;prefix=55099-;[0]=ew_0_420098,L2Y05M,L2,230.039,229.869,https://labbcat.canterbury.ac.nz/maonze/transcript?ag_id=662#ew_0_420098,0.17,170,5.135798437,,
4444,ia,g_668;em_12_70588;n_89377-n_89378;p_148;#=ew_69_208207;prefix=56097-;[0]=ew_0_423642,L2Y05M,L2,101.335,101.165,https://labbcat.canterbury.ac.nz/maonze/transcript?ag_id=668#ew_0_423642,0.17,170,5.135798437,,
4511,ia,g_855;em_12_85873;n_100868-n_100869;p_167;#=ew_69_172047;prefix=21671-;[0]=ew_0_544373,L1H01M,L1,91.85,91.68,https://labbcat.canterbury.ac.nz/maonze/transcript?ag_id=855#ew_0_544373,0.17,170,5.135798437,,
4815,ia,g_968;em_12_92785;n_106188-n_16202;p_183;#=ew_69_223219;prefix=70221-;[0]=ew_0_601281,R003M,PresentElder,113.472,113.302,https://labbcat.canterbury.ac.nz/maonze/transcript?ag_id=968#ew_0_601281,0.17,170,5.135798437,,
4899,ia,g_988;em_12_93991;n_16540-n_107056;p_182;#=ew_69_225782;prefix=73227-;[0]=ew_0_611545,R005M,PresentElder,169.631,169.461,https://labbcat.canterbury.ac.nz/maonze/transcript?ag_id=988#ew_0_611545,0.17,170,5.135798437,,
4978,oa,g_1023;em_12_96122;n_108576-n_108577;p_190;#=ew_69_232709;prefix=78967-;[0]=ew_0_630783,R009M,PresentElder,163.748,163.578,https://labbcat.canterbury.ac.nz/maonze/transcript?ag_id=1023#ew_0_630783,0.17,170,5.135798437,,
4987,oa,g_1024;em_12_96167;n_108612-n_108613;p_190;#=ew_69_233243;prefix=79183-;[0]=ew_0_631577,R009M,PresentElder,177.134,176.964,https://labbcat.canterbury.ac.nz/maonze/transcript?ag_id=1024#ew_0_631577,0.17,170,5.135798437,,
5145,oa,g_1090;em_12_100627;n_111670-n_111671;p_208;#=ew_69_248067;prefix=93727-;[0]=ew_0_669906,WU07M,Historical,166.17,166,https://labbcat.canterbury.ac.nz/maonze/transcript?ag_id=1090#ew_0_669906,0.17,170,5.135798437,,
5174,oa,g_1200;em_12_108647;n_117451-n_117452;p_244;#=ew_69_242993;prefix=89094-;[0]=ew_0_724319,WU04M,Historical,110.323,110.153,https://labbcat.canterbury.ac.nz/maonze/transcript?ag_id=1200#ew_0_724319,0.17,170,5.135798437,,
5192,oa,g_1208;em_12_109580;n_118366-n_118367;p_244;#=ew_69_243695;prefix=90408-;[0]=ew_0_729268,WU04M,Historical,237.57,237.4,https://labbcat.canterbury.ac.nz/maonze/transcript?ag_id=1208#ew_0_729268,0.17,170,5.135798437,,
5248,oa,g_1372;em_12_118267;n_123814-n_123815;p_287;#=ew_69_227847;prefix=74758-;[0]=ew_0_814295,R006M,PresentElder,143.267,143.097,https://labbcat.canterbury.ac.nz/maonze/transcript?ag_id=1372#ew_0_814295,0.17,170,5.135798437,,
5283,oa,g_1391;em_12_151919;n_4711954-n_4711957;p_262;#=ew_69_249191;prefix=95040-;[0]=ew_0_1134856,WU08M,Historical,151.117,150.947,https://labbcat.canterbury.ac.nz/maonze/transcript?ag_id=1391#ew_0_1134856,0.17,170,5.135798437,,
5483,oa,g_1665;em_12_134809;n_136636-n_136637;p_302;#=ew_69_197786;prefix=46220-;[0]=ew_0_954982,L2H04M,L2,190.035,189.865,https://labbcat.canterbury.ac.nz/maonze/transcript?ag_id=1665#ew_0_954982,0.17,170,5.135798437,,
5495,oa,g_1669;em_12_134963;n_136766-n_136767;p_302;#=ew_69_198566;prefix=46796-;[0]=ew_0_957022,L2H04M,L2,172.105,171.935,https://labbcat.canterbury.ac.nz/maonze/transcript?ag_id=1669#ew_0_957022,0.17,170,5.135798437,,
5560,oa,g_1755;em_12_140302;n_140917-n_140918;p_318;#=ew_69_232099;prefix=78610-;[0]=ew_0_1004985,R008M,PresentElder,184.661,184.491,https://labbcat.canterbury.ac.nz/maonze/transcript?ag_id=1755#ew_0_1004985,0.17,170,5.135798437,,
5584,oa,g_1842;em_12_149145;n_3849571-n_3849587;p_49;#=ew_69_204877;prefix=52683-;[0]=ew_0_1102535,L2Y03M,L2,229.261,229.091,https://labbcat.canterbury.ac.nz/maonze/transcript?ag_id=1842#ew_0_1102535,0.17,170,5.135798437,,
5873,oa,g_320;em_12_31447;n_56038-n_56039;p_89;#=ew_69_188317;prefix=37172-;[0]=ew_0_214683,L1Y04M,L1,195.369,195.199,https://labbcat.canterbury.ac.nz/maonze/transcript?ag_id=320#ew_0_214683,0.17,170,5.135798437,,
5886,oa,g_322;em_12_31920;n_56461-n_5724;p_89;#=ew_69_189144;prefix=37499-;[0]=ew_0_216037,L1Y04M,L1,172.898,172.728,https://labbcat.canterbury.ac.nz/maonze/transcript?ag_id=322#ew_0_216037,0.17,170,5.135798437,,
5914,oa,g_336;em_12_33359;n_57590-n_57591;p_85;#=ew_69_184443;prefix=33576-;[0]=ew_0_222369,L1Y02M,L1,162.254,162.084,https://labbcat.canterbury.ac.nz/maonze/transcript?ag_id=336#ew_0_222369,0.17,170,5.135798437,,
5980,oa,g_374;em_12_150370;n_60578-n_4507914;p_92;#=ew_69_213556;prefix=61421-;[0]=ew_0_1123221,MU04M,Historical,212.5,212.33,https://labbcat.canterbury.ac.nz/maonze/transcript?ag_id=374#ew_0_1123221,0.17,170,5.135798437,,
6223,oa,g_618;em_12_65054;n_84612-n_84613;p_142;#=ew_69_182849;prefix=32003-;[0]=ew_0_392917,L1Y01M,L1,143.856,143.686,https://labbcat.canterbury.ac.nz/maonze/transcript?ag_id=618#ew_0_392917,0.17,170,5.135798437,,
6272,oa,g_633;em_12_66268;n_85717-n_85718;p_143;#=ew_69_203002;prefix=51815-;[0]=ew_0_402863,L2Y02M,L2,160.136,159.966,https://labbcat.canterbury.ac.nz/maonze/transcript?ag_id=633#ew_0_402863,0.17,170,5.135798437,,
6288,oa,g_636;em_12_66572;n_10563-n_85958;p_145;#=ew_69_201544;prefix=49266-;[0]=ew_0_405283,L2Y01M,L2,241.385,241.215,https://labbcat.canterbury.ac.nz/maonze/transcript?ag_id=636#ew_0_405283,0.17,170,5.135798437,,
6297,oa,g_642;em_12_67008;n_86252-n_86253;p_145;#=ew_69_201197;prefix=50085-;[0]=ew_0_409644,L2Y01M,L2,190.015,189.845,https://labbcat.canterbury.ac.nz/maonze/transcript?ag_id=642#ew_0_409644,0.17,170,5.135798437,,
6410,oa,g_866;em_12_159554;n_5657083-n_5657086;p_168;#=ew_69_173456;prefix=23403-;[0]=ew_0_1220712,L1H02M,L1,246.012,245.842,https://labbcat.canterbury.ac.nz/maonze/transcript?ag_id=866#ew_0_1220712,0.17,170,5.135798437,,
6415,oa,g_868;em_12_159523;n_5655806-n_5655811;p_168;#=ew_69_174191;prefix=23850-;[0]=ew_0_1219795,L1H02M,L1,232.874,232.704,https://labbcat.canterbury.ac.nz/maonze/transcript?ag_id=868#ew_0_1219795,0.17,170,5.135798437,,
6443,oa,g_881;em_12_87732;n_102209-n_102210;p_169;#=ew_69_175200;prefix=25103-;[0]=ew_0_557692,L1H03M,L1,199.47,199.3,https://labbcat.canterbury.ac.nz/maonze/transcript?ag_id=881#ew_0_557692,0.17,170,5.135798437,,
6538,oa,g_935;em_12_90889;n_104685-n_104686;p_179;#=ew_69_218543;prefix=65574-;[0]=ew_0_583512,R001M,PresentElder,159.672,159.502,https://labbcat.canterbury.ac.nz/maonze/transcript?ag_id=935#ew_0_583512,0.17,170,5.135798437,,
6566,oa,g_947;em_12_91660;n_15929-n_105336;p_181;#=ew_69_220834;prefix=67348-;[0]=ew_0_589686,R002M,PresentElder,242.099,241.929,https://labbcat.canterbury.ac.nz/maonze/transcript?ag_id=947#ew_0_589686,0.17,170,5.135798437,,
6920,ua,g_1039;em_12_96952;n_109148-n_109149;p_193;#=ew_69_235652;prefix=81885-;[0]=ew_0_641695,R010M,PresentElder,190.48,190.31,https://labbcat.canterbury.ac.nz/maonze/transcript?ag_id=1039#ew_0_641695,0.17,170,5.135798437,,
6934,ua,g_1040;em_12_97037;n_109201-n_17413;p_193;#=ew_69_234806;prefix=82017-;[0]=ew_0_642443,R010M,PresentElder,190.938,190.768,https://labbcat.canterbury.ac.nz/maonze/transcript?ag_id=1040#ew_0_642443,0.17,170,5.135798437,,
6950,ua,g_1043;em_12_97355;n_109300-n_109301;p_193;#=ew_69_235769;prefix=82366-;[0]=ew_0_644717,R010M,PresentElder,143.119,142.949,https://labbcat.canterbury.ac.nz/maonze/transcript?ag_id=1043#ew_0_644717,0.17,170,5.135798437,,
7023,ua,g_1071;em_12_99559;n_110774-n_110775;p_206;#=ew_69_245626;prefix=91182-;[0]=ew_0_659822,WU06M,Historical,75.314,75.144,https://labbcat.canterbury.ac.nz/maonze/transcript?ag_id=1071#ew_0_659822,0.17,170,5.135798437,,
7039,ua,g_1072;em_12_99615;n_110829-n_110830;p_206;#=ew_69_245892;prefix=91430-;[0]=ew_0_660606,WU06M,Historical,135.934,135.764,https://labbcat.canterbury.ac.nz/maonze/transcript?ag_id=1072#ew_0_660606,0.17,170,5.135798437,,
7089,ua,g_1078;em_12_99938;n_111115-n_18354;p_208;#=ew_69_246294;prefix=92158-;[0]=ew_0_663671,WU07M,Historical,175.005,174.835,https://labbcat.canterbury.ac.nz/maonze/transcript?ag_id=1078#ew_0_663671,0.17,170,5.135798437,,
7216,ua,g_1130;em_12_105056;n_114604-n_114605;p_287;#=ew_69_227452;prefix=74435-;[0]=ew_0_692099,R006M,PresentElder,222.803,222.633,https://labbcat.canterbury.ac.nz/maonze/transcript?ag_id=1130#ew_0_692099,0.17,170,5.135798437,,
7233,ua,g_116;em_12_8363;n_37921-n_37922;p_43;#=ew_69_211969;prefix=59060-;[0]=ew_0_1113845,MU02M,Historical,200.351,200.181,https://labbcat.canterbury.ac.nz/maonze/transcript?ag_id=116#ew_0_1113845,0.17,170,5.135798437,,
7317,ua,g_1210;em_12_109704;n_118471-n_20680;p_244;#=ew_69_244695;prefix=90643-;[0]=ew_0_730168,WU04M,Historical,188.826,188.656,https://labbcat.canterbury.ac.nz/maonze/transcript?ag_id=1210#ew_0_730168,0.17,170,5.135798437,,
7474,ua,g_1372;em_12_118280;n_123827-n_123828;p_287;#=ew_69_227952;prefix=74810-;[0]=ew_0_814473,R006M,PresentElder,225.904,225.734,https://labbcat.canterbury.ac.nz/maonze/transcript?ag_id=1372#ew_0_814473,0.17,170,5.135798437,,
7519,ua,g_1389;em_12_119095;n_124572-n_124573;p_262;#=ew_69_249443;prefix=94778-;[0]=ew_0_823219,WU08M,Historical,197.415,197.245,https://labbcat.canterbury.ac.nz/maonze/transcript?ag_id=1389#ew_0_823219,0.17,170,5.135798437,,
7538,ua,g_1393;em_12_119230;n_124696-n_7086108;p_262;#=ew_69_249653;prefix=95330-;[0]=ew_0_825280,WU08M,Historical,225.688,225.518,https://labbcat.canterbury.ac.nz/maonze/transcript?ag_id=1393#ew_0_825280,0.17,170,5.135798437,,
7594,ua,g_1517;em_12_125803;n_129882-n_129883;p_276;#=ew_69_242235;prefix=88029-;[0]=ew_0_883550,WU03M,Historical,197.78,197.61,https://labbcat.canterbury.ac.nz/maonze/transcript?ag_id=1517#ew_0_883550,0.17,170,5.135798437,,
7763,ua,g_1623;em_12_132178;n_134576-n_134577;p_299;#=ew_69_192560;prefix=41206-;[0]=ew_0_936066,L2H01M,L2,130.253,130.083,https://labbcat.canterbury.ac.nz/maonze/transcript?ag_id=1623#ew_0_936066,0.17,170,5.135798437,,
7990,ua,g_1665;em_12_134802;n_27446-n_136632;p_302;#=ew_69_197723;prefix=46189-;[0]=ew_0_954905,L2H04M,L2,155.111,154.941,https://labbcat.canterbury.ac.nz/maonze/transcript?ag_id=1665#ew_0_954905,0.17,170,5.135798437,,
7991,ua,g_1665;em_12_134811;n_136638-n_136639;p_302;#=ew_69_197798;prefix=46227-;[0]=ew_0_954996,L2H04M,L2,199.272,199.102,https://labbcat.canterbury.ac.nz/maonze/transcript?ag_id=1665#ew_0_954996,0.17,170,5.135798437,,
8033,ua,g_1670;em_12_163163;n_6399198-n_6399215;p_302;#=ew_69_198192;prefix=46928-;[0]=ew_0_1276450,L2H04M,L2,129.284,129.114,https://labbcat.canterbury.ac.nz/maonze/transcript?ag_id=1670#ew_0_1276450,0.17,170,5.135798437,,
8053,ua,g_1676;em_12_135307;n_137044-n_137045;p_307;#=ew_69_200298;prefix=48624-;[0]=ew_0_960429,L2H05M,L2,221.535,221.365,https://labbcat.canterbury.ac.nz/maonze/transcript?ag_id=1676#ew_0_960429,0.17,170,5.135798437,,
8064,ua,g_1679;em_12_135508;n_137198-n_137199;p_307;#=ew_69_199992;prefix=48234-;[0]=ew_0_961845,L2H05M,L2,182.742,182.572,https://labbcat.canterbury.ac.nz/maonze/transcript?ag_id=1679#ew_0_961845,0.17,170,5.135798437,,
8068,ua,g_1681;em_12_135638;n_137286-n_137287;p_307;#=ew_69_199003;prefix=47836-;[0]=ew_0_962700,L2H05M,L2,140.016,139.846,https://labbcat.canterbury.ac.nz/maonze/transcript?ag_id=1681#ew_0_962700,0.17,170,5.135798437,,
8072,ua,g_1682;em_12_135694;n_137325-n_137326;p_307;#=ew_69_199427;prefix=47705-;[0]=ew_0_963174,L2H05M,L2,121.222,121.052,https://labbcat.canterbury.ac.nz/maonze/transcript?ag_id=1682#ew_0_963174,0.17,170,5.135798437,,
8152,ua,g_1753;em_12_140103;n_140756-n_140757;p_318;#=ew_69_231641;prefix=78354-;[0]=ew_0_1004005,R008M,PresentElder,70.731,70.561,https://labbcat.canterbury.ac.nz/maonze/transcript?ag_id=1753#ew_0_1004005,0.17,170,5.135798437,,
8319,ua,g_1901;em_12_156349;n_5278160-n_5278166;p_333;#=ew_69_239175;prefix=85187-;[0]=ew_0_1185463,R012M,PresentElder,157.486,157.316,https://labbcat.canterbury.ac.nz/maonze/transcript?ag_id=1901#ew_0_1185463,0.17,170,5.135798437,,
8348,ua,g_1904;em_12_156538;n_5281165-n_5281185;p_333;#=ew_69_239767;prefix=85792-;[0]=ew_0_1188300,R012M,PresentElder,240.47,240.3,https://labbcat.canterbury.ac.nz/maonze/transcript?ag_id=1904#ew_0_1188300,0.17,170,5.135798437,,
8376,ua,g_1908;em_12_156795;n_5284689-n_5284709;p_333;#=ew_69_241165;prefix=86361-;[0]=ew_0_1191444,R012M,PresentElder,232.036,231.866,https://labbcat.canterbury.ac.nz/maonze/transcript?ag_id=1908#ew_0_1191444,0.17,170,5.135798437,,
8495,ua,g_1946;em_12_165962;n_6849577-n_6849595;p_121;#=ew_69_167671;prefix=17253-;[0]=ew_0_1298520,K009M,PresentElder,140.512,140.342,https://labbcat.canterbury.ac.nz/maonze/transcript?ag_id=1946#ew_0_1298520,0.17,170,5.135798437,,
8721,ua,g_330;em_12_33217;n_57482-n_57483;p_85;#=ew_69_185435;prefix=34476-;[0]=ew_0_220562,L1Y02M,L1,158.748,158.578,https://labbcat.canterbury.ac.nz/maonze/transcript?ag_id=330#ew_0_220562,0.17,170,5.135798437,,
8739,ua,g_334;em_12_33299;n_5990-n_29230;p_85;#=ew_69_185074;prefix=34175-;[0]=ew_0_221608,L1Y02M,L1,168.107,167.937,https://labbcat.canterbury.ac.nz/maonze/transcript?ag_id=334#ew_0_221608,0.17,170,5.135798437,,
8767,ua,g_340;em_12_33474;n_57690-n_57691;p_85;#=ew_69_185719;prefix=34844-;[0]=ew_0_223956,L1Y02M,L1,158.571,158.401,https://labbcat.canterbury.ac.nz/maonze/transcript?ag_id=340#ew_0_223956,0.17,170,5.135798437,,
8812,ua,g_349;em_12_33778;n_57904-n_57905;p_87;#=ew_69_211420;prefix=59866-;[0]=ew_0_227397,MU03M,Historical,242.905,242.735,https://labbcat.canterbury.ac.nz/maonze/transcript?ag_id=349#ew_0_227397,0.17,170,5.135798437,,
9001,ua,g_455;em_12_158510;n_5391879-n_5392213;p_112;#=ew_69_161148;prefix=11704-;[0]=ew_0_1209932,K006M,PresentElder,189.385,189.215,https://labbcat.canterbury.ac.nz/maonze/transcript?ag_id=455#ew_0_1209932,0.17,170,5.135798437,,
9041,ua,g_466;em_12_48100;n_70125-n_70126;p_120;#=ew_69_165549;prefix=16001-;[0]=ew_0_300781,K008M,PresentElder,210.69,210.52,https://labbcat.canterbury.ac.nz/maonze/transcript?ag_id=466#ew_0_300781,0.17,170,5.135798437,,
9087,ua,g_477;em_12_49161;n_71079-n_71080;p_121;#=ew_69_167639;prefix=17730-;[0]=ew_0_306983,K009M,PresentElder,171.809,171.639,https://labbcat.canterbury.ac.nz/maonze/transcript?ag_id=477#ew_0_306983,0.17,170,5.135798437,,
9121,ua,g_484;em_12_49713;n_71533-n_71534;p_121;#=ew_69_169093;prefix=18968-;[0]=ew_0_311607,K009M,PresentElder,186.987,186.817,https://labbcat.canterbury.ac.nz/maonze/transcript?ag_id=484#ew_0_311607,0.17,170,5.135798437,,
9191,ua,g_495;em_12_51261;n_72649-n_72650;p_122;#=ew_69_170736;prefix=20338-;[0]=ew_0_318579,K010M,PresentElder,209.946,209.776,https://labbcat.canterbury.ac.nz/maonze/transcript?ag_id=495#ew_0_318579,0.17,170,5.135798437,,
9279,ua,g_597;em_12_63871;n_83471-n_83472;p_140;#=ew_69_189324;prefix=38314-;[0]=ew_0_380740,L1Y05M,L1,100.082,99.912,https://labbcat.canterbury.ac.nz/maonze/transcript?ag_id=597#ew_0_380740,0.17,170,5.135798437,,
9282,ua,g_597;em_12_63905;n_83505-n_83506;p_140;#=ew_69_189420;prefix=38404-;[0]=ew_0_381025,L1Y05M,L1,251.012,250.842,https://labbcat.canterbury.ac.nz/maonze/transcript?ag_id=597#ew_0_381025,0.17,170,5.135798437,,
9410,ua,g_614;em_12_64889;n_84453-n_84454;p_142;#=ew_69_182131;prefix=31557-;[0]=ew_0_391057,L1Y01M,L1,157.194,157.024,https://labbcat.canterbury.ac.nz/maonze/transcript?ag_id=614#ew_0_391057,0.17,170,5.135798437,,
9645,ua,g_651;em_12_67959;n_87087-n_87088;p_146;#=ew_69_206085;prefix=53970-;[0]=ew_0_414382,L2Y04M,L2,150.541,150.371,https://labbcat.canterbury.ac.nz/maonze/transcript?ag_id=651#ew_0_414382,0.17,170,5.135798437,,
9728,ua,g_669;em_12_70625;n_89407-n_89408;p_148;#=ew_69_208766;prefix=56259-;[0]=ew_0_424266,L2Y05M,L2,80.716,80.546,https://labbcat.canterbury.ac.nz/maonze/transcript?ag_id=669#ew_0_424266,0.17,170,5.135798437,,
9732,ua,g_669;em_12_70644;n_89426-n_89427;p_148;#=ew_69_208882;prefix=56324-;[0]=ew_0_424597,L2Y05M,L2,230.551,230.381,https://labbcat.canterbury.ac.nz/maonze/transcript?ag_id=669#ew_0_424597,0.17,170,5.135798437,,
9736,ua,g_670;em_12_70661;n_89442-n_89443;p_148;#=ew_69_208496;prefix=56397-;[0]=ew_0_424899,L2Y05M,L2,73.082,72.912,https://labbcat.canterbury.ac.nz/maonze/transcript?ag_id=670#ew_0_424899,0.17,170,5.135798437,,
9805,ua,g_84;em_12_5712;n_35763-n_35764;p_37;#=ew_69_160885;prefix=11125-;[0]=ew_0_57739,K005M,PresentElder,150.248,150.078,https://labbcat.canterbury.ac.nz/maonze/transcript?ag_id=84#ew_0_57739,0.17,170,5.135798437,,
9915,ua,g_865;em_12_86597;n_14785-n_5656412;p_168;#=ew_69_173572;prefix=23333-;[0]=ew_0_1220133,L1H02M,L1,164.28,164.11,https://labbcat.canterbury.ac.nz/maonze/transcript?ag_id=865#ew_0_1220133,0.17,170,5.135798437,,
10011,ua,g_880;em_12_87649;n_102162-n_15105;p_169;#=ew_69_175494;prefix=24987-;[0]=ew_0_557216,L1H03M,L1,176.058,175.888,https://labbcat.canterbury.ac.nz/maonze/transcript?ag_id=880#ew_0_557216,0.17,170,5.135798437,,
10031,ua,g_882;em_12_87803;n_15162-n_102258;p_169;#=ew_69_175916;prefix=25222-;[0]=ew_0_1225424,L1H03M,L1,228.938,228.768,https://labbcat.canterbury.ac.nz/maonze/transcript?ag_id=882#ew_0_1225424,0.17,170,5.135798437,,
10048,ua,g_885;em_12_88002;n_15257-n_15258;p_169;#=ew_69_175602;prefix=25433-;[0]=ew_0_559276,L1H03M,L1,155.384,155.214,https://labbcat.canterbury.ac.nz/maonze/transcript?ag_id=885#ew_0_559276,0.17,170,5.135798437,,
10101,ua,g_897;em_12_88619;n_102855-n_102856;p_174;#=ew_69_178643;prefix=27866-;[0]=ew_0_565291,L1H05M,L1,159.486,159.316,https://labbcat.canterbury.ac.nz/maonze/transcript?ag_id=897#ew_0_565291,0.17,170,5.135798437,,
10140,ua,g_901;em_12_88858;n_103052-n_103053;p_173;#=ew_69_177252;prefix=26880-;[0]=ew_0_567342,L1H04M,L1,190.655,190.485,https://labbcat.canterbury.ac.nz/maonze/transcript?ag_id=901#ew_0_567342,0.17,170,5.135798437,,
10229,ua,g_912;em_12_89353;n_15635-n_103323;p_173;#=ew_69_176580;prefix=26032-;[0]=ew_0_572936,L1H04M,L1,188.112,187.942,https://labbcat.canterbury.ac.nz/maonze/transcript?ag_id=912#ew_0_572936,0.17,170,5.135798437,,
10339,ua,g_938;em_12_91173;n_104947-n_104948;p_179;#=ew_69_218947;prefix=66179-;[0]=ew_0_585588,R001M,PresentElder,223.542,223.372,https://labbcat.canterbury.ac.nz/maonze/transcript?ag_id=938#ew_0_585588,0.17,170,5.135798437,,
10392,ua,g_946;em_12_91620;n_105298-n_105299;p_181;#=ew_69_220259;prefix=67182-;[0]=ew_0_589108,R002M,PresentElder,240.641,240.471,https://labbcat.canterbury.ac.nz/maonze/transcript?ag_id=946#ew_0_589108,0.17,170,5.135798437,,
10402,ua,g_948;em_12_163304;n_6521794-n_6521796;p_181;#=ew_69_220180;prefix=67487-;[0]=ew_0_1278576,R002M,PresentElder,225.784,225.614,https://labbcat.canterbury.ac.nz/maonze/transcript?ag_id=948#ew_0_1278576,0.17,170,5.135798437,,
10456,ua,g_956;em_12_92060;n_105667-n_105668;p_181;#=ew_69_221093;prefix=68475-;[0]=ew_0_594977,R002M,PresentElder,158.462,158.292,https://labbcat.canterbury.ac.nz/maonze/transcript?ag_id=956#ew_0_594977,0.17,170,5.135798437,,
10463,ua,g_958;em_12_92155;n_105750-n_105751;p_183;#=ew_69_221684;prefix=68796-;[0]=ew_0_595655,R003M,PresentElder,231.016,230.846,https://labbcat.canterbury.ac.nz/maonze/transcript?ag_id=958#ew_0_595655,0.17,170,5.135798437,,
10517,ua,g_967;em_12_92724;n_106143-n_106144;p_183;#=ew_69_222963;prefix=70095-;[0]=ew_0_600808,R003M,PresentElder,131.932,131.762,https://labbcat.canterbury.ac.nz/maonze/transcript?ag_id=967#ew_0_600808,0.17,170,5.135798437,,
10560,ua,g_973;em_12_93112;n_16268-n_106449;p_184;#=ew_69_223998;prefix=70934-;[0]=ew_0_603924,R004M,PresentElder,214.303,214.133,https://labbcat.canterbury.ac.nz/maonze/transcript?ag_id=973#ew_0_603924,0.17,170,5.135798437,,
10587,ua,g_978;em_12_93516;n_16427-n_106694;p_184;#=ew_69_225119;prefix=71737-;[0]=ew_0_606696,R004M,PresentElder,147.926,147.756,https://labbcat.canterbury.ac.nz/maonze/transcript?ag_id=978#ew_0_606696,0.17,170,5.135798437,,
10602,ua,g_981;em_12_93675;n_106808-n_106809;p_184;#=ew_69_224714;prefix=72076-;[0]=ew_0_608115,R004M,PresentElder,104.603,104.433,https://labbcat.canterbury.ac.nz/maonze/transcript?ag_id=981#ew_0_608115,0.17,170,5.135798437,,
10626,ua,g_985;em_12_93848;n_106936-n_106937;p_182;#=ew_69_226115;prefix=72630-;[0]=ew_0_609758,R005M,PresentElder,101.597,101.427,https://labbcat.canterbury.ac.nz/maonze/transcript?ag_id=985#ew_0_609758,0.17,170,5.135798437,,
312,ea,g_116;em_12_8393;n_37951-n_37952;p_43;#=ew_69_212058;prefix=59143-;[0]=ew_0_81314,MU02M,Historical,312.77,312.6,https://labbcat.canterbury.ac.nz/maonze/transcript?ag_id=116#ew_0_81314,0.17,170,5.135798437,,
535,ea,g_14;em_12_1138;n_31772-n_31773;p_19;#=ew_69_151952;prefix=03239-;[0]=ew_0_9838,K002M,PresentElder,278.775,278.605,https://labbcat.canterbury.ac.nz/maonze/transcript?ag_id=14#ew_0_9838,0.17,170,5.135798437,,
2593,ea,g_947;em_12_91668;n_105343-n_29843;p_181;#=ew_69_220852;prefix=67365-;[0]=ew_0_589793,R002M,PresentElder,287.527,287.357,https://labbcat.canterbury.ac.nz/maonze/transcript?ag_id=947#ew_0_589793,0.17,170,5.135798437,,
2646,ea,g_958;em_12_92160;n_105755-n_105756;p_183;#=ew_69_221734;prefix=68808-;[0]=ew_0_595701,R003M,PresentElder,256.042,255.872,https://labbcat.canterbury.ac.nz/maonze/transcript?ag_id=958#ew_0_595701,0.17,170,5.135798437,,
3010,ia,g_1041;em_12_97187;n_109258-n_29938;p_193;#=ew_69_236267;prefix=82208-;[0]=ew_0_643533,R010M,PresentElder,289.186,289.016,https://labbcat.canterbury.ac.nz/maonze/transcript?ag_id=1041#ew_0_643533,0.17,170,5.135798437,,
3419,ia,g_1620;em_12_131969;n_134417-n_134418;p_299;#=ew_69_191909;prefix=40935-;[0]=ew_0_934800,L2H01M,L2,288.919,288.749,https://labbcat.canterbury.ac.nz/maonze/transcript?ag_id=1620#ew_0_934800,0.17,170,5.135798437,,
4080,ia,g_450;em_12_169837;n_6946243-n_6946244;p_110;#=ew_69_156903;prefix=06905-;[0]=ew_0_1326933,K003M,PresentElder,381.181,381.011,https://labbcat.canterbury.ac.nz/maonze/transcript?ag_id=450#ew_0_1326933,0.17,170,5.135798437,,
5752,oa,g_1913;em_12_157159;n_5290436-n_5290453;p_333;#=ew_69_240364;prefix=87299-;[0]=ew_0_1196105,R012M,PresentElder,310.157,309.987,https://labbcat.canterbury.ac.nz/maonze/transcript?ag_id=1913#ew_0_1196105,0.17,170,5.135798437,,
6027,oa,g_446;em_12_46155;n_68647-n_29342;p_110;#=ew_69_156209;prefix=05980-;[0]=ew_0_287773,K003M,PresentElder,380.501,380.331,https://labbcat.canterbury.ac.nz/maonze/transcript?ag_id=446#ew_0_287773,0.17,170,5.135798437,,
6530,oa,g_928;em_12_90469;n_104287-n_104288;p_179;#=ew_69_217935;prefix=64989-;[0]=ew_0_581322,R001M,PresentElder,299.268,299.098,https://labbcat.canterbury.ac.nz/maonze/transcript?ag_id=928#ew_0_581322,0.17,170,5.135798437,,
7244,ua,g_116;em_12_8438;n_37996-n_37997;p_43;#=ew_69_212172;prefix=59248-;[0]=ew_0_1114114,MU02M,Historical,484.4,484.23,https://labbcat.canterbury.ac.nz/maonze/transcript?ag_id=116#ew_0_1114114,0.17,170,5.135798437,,
8861,ua,g_369;em_12_35961;n_59787-n_59788;p_92;#=ew_69_213223;prefix=60799-;[0]=ew_0_238746,MU04M,Historical,352.198,352.028,https://labbcat.canterbury.ac.nz/maonze/transcript?ag_id=369#ew_0_238746,0.17,170,5.135798437,,
8970,ua,g_450;em_12_169836;n_6946210-n_6946211;p_110;#=ew_69_156802;prefix=06805-;[0]=ew_0_1327045,K003M,PresentElder,270.025,269.855,https://labbcat.canterbury.ac.nz/maonze/transcript?ag_id=450#ew_0_1327045,0.17,170,5.135798437,,
9611,ua,g_641;em_12_66956;n_86215-n_86216;p_145;#=ew_69_201776;prefix=49950-;[0]=ew_0_409027,L2Y01M,L2,262.806,262.636,https://labbcat.canterbury.ac.nz/maonze/transcript?ag_id=641#ew_0_409027,0.17,170,5.135798437,,
10646,ua,g_986;em_12_93917;n_16529-n_29882;p_182;#=ew_69_226551;prefix=72933-;[0]=ew_0_610628,R005M,PresentElder,260.323,260.153,https://labbcat.canterbury.ac.nz/maonze/transcript?ag_id=986#ew_0_610628,0.17,170,5.135798437,,
7,ea,g_10;em_12_772;n_31419-n_31420;p_28;#=ew_69_150218;prefix=00694-;[0]=ew_0_6930,K001M,PresentElder,326.526,326.366,https://labbcat.canterbury.ac.nz/maonze/transcript?ag_id=10#ew_0_6930,0.16,160,5.075173815,,
102,ea,g_1030;em_12_96442;n_108787-n_108788;p_190;#=ew_69_234240;prefix=80152-;[0]=ew_0_635547,R009M,PresentElder,194.211,194.051,https://labbcat.canterbury.ac.nz/maonze/transcript?ag_id=1030#ew_0_635547,0.16,160,5.075173815,,
158,ea,g_1040;em_12_97059;n_17424-n_109212;p_193;#=ew_69_234838;prefix=82049-;[0]=ew_0_642624,R010M,PresentElder,258.067,257.907,https://labbcat.canterbury.ac.nz/maonze/transcript?ag_id=1040#ew_0_642624,0.16,160,5.075173815,,
166,ea,g_1042;em_12_97270;n_109282-n_17539;p_193;#=ew_69_236241;prefix=82262-;[0]=ew_0_644050,R010M,PresentElder,185.556,185.396,https://labbcat.canterbury.ac.nz/maonze/transcript?ag_id=1042#ew_0_644050,0.16,160,5.075173815,,
245,ea,g_1079;em_12_99984;n_111154-n_111155;p_208;#=ew_69_246192;prefix=92281-;[0]=ew_0_664048,WU07M,Historical,156.818,156.658,https://labbcat.canterbury.ac.nz/maonze/transcript?ag_id=1079#ew_0_664048,0.16,160,5.075173815,,
307,ea,g_115;em_12_150032;n_4016905-n_4016902;p_43;#=ew_69_211250;prefix=59433-;[0]=ew_0_1113425,MU02M,Historical,230.431,230.271,https://labbcat.canterbury.ac.nz/maonze/transcript?ag_id=115#ew_0_1113425,0.16,160,5.075173815,,
553,ea,g_1518;em_12_125887;n_129951-n_129952;p_287;#=ew_69_228082;prefix=74320-;[0]=ew_0_884443,R006M,PresentElder,354.327,354.167,https://labbcat.canterbury.ac.nz/maonze/transcript?ag_id=1518#ew_0_884443,0.16,160,5.075173815,,
566,ea,g_1522;em_12_126091;n_130130-n_6613483;p_287;#=ew_69_228498;prefix=75108-;[0]=ew_0_886566,R006M,PresentElder,211.842,211.682,https://labbcat.canterbury.ac.nz/maonze/transcript?ag_id=1522#ew_0_886566,0.16,160,5.075173815,,
755,ea,g_1651;em_12_134001;n_136068-n_136069;p_300;#=ew_69_194215;prefix=42902-;[0]=ew_0_948322,L2H02M,L2,262.971,262.811,https://labbcat.canterbury.ac.nz/maonze/transcript?ag_id=1651#ew_0_948322,0.16,160,5.075173815,,
804,ea,g_1662;em_12_134645;n_136493-n_27428;p_302;#=ew_69_197110;prefix=45771-;[0]=ew_0_953312,L2H04M,L2,166.413,166.253,https://labbcat.canterbury.ac.nz/maonze/transcript?ag_id=1662#ew_0_953312,0.16,160,5.075173815,,
967,ea,g_1842;em_12_149150;n_3849640-n_3849653;p_49;#=ew_69_204927;prefix=52701-;[0]=ew_0_1102589,L2Y03M,L2,255.699,255.539,https://labbcat.canterbury.ac.nz/maonze/transcript?ag_id=1842#ew_0_1102589,0.16,160,5.075173815,,
1019,ea,g_1849;em_12_149550;n_3855013-n_3855019;p_49;#=ew_69_205312;prefix=53587-;[0]=ew_0_1107149,L2Y03M,L2,478.723,478.563,https://labbcat.canterbury.ac.nz/maonze/transcript?ag_id=1849#ew_0_1107149,0.16,160,5.075173815,,
1037,ea,g_1882;em_12_154917;n_5258424-n_5258439;p_334;#=ew_69_236970;prefix=83269-;[0]=ew_0_1169826,R011M,PresentElder,293.492,293.332,https://labbcat.canterbury.ac.nz/maonze/transcript?ag_id=1882#ew_0_1169826,0.16,160,5.075173815,,
1246,ea,g_23;em_12_1969;n_32585-n_32586;p_19;#=ew_69_153481;prefix=04492-;[0]=ew_0_16765,K002M,PresentElder,320.721,320.561,https://labbcat.canterbury.ac.nz/maonze/transcript?ag_id=23#ew_0_16765,0.16,160,5.075173815,,
1526,ea,g_369;em_12_35949;n_59775-n_59776;p_92;#=ew_69_213179;prefix=60763-;[0]=ew_0_238652,MU04M,Historical,310.331,310.171,https://labbcat.canterbury.ac.nz/maonze/transcript?ag_id=369#ew_0_238652,0.16,160,5.075173815,,
1543,ea,g_370;em_12_36072;n_59897-n_59898;p_92;#=ew_69_214170;prefix=61028-;[0]=ew_0_239428,MU04M,Historical,320.331,320.171,https://labbcat.canterbury.ac.nz/maonze/transcript?ag_id=370#ew_0_239428,0.16,160,5.075173815,,
1599,ea,g_450;em_12_169814;n_6946237-n_6946238;p_110;#=ew_69_156887;prefix=06889-;[0]=ew_0_1327436,K003M,PresentElder,355.045,354.885,https://labbcat.canterbury.ac.nz/maonze/transcript?ag_id=450#ew_0_1327436,0.16,160,5.075173815,,
1697,ea,g_477;em_12_49165;n_71083-n_71084;p_121;#=ew_69_167691;prefix=17745-;[0]=ew_0_307033,K009M,PresentElder,190.973,190.813,https://labbcat.canterbury.ac.nz/maonze/transcript?ag_id=477#ew_0_307033,0.16,160,5.075173815,,
1923,ea,g_610;em_12_64696;n_84264-n_84265;p_142;#=ew_69_182135;prefix=31058-;[0]=ew_0_389038,L1Y01M,L1,144.467,144.307,https://labbcat.canterbury.ac.nz/maonze/transcript?ag_id=610#ew_0_389038,0.16,160,5.075173815,,
1997,ea,g_628;em_12_65532;n_85036-n_85037;p_143;#=ew_69_202577;prefix=50522-;[0]=ew_0_397912,L2Y02M,L2,202.05,201.89,https://labbcat.canterbury.ac.nz/maonze/transcript?ag_id=628#ew_0_397912,0.16,160,5.075173815,,
2003,ea,g_629;em_12_161296;n_6119905-n_6119953;p_143;#=ew_69_203016;prefix=50813-;[0]=ew_0_1251361,L2Y02M,L2,257.235,257.075,https://labbcat.canterbury.ac.nz/maonze/transcript?ag_id=629#ew_0_1251361,0.16,160,5.075173815,,
2079,ea,g_645;em_12_67199;n_86409-n_10736;p_145;#=ew_69_202094;prefix=50272-;[0]=ew_0_411874,L2Y01M,L2,256.571,256.411,https://labbcat.canterbury.ac.nz/maonze/transcript?ag_id=645#ew_0_411874,0.16,160,5.075173815,,
2273,ea,g_855;em_12_85882;n_100877-n_14655;p_167;#=ew_69_172073;prefix=21695-;[0]=ew_0_544457,L1H01M,L1,129.967,129.807,https://labbcat.canterbury.ac.nz/maonze/transcript?ag_id=855#ew_0_544457,0.16,160,5.075173815,,
2568,ea,g_940;em_12_91323;n_105063-n_15865;p_179;#=ew_69_219299;prefix=66495-;[0]=ew_0_586732,R001M,PresentElder,176.741,176.581,https://labbcat.canterbury.ac.nz/maonze/transcript?ag_id=940#ew_0_586732,0.16,160,5.075173815,,
2669,ea,g_965;em_12_92616;n_106070-n_106071;p_183;#=ew_69_222835;prefix=69898-;[0]=ew_0_599891,R003M,PresentElder,213.11,212.95,https://labbcat.canterbury.ac.nz/maonze/transcript?ag_id=965#ew_0_599891,0.16,160,5.075173815,,
3069,ia,g_1076;em_12_99829;n_111022-n_111023;p_208;#=ew_69_246317;prefix=91980-;[0]=ew_0_662776,WU07M,Historical,159.413,159.253,https://labbcat.canterbury.ac.nz/maonze/transcript?ag_id=1076#ew_0_662776,0.16,160,5.075173815,,
3270,ia,g_134;em_12_9135;n_38612-n_38613;p_284;#=ew_69_209602;prefix=57413-;[0]=ew_0_88276,MU01M,Historical,302.637,302.477,https://labbcat.canterbury.ac.nz/maonze/transcript?ag_id=134#ew_0_88276,0.16,160,5.075173815,,
3417,ia,g_1620;em_12_131963;n_134411-n_134412;p_299;#=ew_69_191888;prefix=40917-;[0]=ew_0_934743,L2H01M,L2,257.617,257.457,https://labbcat.canterbury.ac.nz/maonze/transcript?ag_id=1620#ew_0_934743,0.16,160,5.075173815,,
3480,ia,g_1644;em_12_133436;n_135637-n_135638;p_288;#=ew_69_196282;prefix=45346-;[0]=ew_0_944633,L2H03M,L2,169.913,169.753,https://labbcat.canterbury.ac.nz/maonze/transcript?ag_id=1644#ew_0_944633,0.16,160,5.075173815,,
3611,ia,g_1845;em_12_149343;n_3852316-n_3852327;p_49;#=ew_69_205115;prefix=53158-;[0]=ew_0_1104874,L2Y03M,L2,382.531,382.371,https://labbcat.canterbury.ac.nz/maonze/transcript?ag_id=1845#ew_0_1104874,0.16,160,5.075173815,,
4071,ia,g_450;em_12_169788;n_6946184-n_6946185;p_110;#=ew_69_156741;prefix=06747-;[0]=ew_0_1327415,K003M,PresentElder,179.699,179.539,https://labbcat.canterbury.ac.nz/maonze/transcript?ag_id=450#ew_0_1327415,0.16,160,5.075173815,,
4075,ia,g_450;em_12_169791;n_6946209-n_6946210;p_110;#=ew_69_156800;prefix=06803-;[0]=ew_0_1326889,K003M,PresentElder,267.516,267.356,https://labbcat.canterbury.ac.nz/maonze/transcript?ag_id=450#ew_0_1326889,0.16,160,5.075173815,,
4078,ia,g_450;em_12_169815;n_6946222-n_6946223;p_110;#=ew_69_156838;prefix=06841-;[0]=ew_0_1326856,K003M,PresentElder,309.586,309.426,https://labbcat.canterbury.ac.nz/maonze/transcript?ag_id=450#ew_0_1326856,0.16,160,5.075173815,,
4398,ia,g_637;em_12_66684;n_86028-n_86029;p_145;#=ew_69_201238;prefix=49451-;[0]=ew_0_406182,L2Y01M,L2,324.401,324.241,https://labbcat.canterbury.ac.nz/maonze/transcript?ag_id=637#ew_0_406182,0.16,160,5.075173815,,
4460,ia,g_670;em_12_70685;n_89464-n_89465;p_148;#=ew_69_208618;prefix=56502-;[0]=ew_0_425365,L2Y05M,L2,294.762,294.602,https://labbcat.canterbury.ac.nz/maonze/transcript?ag_id=670#ew_0_425365,0.16,160,5.075173815,,
4472,ia,g_76;em_12_160491;n_5958102-n_5958112;p_37;#=ew_69_159944;prefix=10275-;[0]=ew_0_1236014,K005M,PresentElder,191.818,191.658,https://labbcat.canterbury.ac.nz/maonze/transcript?ag_id=76#ew_0_1236014,0.16,160,5.075173815,,
4988,oa,g_1024;em_12_96168;n_108613-n_108614;p_190;#=ew_69_233258;prefix=79190-;[0]=ew_0_631601,R009M,PresentElder,184.592,184.432,https://labbcat.canterbury.ac.nz/maonze/transcript?ag_id=1024#ew_0_631601,0.16,160,5.075173815,,
5143,oa,g_1090;em_12_100623;n_111666-n_111667;p_208;#=ew_69_248059;prefix=93719-;[0]=ew_0_669873,WU07M,Historical,155.104,154.944,https://labbcat.canterbury.ac.nz/maonze/transcript?ag_id=1090#ew_0_669873,0.16,160,5.075173815,,
5158,oa,g_116;em_12_8383;n_37941-n_37942;p_43;#=ew_69_212015;prefix=59105-;[0]=ew_0_81210,MU02M,Historical,272.773,272.613,https://labbcat.canterbury.ac.nz/maonze/transcript?ag_id=116#ew_0_81210,0.16,160,5.075173815,,
5250,oa,g_1373;em_12_118322;n_123866-n_123867;p_287;#=ew_69_227711;prefix=74600-;[0]=ew_0_815064,R006M,PresentElder,198.568,198.408,https://labbcat.canterbury.ac.nz/maonze/transcript?ag_id=1373#ew_0_815064,0.16,160,5.075173815,,
5620,oa,g_1882;em_12_154941;n_5258379-n_5258386;p_334;#=ew_69_236956;prefix=83255-;[0]=ew_0_1169686,R011M,PresentElder,275.545,275.385,https://labbcat.canterbury.ac.nz/maonze/transcript?ag_id=1882#ew_0_1169686,0.16,160,5.075173815,,
5633,oa,g_1884;em_12_155162;n_5260449-n_5260455;p_334;#=ew_69_237374;prefix=83495-;[0]=ew_0_1171092,R011M,PresentElder,288.877,288.717,https://labbcat.canterbury.ac.nz/maonze/transcript?ag_id=1884#ew_0_1171092,0.16,160,5.075173815,,
5683,oa,g_1901;em_12_156340;n_5278420-n_5278444;p_333;#=ew_69_239286;prefix=85132-;[0]=ew_0_1185860,R012M,PresentElder,236.794,236.634,https://labbcat.canterbury.ac.nz/maonze/transcript?ag_id=1901#ew_0_1185860,0.16,160,5.075173815,,
6050,oa,g_453;em_12_46982;n_69352-n_69353;p_110;#=ew_69_157079;prefix=07482-;[0]=ew_0_294288,K003M,PresentElder,274.884,274.724,https://labbcat.canterbury.ac.nz/maonze/transcript?ag_id=453#ew_0_294288,0.16,160,5.075173815,,
6126,oa,g_499;em_12_51817;n_73105-n_73106;p_97;#=ew_69_215550;prefix=63213-;[0]=ew_0_320682,MU07M,Historical,276.786,276.626,https://labbcat.canterbury.ac.nz/maonze/transcript?ag_id=499#ew_0_320682,0.16,160,5.075173815,,
6454,oa,g_887;em_12_88162;n_102460-n_102461;p_169;#=ew_69_176022;prefix=25602-;[0]=ew_0_560169,L1H03M,L1,217.622,217.462,https://labbcat.canterbury.ac.nz/maonze/transcript?ag_id=887#ew_0_560169,0.16,160,5.075173815,,
6591,oa,g_956;em_12_92071;n_105674-n_105675;p_181;#=ew_69_221133;prefix=68504-;[0]=ew_0_595090,R002M,PresentElder,212.413,212.253,https://labbcat.canterbury.ac.nz/maonze/transcript?ag_id=956#ew_0_595090,0.16,160,5.075173815,,
6658,oa,g_986;em_12_93917;n_16529-n_29882;p_182;#=ew_69_226547;prefix=72931-;[0]=ew_0_610626,R005M,PresentElder,259.363,259.203,https://labbcat.canterbury.ac.nz/maonze/transcript?ag_id=986#ew_0_610626,0.16,160,5.075173815,,
6781,ua,g_102;em_12_162962;n_6286127-n_6286132;p_41;#=ew_69_163825;prefix=13897-;[0]=ew_0_1273379,K007M,PresentElder,263.809,263.649,https://labbcat.canterbury.ac.nz/maonze/transcript?ag_id=102#ew_0_1273379,0.16,160,5.075173815,,
6782,ua,g_102;em_12_162970;n_6286062-n_6285832;p_41;#=ew_69_163676;prefix=13880-;[0]=ew_0_1274556,K007M,PresentElder,198.473,198.313,https://labbcat.canterbury.ac.nz/maonze/transcript?ag_id=102#ew_0_1274556,0.16,160,5.075173815,,
7399,ua,g_13;em_12_1020;n_31655-n_31656;p_19;#=ew_69_152678;prefix=03420-;[0]=ew_0_1232799,K002M,PresentElder,173.913,173.753,https://labbcat.canterbury.ac.nz/maonze/transcript?ag_id=13#ew_0_1232799,0.16,160,5.075173815,,
7964,ua,g_1661;em_12_134608;n_136470-n_6399773;p_302;#=ew_69_197595;prefix=45649-;[0]=ew_0_952889,L2H04M,L2,205.872,205.712,https://labbcat.canterbury.ac.nz/maonze/transcript?ag_id=1661#ew_0_952889,0.16,160,5.075173815,,
8048,ua,g_1675;em_12_135199;n_136947-n_136948;p_307;#=ew_69_200433;prefix=48709-;[0]=ew_0_959748,L2H05M,L2,155.973,155.813,https://labbcat.canterbury.ac.nz/maonze/transcript?ag_id=1675#ew_0_959748,0.16,160,5.075173815,,
8361,ua,g_1906;em_12_156692;n_5283076-n_5283103;p_333;#=ew_69_239345;prefix=86048-;[0]=ew_0_1189795,R012M,PresentElder,159.318,159.158,https://labbcat.canterbury.ac.nz/maonze/transcript?ag_id=1906#ew_0_1189795,0.16,160,5.075173815,,
8574,ua,g_305;em_12_162461;n_6240952-n_6240954;p_81;#=ew_69_186708;prefix=35206-;[0]=ew_0_1264742,L1Y03M,L1,140.473,140.313,https://labbcat.canterbury.ac.nz/maonze/transcript?ag_id=305#ew_0_1264742,0.16,160,5.075173815,,
8860,ua,g_369;em_12_35932;n_59758-n_59759;p_92;#=ew_69_213145;prefix=60729-;[0]=ew_0_238544,MU04M,Historical,266.559,266.399,https://labbcat.canterbury.ac.nz/maonze/transcript?ag_id=369#ew_0_238544,0.16,160,5.075173815,,
9068,ua,g_471;em_12_48809;n_70748-n_70749;p_120;#=ew_69_166634;prefix=16647-;[0]=ew_0_1090680,K008M,PresentElder,265.339,265.179,https://labbcat.canterbury.ac.nz/maonze/transcript?ag_id=471#ew_0_1090680,0.16,160,5.075173815,,
9122,ua,g_484;em_12_49719;n_71539-n_71540;p_121;#=ew_69_169147;prefix=18992-;[0]=ew_0_311689,K009M,PresentElder,223.574,223.414,https://labbcat.canterbury.ac.nz/maonze/transcript?ag_id=484#ew_0_311689,0.16,160,5.075173815,,
9125,ua,g_485;em_12_161871;n_6176304-n_6176307;p_121;#=ew_69_168350;prefix=19182-;[0]=ew_0_1258511,K009M,PresentElder,140.336,140.176,https://labbcat.canterbury.ac.nz/maonze/transcript?ag_id=485#ew_0_1258511,0.16,160,5.075173815,,
9521,ua,g_630;em_12_65902;n_85376-n_85377;p_143;#=ew_69_203748;prefix=51097-;[0]=ew_0_400058,L2Y02M,L2,287.994,287.834,https://labbcat.canterbury.ac.nz/maonze/transcript?ag_id=630#ew_0_400058,0.16,160,5.075173815,,
9537,ua,g_632;em_12_66190;n_85642-n_85643;p_143;#=ew_69_203458;prefix=51659-;[0]=ew_0_402242,L2Y02M,L2,302.196,302.036,https://labbcat.canterbury.ac.nz/maonze/transcript?ag_id=632#ew_0_402242,0.16,160,5.075173815,,
9585,ua,g_637;em_12_66680;n_86024-n_86025;p_145;#=ew_69_201204;prefix=49435-;[0]=ew_0_406133,L2Y01M,L2,296.915,296.755,https://labbcat.canterbury.ac.nz/maonze/transcript?ag_id=637#ew_0_406133,0.16,160,5.075173815,,
9586,ua,g_637;em_12_66683;n_86027-n_86028;p_145;#=ew_69_201223;prefix=49444-;[0]=ew_0_406165,L2Y01M,L2,314.598,314.438,https://labbcat.canterbury.ac.nz/maonze/transcript?ag_id=637#ew_0_406165,0.16,160,5.075173815,,
9698,ua,g_665;em_12_70499;n_89293-n_89294;p_148;#=ew_69_207905;prefix=55611-;[0]=ew_0_422118,L2Y05M,L2,256.56,256.4,https://labbcat.canterbury.ac.nz/maonze/transcript?ag_id=665#ew_0_422118,0.16,160,5.075173815,,
9721,ua,g_668;em_12_70611;n_89394-n_89395;p_148;#=ew_69_208307;prefix=56196-;[0]=ew_0_423996,L2Y05M,L2,275.187,275.027,https://labbcat.canterbury.ac.nz/maonze/transcript?ag_id=668#ew_0_423996,0.16,160,5.075173815,,
10130,ua,g_9;em_12_652;n_31300-n_31301;p_28;#=ew_69_150677;prefix=00949-;[0]=ew_0_5892,K001M,PresentElder,319.17,319.01,https://labbcat.canterbury.ac.nz/maonze/transcript?ag_id=9#ew_0_5892,0.16,160,5.075173815,,
10165,ua,g_905;em_12_89056;n_15454-n_103210;p_173;#=ew_69_177288;prefix=26805-;[0]=ew_0_569378,L1H04M,L1,195.449,195.289,https://labbcat.canterbury.ac.nz/maonze/transcript?ag_id=905#ew_0_569378,0.16,160,5.075173815,,
10390,ua,g_946;em_12_91617;n_105295-n_105296;p_181;#=ew_69_220229;prefix=67174-;[0]=ew_0_589063,R002M,PresentElder,218.574,218.414,https://labbcat.canterbury.ac.nz/maonze/transcript?ag_id=946#ew_0_589063,0.16,160,5.075173815,,
10400,ua,g_947;em_12_91662;n_105337-n_105338;p_181;#=ew_69_220840;prefix=67353-;[0]=ew_0_589705,R002M,PresentElder,249.747,249.587,https://labbcat.canterbury.ac.nz/maonze/transcript?ag_id=947#ew_0_589705,0.16,160,5.075173815,,
10422,ua,g_949;em_12_91739;n_6521878-n_105402;p_181;#=ew_69_220567;prefix=67621-;[0]=ew_0_590781,R002M,PresentElder,175.247,175.087,https://labbcat.canterbury.ac.nz/maonze/transcript?ag_id=949#ew_0_590781,0.16,160,5.075173815,,
10644,ua,g_986;em_12_93911;n_106988-n_106989;p_182;#=ew_69_226473;prefix=72908-;[0]=ew_0_610559,R005M,PresentElder,214.616,214.456,https://labbcat.canterbury.ac.nz/maonze/transcript?ag_id=986#ew_0_610559,0.16,160,5.075173815,,
139,ea,g_1039;em_12_96925;n_109127-n_109128;p_193;#=ew_69_235586;prefix=81772-;[0]=ew_0_641490,R010M,PresentElder,120.977,120.817,https://labbcat.canterbury.ac.nz/maonze/transcript?ag_id=1039#ew_0_641490,0.16,160,5.075173815,,
406,ea,g_1235;em_12_160100;n_5824921-n_21380;p_249;#=ew_69_180897;prefix=29899-;[0]=ew_0_1226879,L1H06M,L1,73.406,73.246,https://labbcat.canterbury.ac.nz/maonze/transcript?ag_id=1235#ew_0_1226879,0.16,160,5.075173815,,
577,ea,g_1524;em_12_126156;n_130185-n_130186;p_287;#=ew_69_228691;prefix=75360-;[0]=ew_0_887564,R006M,PresentElder,124.507,124.347,https://labbcat.canterbury.ac.nz/maonze/transcript?ag_id=1524#ew_0_887564,0.16,160,5.075173815,,
764,ea,g_1654;em_12_134211;n_136211-n_27276;p_300;#=ew_69_194597;prefix=43212-;[0]=ew_0_949526,L2H02M,L2,99.903,99.743,https://labbcat.canterbury.ac.nz/maonze/transcript?ag_id=1654#ew_0_949526,0.16,160,5.075173815,,
946,ea,g_1840;em_12_148963;n_3847264-n_3847271;p_49;#=ew_69_204535;prefix=52357-;[0]=ew_0_1100585,L2Y03M,L2,107.781,107.621,https://labbcat.canterbury.ac.nz/maonze/transcript?ag_id=1840#ew_0_1100585,0.16,160,5.075173815,,
1051,ea,g_1884;em_12_155113;n_5259766-n_5259779;p_334;#=ew_69_237264;prefix=83429-;[0]=ew_0_1171437,R011M,PresentElder,83.495,83.335,https://labbcat.canterbury.ac.nz/maonze/transcript?ag_id=1884#ew_0_1171437,0.16,160,5.075173815,,
1342,ea,g_315;em_12_30574;n_55219-n_55220;p_89;#=ew_69_187329;prefix=36416-;[0]=ew_0_211512,L1Y04M,L1,68.15,67.99,https://labbcat.canterbury.ac.nz/maonze/transcript?ag_id=315#ew_0_211512,0.16,160,5.075173815,,
1758,ea,g_494;em_12_51021;n_8584-n_72490;p_122;#=ew_69_169825;prefix=20155-;[0]=ew_0_317651,K010M,PresentElder,107.281,107.121,https://labbcat.canterbury.ac.nz/maonze/transcript?ag_id=494#ew_0_317651,0.16,160,5.075173815,,
1890,ea,g_604;em_12_64318;n_83911-n_83912;p_140;#=ew_69_191254;prefix=39604-;[0]=ew_0_385342,L1Y05M,L1,108.159,107.999,https://labbcat.canterbury.ac.nz/maonze/transcript?ag_id=604#ew_0_385342,0.16,160,5.075173815,,
2179,ea,g_671;em_12_70697;n_89475-n_89476;p_148;#=ew_69_208683;prefix=56570-;[0]=ew_0_425578,L2Y05M,L2,89.543,89.383,https://labbcat.canterbury.ac.nz/maonze/transcript?ag_id=671#ew_0_425578,0.16,160,5.075173815,,
2668,ea,g_965;em_12_92595;n_106051-n_106052;p_183;#=ew_69_222780;prefix=69845-;[0]=ew_0_599674,R003M,PresentElder,109.177,109.017,https://labbcat.canterbury.ac.nz/maonze/transcript?ag_id=965#ew_0_599674,0.16,160,5.075173815,,
3509,ia,g_1658;em_12_134483;n_136394-n_136395;p_300;#=ew_69_195100;prefix=43667-;[0]=ew_0_951547,L2H02M,L2,113.802,113.642,https://labbcat.canterbury.ac.nz/maonze/transcript?ag_id=1658#ew_0_951547,0.16,160,5.075173815,,
3961,ia,g_367;em_12_150377;n_59380-n_4519218;p_92;#=ew_69_212409;prefix=60262-;[0]=ew_0_1123615,MU04M,Historical,82.501,82.341,https://labbcat.canterbury.ac.nz/maonze/transcript?ag_id=367#ew_0_1123615,0.16,160,5.075173815,,
4023,ia,g_386;em_12_39207;n_63002-n_63003;p_95;#=ew_69_215721;prefix=62789-;[0]=ew_0_1121789,MU06M,Historical,105.933,105.773,https://labbcat.canterbury.ac.nz/maonze/transcript?ag_id=386#ew_0_1121789,0.16,160,5.075173815,,
4267,ia,g_59;em_12_162200;n_6219094-n_6219095;p_32;#=ew_69_159434;prefix=09753-;[0]=ew_0_1263361,K004M,PresentElder,69.983,69.823,https://labbcat.canterbury.ac.nz/maonze/transcript?ag_id=59#ew_0_1263361,0.16,160,5.075173815,,
4391,ia,g_636;em_12_66536;n_85929-n_85930;p_145;#=ew_69_201362;prefix=49177-;[0]=ew_0_404990,L2Y01M,L2,108.906,108.746,https://labbcat.canterbury.ac.nz/maonze/transcript?ag_id=636#ew_0_404990,0.16,160,5.075173815,,
4584,ia,g_872;em_12_87165;n_101832-n_101833;p_168;#=ew_69_173996;prefix=24365-;[0]=ew_0_554296,L1H02M,L1,114.251,114.091,https://labbcat.canterbury.ac.nz/maonze/transcript?ag_id=872#ew_0_554296,0.16,160,5.075173815,,
4611,ia,g_888;em_12_88232;n_102526-n_102527;p_169;#=ew_69_176125;prefix=25700-;[0]=ew_0_560552,L1H03M,L1,109.617,109.457,https://labbcat.canterbury.ac.nz/maonze/transcript?ag_id=888#ew_0_560552,0.16,160,5.075173815,,
4683,ia,g_909;em_12_89235;n_103273-n_103274;p_173;#=ew_69_176295;prefix=26330-;[0]=ew_0_571227,L1H04M,L1,107.15,106.99,https://labbcat.canterbury.ac.nz/maonze/transcript?ag_id=909#ew_0_571227,0.16,160,5.075173815,,
5398,oa,g_1622;em_12_132095;n_134513-n_134514;p_299;#=ew_69_191715;prefix=41102-;[0]=ew_0_935560,L2H01M,L2,120.87,120.71,https://labbcat.canterbury.ac.nz/maonze/transcript?ag_id=1622#ew_0_935560,0.16,160,5.075173815,,
6005,oa,g_383;em_12_38510;n_62308-n_62309;p_95;#=ew_69_214968;prefix=62171-;[0]=ew_0_246345,MU06M,Historical,79.23,79.07,https://labbcat.canterbury.ac.nz/maonze/transcript?ag_id=383#ew_0_246345,0.16,160,5.075173815,,
6124,oa,g_497;em_12_51505;n_72836-n_72837;p_122;#=ew_69_170563;prefix=20500-;[0]=ew_0_319565,K010M,PresentElder,122.397,122.237,https://labbcat.canterbury.ac.nz/maonze/transcript?ag_id=497#ew_0_319565,0.16,160,5.075173815,,
6619,oa,g_972;em_12_92989;n_106354-n_106355;p_184;#=ew_69_223729;prefix=70686-;[0]=ew_0_602991,R004M,PresentElder,68.671,68.511,https://labbcat.canterbury.ac.nz/maonze/transcript?ag_id=972#ew_0_602991,0.16,160,5.075173815,,
6633,oa,g_977;em_12_163557;n_6612050-n_6612055;p_184;#=ew_69_224553;prefix=71512-;[0]=ew_0_1280660,R004M,PresentElder,68.882,68.722,https://labbcat.canterbury.ac.nz/maonze/transcript?ag_id=977#ew_0_1280660,0.16,160,5.075173815,,
7256,ua,g_117;em_12_8493;n_38050-n_38051;p_43;#=ew_69_211551;prefix=58671-;[0]=ew_0_82405,MU02M,Historical,117.424,117.264,https://labbcat.canterbury.ac.nz/maonze/transcript?ag_id=117#ew_0_82405,0.16,160,5.075173815,,
7607,ua,g_1521;em_12_126014;n_130058-n_130059;p_284;#=ew_69_210602;prefix=58422-;[0]=ew_0_885625,MU01M,Historical,75.861,75.701,https://labbcat.canterbury.ac.nz/maonze/transcript?ag_id=1521#ew_0_885625,0.16,160,5.075173815,,
7609,ua,g_1521;em_12_150047;n_130060-n_4018650;p_284;#=ew_69_210612;prefix=58431-;[0]=ew_0_1114615,MU01M,Historical,85.043,84.883,https://labbcat.canterbury.ac.nz/maonze/transcript?ag_id=1521#ew_0_1114615,0.16,160,5.075173815,,
8179,ua,g_1844;em_12_149229;n_3850679-n_3850697;p_49;#=ew_69_204553;prefix=52902-;[0]=ew_0_1103468,L2Y03M,L2,69.287,69.127,https://labbcat.canterbury.ac.nz/maonze/transcript?ag_id=1844#ew_0_1103468,0.16,160,5.075173815,,
8629,ua,g_312;em_12_30413;n_5999809-n_55104;p_81;#=ew_69_186953;prefix=36164-;[0]=ew_0_1239387,L1Y03M,L1,112.013,111.853,https://labbcat.canterbury.ac.nz/maonze/transcript?ag_id=312#ew_0_1239387,0.16,160,5.075173815,,
8729,ua,g_334;em_12_161016;n_6031603-n_6031606;p_85;#=ew_69_185048;prefix=34227-;[0]=ew_0_1242213,L1Y02M,L1,103.174,103.014,https://labbcat.canterbury.ac.nz/maonze/transcript?ag_id=334#ew_0_1242213,0.16,160,5.075173815,,
9262,ua,g_58;em_12_162142;n_6217249-n_6217250;p_32;#=ew_69_159695;prefix=09560-;[0]=ew_0_1262926,K004M,PresentElder,121.156,120.996,https://labbcat.canterbury.ac.nz/maonze/transcript?ag_id=58#ew_0_1262926,0.16,160,5.075173815,,
9290,ua,g_599;em_12_64029;n_83627-n_83628;p_140;#=ew_69_189715;prefix=38687-;[0]=ew_0_382068,L1Y05M,L1,127.394,127.234,https://labbcat.canterbury.ac.nz/maonze/transcript?ag_id=599#ew_0_382068,0.16,160,5.075173815,,
9606,ua,g_641;em_12_66924;n_10679-n_86192;p_145;#=ew_69_201565;prefix=49871-;[0]=ew_0_408676,L2Y01M,L2,113.108,112.948,https://labbcat.canterbury.ac.nz/maonze/transcript?ag_id=641#ew_0_408676,0.16,160,5.075173815,,
9946,ua,g_868;em_12_86848;n_101619-n_101620;p_168;#=ew_69_174125;prefix=23796-;[0]=ew_0_552080,L1H02M,L1,120.989,120.829,https://labbcat.canterbury.ac.nz/maonze/transcript?ag_id=868#ew_0_552080,0.16,160,5.075173815,,
10028,ua,g_882;em_12_87769;n_102237-n_102238;p_169;#=ew_69_175869;prefix=25175-;[0]=ew_0_557931,L1H03M,L1,94.361,94.201,https://labbcat.canterbury.ac.nz/maonze/transcript?ag_id=882#ew_0_557931,0.16,160,5.075173815,,
81,ea,g_1027;em_12_96277;n_108681-n_17193;p_190;#=ew_69_232805;prefix=79563-;[0]=ew_0_633230,R009M,PresentElder,57.984,57.824,https://labbcat.canterbury.ac.nz/maonze/transcript?ag_id=1027#ew_0_633230,0.16,160,5.075173815,,
560,ea,g_1522;em_12_126067;n_130108-n_130109;p_287;#=ew_69_228391;prefix=75006-;[0]=ew_0_886204,R006M,PresentElder,50.7,50.54,https://labbcat.canterbury.ac.nz/maonze/transcript?ag_id=1522#ew_0_886204,0.16,160,5.075173815,,
717,ea,g_1643;em_12_133350;n_135558-n_135559;p_288;#=ew_69_196264;prefix=45174-;[0]=ew_0_943920,L2H03M,L2,56.139,55.979,https://labbcat.canterbury.ac.nz/maonze/transcript?ag_id=1643#ew_0_943920,0.16,160,5.075173815,,
944,ea,g_1840;em_12_148951;n_3847117-n_3847132;p_49;#=ew_69_204471;prefix=52327-;[0]=ew_0_1100467,L2Y03M,L2,63.576,63.416,https://labbcat.canterbury.ac.nz/maonze/transcript?ag_id=1840#ew_0_1100467,0.16,160,5.075173815,,
1894,ea,g_605;em_12_64370;n_83962-n_83963;p_140;#=ew_69_190869;prefix=39813-;[0]=ew_0_386014,L1Y05M,L1,48.926,48.766,https://labbcat.canterbury.ac.nz/maonze/transcript?ag_id=605#ew_0_386014,0.16,160,5.075173815,,
1929,ea,g_612;em_12_64762;n_84328-n_84329;p_142;#=ew_69_182116;prefix=31231-;[0]=ew_0_389733,L1Y01M,L1,51.38,51.22,https://labbcat.canterbury.ac.nz/maonze/transcript?ag_id=612#ew_0_389733,0.16,160,5.075173815,,
2116,ea,g_661;em_12_70263;n_89073-n_89074;p_146;#=ew_69_206991;prefix=54940-;[0]=ew_0_419533,L2Y04M,L2,42.701,42.541,https://labbcat.canterbury.ac.nz/maonze/transcript?ag_id=661#ew_0_419533,0.16,160,5.075173815,,
2534,ea,g_934;em_12_90819;n_104620-n_104621;p_179;#=ew_69_217699;prefix=65454-;[0]=ew_0_583090,R001M,PresentElder,55.389,55.229,https://labbcat.canterbury.ac.nz/maonze/transcript?ag_id=934#ew_0_583090,0.16,160,5.075173815,,
2759,ea,g_979;em_12_93563;n_106722-n_106723;p_184;#=ew_69_224911;prefix=71834-;[0]=ew_0_607008,R004M,PresentElder,43.493,43.333,https://labbcat.canterbury.ac.nz/maonze/transcript?ag_id=979#ew_0_607008,0.16,160,5.075173815,,
3563,ia,g_1673;em_12_163159;n_6398878-n_6398889;p_302;#=ew_69_198156;prefix=47302-;[0]=ew_0_1275952,L2H04M,L2,59.691,59.531,https://labbcat.canterbury.ac.nz/maonze/transcript?ag_id=1673#ew_0_1275952,0.16,160,5.075173815,,
4111,ia,g_461;em_12_158476;n_5391673-n_5391677;p_112;#=ew_69_162174;prefix=12360-;[0]=ew_0_1209001,K006M,PresentElder,52.404,52.244,https://labbcat.canterbury.ac.nz/maonze/transcript?ag_id=461#ew_0_1209001,0.16,160,5.075173815,,
4354,ia,g_625;em_12_65295;n_10431-n_84816;p_142;#=ew_69_183163;prefix=32732-;[0]=ew_0_395909,L1Y01M,L1,35.645,35.485,https://labbcat.canterbury.ac.nz/maonze/transcript?ag_id=625#ew_0_395909,0.16,160,5.075173815,,
4464,ia,g_671;em_12_70693;n_89471-n_89472;p_148;#=ew_69_208652;prefix=56548-;[0]=ew_0_1115973,L2Y05M,L2,54.27,54.11,https://labbcat.canterbury.ac.nz/maonze/transcript?ag_id=671#ew_0_1115973,0.16,160,5.075173815,,
4529,ia,g_859;em_12_86189;n_101163-n_101164;p_167;#=ew_69_172463;prefix=22325-;[0]=ew_0_546739,L1H01M,L1,52.276,52.116,https://labbcat.canterbury.ac.nz/maonze/transcript?ag_id=859#ew_0_546739,0.16,160,5.075173815,,
4736,ia,g_936;em_12_90939;n_104733-n_104734;p_179;#=ew_69_218224;prefix=65664-;[0]=ew_0_583815,R001M,PresentElder,49.884,49.724,https://labbcat.canterbury.ac.nz/maonze/transcript?ag_id=936#ew_0_583815,0.16,160,5.075173815,,
4886,ia,g_987;em_12_93925;n_106999-n_107000;p_182;#=ew_69_226012;prefix=72965-;[0]=ew_0_610722,R005M,PresentElder,43.923,43.763,https://labbcat.canterbury.ac.nz/maonze/transcript?ag_id=987#ew_0_610722,0.16,160,5.075173815,,
4954,oa,g_1014;em_12_95689;n_16825-n_108466;p_188;#=ew_69_229643;prefix=76857-;[0]=ew_0_626790,R007M,PresentElder,53.987,53.827,https://labbcat.canterbury.ac.nz/maonze/transcript?ag_id=1014#ew_0_626790,0.16,160,5.075173815,,
5321,oa,g_1521;em_12_126011;n_130055-n_130056;p_284;#=ew_69_210594;prefix=58415-;[0]=ew_0_885592,MU01M,Historical,64.141,63.981,https://labbcat.canterbury.ac.nz/maonze/transcript?ag_id=1521#ew_0_885592,0.16,160,5.075173815,,
6097,oa,g_484;em_12_49687;n_71507-n_71508;p_121;#=ew_69_168912;prefix=18876-;[0]=ew_0_311240,K009M,PresentElder,49.234,49.074,https://labbcat.canterbury.ac.nz/maonze/transcript?ag_id=484#ew_0_311240,0.16,160,5.075173815,,
6673,oa,g_995;em_12_94277;n_107299-n_107300;p_182;#=ew_69_226571;prefix=74058-;[0]=ew_0_614946,R005M,PresentElder,36.088,35.928,https://labbcat.canterbury.ac.nz/maonze/transcript?ag_id=995#ew_0_614946,0.16,160,5.075173815,,
6841,ua,g_1031;em_12_96455;n_108797-n_108798;p_190;#=ew_69_233999;prefix=80213-;[0]=ew_0_635760,R009M,PresentElder,41.646,41.486,https://labbcat.canterbury.ac.nz/maonze/transcript?ag_id=1031#ew_0_635760,0.16,160,5.075173815,,
7253,ua,g_117;em_12_8481;n_38038-n_38039;p_43;#=ew_69_211509;prefix=58629-;[0]=ew_0_82257,MU02M,Historical,62.09,61.93,https://labbcat.canterbury.ac.nz/maonze/transcript?ag_id=117#ew_0_82257,0.16,160,5.075173815,,
7974,ua,g_1662;em_12_134625;n_136477-n_27424;p_302;#=ew_69_197044;prefix=45710-;[0]=ew_0_953095,L2H04M,L2,58.642,58.482,https://labbcat.canterbury.ac.nz/maonze/transcript?ag_id=1662#ew_0_953095,0.16,160,5.075173815,,
8111,ua,g_1748;em_12_139731;n_140432-n_140433;p_318;#=ew_69_231144;prefix=77777-;[0]=ew_0_1002024,R008M,PresentElder,47.756,47.596,https://labbcat.canterbury.ac.nz/maonze/transcript?ag_id=1748#ew_0_1002024,0.16,160,5.075173815,,
8113,ua,g_1748;em_12_139731;n_140432-n_140433;p_318;#=ew_69_231148;prefix=77781-;[0]=ew_0_1002030,R008M,PresentElder,49.456,49.296,https://labbcat.canterbury.ac.nz/maonze/transcript?ag_id=1748#ew_0_1002030,0.16,160,5.075173815,,
8714,ua,g_330;em_12_33199;n_57464-n_57465;p_85;#=ew_69_185268;prefix=34395-;[0]=ew_0_220299,L1Y02M,L1,34.261,34.101,https://labbcat.canterbury.ac.nz/maonze/transcript?ag_id=330#ew_0_220299,0.16,160,5.075173815,,
9316,ua,g_603;em_12_64252;n_83846-n_83847;p_140;#=ew_69_190611;prefix=39341-;[0]=ew_0_384500,L1Y05M,L1,57.051,56.891,https://labbcat.canterbury.ac.nz/maonze/transcript?ag_id=603#ew_0_384500,0.16,160,5.075173815,,
9444,ua,g_622;em_12_65188;n_84734-n_84735;p_142;#=ew_69_183089;prefix=32398-;[0]=ew_0_394546,L1Y01M,L1,42.142,41.982,https://labbcat.canterbury.ac.nz/maonze/transcript?ag_id=622#ew_0_394546,0.16,160,5.075173815,,
9842,ua,g_850;em_12_85507;n_100522-n_100523;p_167;#=ew_69_171254;prefix=20937-;[0]=ew_0_541406,L1H01M,L1,63.709,63.549,https://labbcat.canterbury.ac.nz/maonze/transcript?ag_id=850#ew_0_541406,0.16,160,5.075173815,,
10024,ua,g_882;em_12_87760;n_102230-n_102231;p_169;#=ew_69_175850;prefix=25156-;[0]=ew_0_557882,L1H03M,L1,58.823,58.663,https://labbcat.canterbury.ac.nz/maonze/transcript?ag_id=882#ew_0_557882,0.16,160,5.075173815,,
10653,ua,g_988;em_12_93974;n_107040-n_107041;p_182;#=ew_69_225685;prefix=73154-;[0]=ew_0_611308,R005M,PresentElder,51.813,51.653,https://labbcat.canterbury.ac.nz/maonze/transcript?ag_id=988#ew_0_611308,0.16,160,5.075173815,,
17,ea,g_1009;em_12_95318;n_16664-n_108256;p_188;#=ew_69_229605;prefix=76223-;[0]=ew_0_624214,R007M,PresentElder,22.434,22.274,https://labbcat.canterbury.ac.nz/maonze/transcript?ag_id=1009#ew_0_624214,0.16,160,5.075173815,,
431,ea,g_1241;em_12_111533;n_21755-n_5827685;p_249;#=ew_69_180988;prefix=30484-;[0]=ew_0_745765,L1H06M,L1,14.962,14.802,https://labbcat.canterbury.ac.nz/maonze/transcript?ag_id=1241#ew_0_745765,0.16,160,5.075173815,,
558,ea,g_1522;em_12_126061;n_6613409-n_130105;p_287;#=ew_69_228366;prefix=74995-;[0]=ew_0_886136,R006M,PresentElder,22.214,22.054,https://labbcat.canterbury.ac.nz/maonze/transcript?ag_id=1522#ew_0_886136,0.16,160,5.075173815,,
666,ea,g_1623;em_12_132139;n_134549-n_26866;p_299;#=ew_69_192457;prefix=41162-;[0]=ew_0_935828,L2H01M,L2,6.87,6.71,https://labbcat.canterbury.ac.nz/maonze/transcript?ag_id=1623#ew_0_935828,0.16,160,5.075173815,,
1042,ea,g_1883;em_12_155032;n_5258618-n_5258632;p_334;#=ew_69_237006;prefix=83306-;[0]=ew_0_1170735,R011M,PresentElder,28.901,28.741,https://labbcat.canterbury.ac.nz/maonze/transcript?ag_id=1883#ew_0_1170735,0.16,160,5.075173815,,
1048,ea,g_1884;em_12_155089;n_5259599-n_5259610;p_334;#=ew_69_237232;prefix=83397-;[0]=ew_0_1171101,R011M,PresentElder,27.999,27.839,https://labbcat.canterbury.ac.nz/maonze/transcript?ag_id=1884#ew_0_1171101,0.16,160,5.075173815,,
1138,ea,g_1911;em_12_157014;n_5287209-n_5287223;p_333;#=ew_69_240496;prefix=87034-;[0]=ew_0_1193880,R012M,PresentElder,14.206,14.046,https://labbcat.canterbury.ac.nz/maonze/transcript?ag_id=1911#ew_0_1193880,0.16,160,5.075173815,,
1165,ea,g_1942;em_12_165607;n_6841633-n_6841650;p_41;#=ew_69_164782;prefix=14884-;[0]=ew_0_1295078,K007M,PresentElder,18.279,18.119,https://labbcat.canterbury.ac.nz/maonze/transcript?ag_id=1942#ew_0_1295078,0.16,160,5.075173815,,
1433,ea,g_328;em_12_33138;n_57419-n_57420;p_85;#=ew_69_184507;prefix=33607-;[0]=ew_0_219531,L1Y02M,L1,32.036,31.876,https://labbcat.canterbury.ac.nz/maonze/transcript?ag_id=328#ew_0_219531,0.16,160,5.075173815,,
1444,ea,g_331;em_12_33223;n_57487-n_57488;p_85;#=ew_69_184148;prefix=33297-;[0]=ew_0_220647,L1Y02M,L1,15.066,14.906,https://labbcat.canterbury.ac.nz/maonze/transcript?ag_id=331#ew_0_220647,0.16,160,5.075173815,,
1478,ea,g_340;em_12_33453;n_57671-n_57672;p_85;#=ew_69_185605;prefix=34758-;[0]=ew_0_223644,L1Y02M,L1,20.003,19.843,https://labbcat.canterbury.ac.nz/maonze/transcript?ag_id=340#ew_0_223644,0.16,160,5.075173815,,
1494,ea,g_345;em_12_160997;n_6030949-n_6030956;p_85;#=ew_69_184661;prefix=33825-;[0]=ew_0_1242727,L1Y02M,L1,18.244,18.084,https://labbcat.canterbury.ac.nz/maonze/transcript?ag_id=345#ew_0_1242727,0.16,160,5.075173815,,
1715,ea,g_482;em_12_49389;n_71279-n_71280;p_121;#=ew_69_168815;prefix=18493-;[0]=ew_0_309812,K009M,PresentElder,22.93,22.77,https://labbcat.canterbury.ac.nz/maonze/transcript?ag_id=482#ew_0_309812,0.16,160,5.075173815,,
2085,ea,g_650;em_12_67593;n_86756-n_86757;p_146;#=ew_69_206113;prefix=53790-;[0]=ew_0_413568,L2Y04M,L2,19.874,19.714,https://labbcat.canterbury.ac.nz/maonze/transcript?ag_id=650#ew_0_413568,0.16,160,5.075173815,,
2131,ea,g_668;em_12_70578;n_89367-n_89368;p_148;#=ew_69_208128;prefix=56022-;[0]=ew_0_423443,L2Y05M,L2,9.986,9.826,https://labbcat.canterbury.ac.nz/maonze/transcript?ag_id=668#ew_0_423443,0.16,160,5.075173815,,
2321,ea,g_865;em_12_86558;n_101420-n_101421;p_168;#=ew_69_173475;prefix=23197-;[0]=ew_0_549770,L1H02M,L1,21.127,20.967,https://labbcat.canterbury.ac.nz/maonze/transcript?ag_id=865#ew_0_549770,0.16,160,5.075173815,,
2835,ea,g_993;em_12_94176;n_16567-n_107214;p_182;#=ew_69_227000;prefix=73712-;[0]=ew_0_613760,R005M,PresentElder,16.574,16.414,https://labbcat.canterbury.ac.nz/maonze/transcript?ag_id=993#ew_0_613760,0.16,160,5.075173815,,
2933,ia,g_1028;em_12_96311;n_17207-n_108701;p_190;#=ew_69_233014;prefix=79686-;[0]=ew_0_1016399,R009M,PresentElder,3.67,3.51,https://labbcat.canterbury.ac.nz/maonze/transcript?ag_id=1028#ew_0_1016399,0.16,160,5.075173815,,
3096,ia,g_1085;em_12_100300;n_18426-n_111404;p_208;#=ew_69_246627;prefix=93002-;[0]=ew_0_666895,WU07M,Historical,7.799,7.639,https://labbcat.canterbury.ac.nz/maonze/transcript?ag_id=1085#ew_0_666895,0.16,160,5.075173815,,
3212,ia,g_1203;em_12_108944;n_117745-n_117746;p_244;#=ew_69_244036;prefix=89587-;[0]=ew_0_1133545,WU04M,Historical,5.947,5.787,https://labbcat.canterbury.ac.nz/maonze/transcript?ag_id=1203#ew_0_1133545,0.16,160,5.075173815,,
3226,ia,g_1208;em_12_109507;n_118295-n_118296;p_244;#=ew_69_243560;prefix=90280-;[0]=ew_0_728830,WU04M,Historical,10.217,10.057,https://labbcat.canterbury.ac.nz/maonze/transcript?ag_id=1208#ew_0_728830,0.16,160,5.075173815,,
3633,ia,g_1857;em_12_150784;n_4612875-n_4612884;p_97;#=ew_69_215961;prefix=63393-;[0]=ew_0_1126870,MU07M,Historical,31.328,31.168,https://labbcat.canterbury.ac.nz/maonze/transcript?ag_id=1857#ew_0_1126870,0.16,160,5.075173815,,
3928,ia,g_337;em_12_33364;n_57594-n_57595;p_85;#=ew_69_184774;prefix=33874-;[0]=ew_0_222427,L1Y02M,L1,19.667,19.507,https://labbcat.canterbury.ac.nz/maonze/transcript?ag_id=337#ew_0_222427,0.16,160,5.075173815,,
4082,ia,g_450;em_12_46513;n_68985-n_68986;p_110;#=ew_69_156530;prefix=06619-;[0]=ew_0_290678,K003M,PresentElder,6.296,6.136,https://labbcat.canterbury.ac.nz/maonze/transcript?ag_id=450#ew_0_290678,0.16,160,5.075173815,,
4231,ia,g_53;em_12_3777;n_34109-n_34110;p_32;#=ew_69_157661;prefix=08263-;[0]=ew_0_35096,K004M,PresentElder,10.625,10.465,https://labbcat.canterbury.ac.nz/maonze/transcript?ag_id=53#ew_0_35096,0.16,160,5.075173815,,
4275,ia,g_59;em_12_4102;n_34426-n_6219045;p_32;#=ew_69_159392;prefix=09606-;[0]=ew_0_40253,K004M,PresentElder,11.278,11.118,https://labbcat.canterbury.ac.nz/maonze/transcript?ag_id=59#ew_0_40253,0.16,160,5.075173815,,
4483,ia,g_8;em_12_455;n_31109-n_31110;p_28;#=ew_69_149598;prefix=01045-;[0]=ew_0_4326,K001M,PresentElder,29.182,29.022,https://labbcat.canterbury.ac.nz/maonze/transcript?ag_id=8#ew_0_4326,0.16,160,5.075173815,,
4567,ia,g_867;em_12_86717;n_101540-n_101541;p_168;#=ew_69_174338;prefix=23538-;[0]=ew_0_551031,L1H02M,L1,25.27,25.11,https://labbcat.canterbury.ac.nz/maonze/transcript?ag_id=867#ew_0_551031,0.16,160,5.075173815,,
4765,ia,g_947;em_12_91625;n_105302-n_105303;p_181;#=ew_69_220589;prefix=67199-;[0]=ew_0_589161,R002M,PresentElder,15.244,15.084,https://labbcat.canterbury.ac.nz/maonze/transcript?ag_id=947#ew_0_589161,0.16,160,5.075173815,,
4930,oa,g_100;em_12_162751;n_6281873-n_6281877;p_41;#=ew_69_162582;prefix=13414-;[0]=ew_0_1268796,K007M,PresentElder,30.029,29.869,https://labbcat.canterbury.ac.nz/maonze/transcript?ag_id=100#ew_0_1268796,0.16,160,5.075173815,,
5177,oa,g_1202;em_12_108832;n_117634-n_117635;p_244;#=ew_69_242785;prefix=89418-;[0]=ew_0_725259,WU04M,Historical,15.765,15.605,https://labbcat.canterbury.ac.nz/maonze/transcript?ag_id=1202#ew_0_725259,0.16,160,5.075173815,,
5261,oa,g_1384;em_12_118898;n_124394-n_124395;p_262;#=ew_69_248186;prefix=94036-;[0]=ew_0_820440,WU08M,Historical,14.294,14.134,https://labbcat.canterbury.ac.nz/maonze/transcript?ag_id=1384#ew_0_820440,0.16,160,5.075173815,,
5432,oa,g_1644;em_12_133400;n_135603-n_135604;p_288;#=ew_69_196153;prefix=45270-;[0]=ew_0_944282,L2H03M,L2,5.506,5.346,https://labbcat.canterbury.ac.nz/maonze/transcript?ag_id=1644#ew_0_944282,0.16,160,5.075173815,,
5504,oa,g_1673;em_12_135083;n_136853-n_136854;p_302;#=ew_69_198125;prefix=47286-;[0]=ew_0_1276340,L2H04M,L2,30.036,29.876,https://labbcat.canterbury.ac.nz/maonze/transcript?ag_id=1673#ew_0_1276340,0.16,160,5.075173815,,
5643,oa,g_1891;em_12_155583;n_5265923-n_5265937;p_334;#=ew_69_237679;prefix=84094-;[0]=ew_0_1176351,R011M,PresentElder,15.782,15.622,https://labbcat.canterbury.ac.nz/maonze/transcript?ag_id=1891#ew_0_1176351,0.16,160,5.075173815,,
5840,oa,g_311;em_12_30272;n_55014-n_55015;p_81;#=ew_69_187086;prefix=35924-;[0]=ew_0_209459,L1Y03M,L1,13.587,13.427,https://labbcat.canterbury.ac.nz/maonze/transcript?ag_id=311#ew_0_209459,0.16,160,5.075173815,,
6180,oa,g_601;em_12_64124;n_83720-n_83721;p_140;#=ew_69_189962;prefix=38920-;[0]=ew_0_383015,L1Y05M,L1,18.073,17.913,https://labbcat.canterbury.ac.nz/maonze/transcript?ag_id=601#ew_0_383015,0.16,160,5.075173815,,
6231,oa,g_621;em_12_65142;n_84691-n_84692;p_142;#=ew_69_182993;prefix=32259-;[0]=ew_0_394009,L1Y01M,L1,13.526,13.366,https://labbcat.canterbury.ac.nz/maonze/transcript?ag_id=621#ew_0_394009,0.16,160,5.075173815,,
6249,oa,g_629;em_12_65609;n_85108-n_85109;p_143;#=ew_69_202578;prefix=50645-;[0]=ew_0_398352,L2Y02M,L2,22.84,22.68,https://labbcat.canterbury.ac.nz/maonze/transcript?ag_id=629#ew_0_398352,0.16,160,5.075173815,,
6559,oa,g_942;em_12_91430;n_105138-n_105139;p_179;#=ew_69_219369;prefix=66714-;[0]=ew_0_587510,R001M,PresentElder,29.071,28.911,https://labbcat.canterbury.ac.nz/maonze/transcript?ag_id=942#ew_0_587510,0.16,160,5.075173815,,
6573,oa,g_948;em_12_91671;n_105346-n_6521681;p_181;#=ew_69_219867;prefix=67376-;[0]=ew_0_589823,R002M,PresentElder,14.491,14.331,https://labbcat.canterbury.ac.nz/maonze/transcript?ag_id=948#ew_0_589823,0.16,160,5.075173815,,
6672,oa,g_995;em_12_94275;n_107297-n_107298;p_182;#=ew_69_226569;prefix=74056-;[0]=ew_0_614920,R005M,PresentElder,25.669,25.509,https://labbcat.canterbury.ac.nz/maonze/transcript?ag_id=995#ew_0_614920,0.16,160,5.075173815,,
6929,ua,g_1040;em_12_96977;n_109169-n_109170;p_193;#=ew_69_234704;prefix=81918-;[0]=ew_0_641964,R010M,PresentElder,19.098,18.938,https://labbcat.canterbury.ac.nz/maonze/transcript?ag_id=1040#ew_0_641964,0.16,160,5.075173815,,
7181,ua,g_109;em_12_7476;n_37277-n_37278;p_41;#=ew_69_165125;prefix=15148-;[0]=ew_0_75146,K007M,PresentElder,25.187,25.027,https://labbcat.canterbury.ac.nz/maonze/transcript?ag_id=109#ew_0_75146,0.16,160,5.075173815,,
7182,ua,g_109;em_12_7476;n_37277-n_37278;p_41;#=ew_69_165126;prefix=15149-;[0]=ew_0_75147,K007M,PresentElder,25.407,25.247,https://labbcat.canterbury.ac.nz/maonze/transcript?ag_id=109#ew_0_75147,0.16,160,5.075173815,,
7521,ua,g_139;em_12_9661;n_39132-n_39133;p_284;#=ew_69_209902;prefix=57883-;[0]=ew_0_93155,MU01M,Historical,15.98,15.82,https://labbcat.canterbury.ac.nz/maonze/transcript?ag_id=139#ew_0_93155,0.16,160,5.075173815,,
7735,ua,g_1619;em_12_131838;n_134310-n_134311;p_299;#=ew_69_191945;prefix=40727-;[0]=ew_0_933695,L2H01M,L2,29.469,29.309,https://labbcat.canterbury.ac.nz/maonze/transcript?ag_id=1619#ew_0_933695,0.16,160,5.075173815,,
7782,ua,g_1626;em_12_132352;n_26933-n_134695;p_299;#=ew_69_192662;prefix=41477-;[0]=ew_0_937263,L2H01M,L2,10.921,10.761,https://labbcat.canterbury.ac.nz/maonze/transcript?ag_id=1626#ew_0_937263,0.16,160,5.075173815,,
8134,ua,g_1751;em_12_139941;n_28534-n_140614;p_318;#=ew_69_231304;prefix=78108-;[0]=ew_0_1003126,R008M,PresentElder,1.86,1.7,https://labbcat.canterbury.ac.nz/maonze/transcript?ag_id=1751#ew_0_1003126,0.16,160,5.075173815,,
8135,ua,g_1751;em_12_139946;n_140618-n_28535;p_318;#=ew_69_231324;prefix=78120-;[0]=ew_0_1003146,R008M,PresentElder,20.723,20.563,https://labbcat.canterbury.ac.nz/maonze/transcript?ag_id=1751#ew_0_1003146,0.16,160,5.075173815,,
8395,ua,g_1910;em_12_156910;n_5286220-n_5286232;p_333;#=ew_69_240396;prefix=86871-;[0]=ew_0_1192909,R012M,PresentElder,23.109,22.949,https://labbcat.canterbury.ac.nz/maonze/transcript?ag_id=1910#ew_0_1192909,0.16,160,5.075173815,,
9177,ua,g_492;em_12_50704;n_72289-n_72290;p_122;#=ew_69_169750;prefix=19863-;[0]=ew_0_316280,K010M,PresentElder,27.811,27.651,https://labbcat.canterbury.ac.nz/maonze/transcript?ag_id=492#ew_0_316280,0.16,160,5.075173815,,
9304,ua,g_602;em_12_64183;n_83778-n_83779;p_140;#=ew_69_190016;prefix=39096-;[0]=ew_0_383703,L1Y05M,L1,21.953,21.793,https://labbcat.canterbury.ac.nz/maonze/transcript?ag_id=602#ew_0_383703,0.16,160,5.075173815,,
9398,ua,g_614;em_12_64853;n_84417-n_84418;p_142;#=ew_69_181887;prefix=31468-;[0]=ew_0_390697,L1Y01M,L1,22.433,22.273,https://labbcat.canterbury.ac.nz/maonze/transcript?ag_id=614#ew_0_390697,0.16,160,5.075173815,,
9473,ua,g_626;em_12_65332;n_84851-n_84852;p_142;#=ew_69_183642;prefix=32848-;[0]=ew_0_1244819,L1Y01M,L1,7.117,6.957,https://labbcat.canterbury.ac.nz/maonze/transcript?ag_id=626#ew_0_1244819,0.16,160,5.075173815,,
9539,ua,g_633;em_12_66221;n_85672-n_85673;p_143;#=ew_69_202749;prefix=51718-;[0]=ew_0_402488,L2Y02M,L2,32.027,31.867,https://labbcat.canterbury.ac.nz/maonze/transcript?ag_id=633#ew_0_402488,0.16,160,5.075173815,,
9551,ua,g_634;em_12_66329;n_85771-n_85772;p_143;#=ew_69_203903;prefix=51976-;[0]=ew_0_403406,L2Y02M,L2,16.663,16.503,https://labbcat.canterbury.ac.nz/maonze/transcript?ag_id=634#ew_0_403406,0.16,160,5.075173815,,
9596,ua,g_640;em_12_66813;n_86132-n_86133;p_145;#=ew_69_201419;prefix=49632-;[0]=ew_0_407677,L2Y01M,L2,6.748,6.588,https://labbcat.canterbury.ac.nz/maonze/transcript?ag_id=640#ew_0_407677,0.16,160,5.075173815,,
9617,ua,g_642;em_12_66978;n_86232-n_10693;p_145;#=ew_69_201077;prefix=50016-;[0]=ew_0_409309,L2Y01M,L2,10.391,10.231,https://labbcat.canterbury.ac.nz/maonze/transcript?ag_id=642#ew_0_409309,0.16,160,5.075173815,,
9770,ua,g_8;em_12_448;n_31102-n_31103;p_28;#=ew_69_149572;prefix=01025-;[0]=ew_0_4276,K001M,PresentElder,9.254,9.094,https://labbcat.canterbury.ac.nz/maonze/transcript?ag_id=8#ew_0_4276,0.16,160,5.075173815,,
10109,ua,g_898;em_12_88641;n_102876-n_102877;p_174;#=ew_69_178499;prefix=27595-;[0]=ew_0_565542,L1H05M,L1,5.487,5.327,https://labbcat.canterbury.ac.nz/maonze/transcript?ag_id=898#ew_0_565542,0.16,160,5.075173815,,
10340,ua,g_939;em_12_91191;n_104964-n_104965;p_179;#=ew_69_218985;prefix=66215-;[0]=ew_0_585704,R001M,PresentElder,19.592,19.432,https://labbcat.canterbury.ac.nz/maonze/transcript?ag_id=939#ew_0_585704,0.16,160,5.075173815,,
10540,ua,g_971;em_12_92917;n_106293-n_106294;p_184;#=ew_69_223496;prefix=70501-;[0]=ew_0_1280226,R004M,PresentElder,10.934,10.774,https://labbcat.canterbury.ac.nz/maonze/transcript?ag_id=971#ew_0_1280226,0.16,160,5.075173815,,
750,ea,g_1650;em_12_133801;n_27160-n_135917;p_300;#=ew_69_193816;prefix=42603-;[0]=ew_0_947224,L2H02M,L2,5.052,4.892,https://labbcat.canterbury.ac.nz/maonze/transcript?ag_id=1650#ew_0_947224,0.16,160,5.075173815,,
1727,ea,g_485;em_12_49733;n_71552-n_71553;p_121;#=ew_69_168171;prefix=19058-;[0]=ew_0_311893,K009M,PresentElder,7.717,7.557,https://labbcat.canterbury.ac.nz/maonze/transcript?ag_id=485#ew_0_311893,0.16,160,5.075173815,,
3263,ia,g_132;em_12_8921;n_1103-n_38401;p_284;#=ew_69_209120;prefix=56889-;[0]=ew_0_86182,MU01M,Historical,5.14,4.98,https://labbcat.canterbury.ac.nz/maonze/transcript?ag_id=132#ew_0_86182,0.16,160,5.075173815,,
5508,oa,g_1676;em_12_135232;n_136973-n_136974;p_307;#=ew_69_199812;prefix=48499-;[0]=ew_0_1277228,L2H05M,L2,5.031,4.871,https://labbcat.canterbury.ac.nz/maonze/transcript?ag_id=1676#ew_0_1277228,0.16,160,5.075173815,,
6000,oa,g_380;em_12_37927;n_61729-n_7021756;p_94;#=ew_69_214431;prefix=62038-;[0]=ew_0_245097,MU05M,Historical,15.415,15.255,https://labbcat.canterbury.ac.nz/maonze/transcript?ag_id=380#ew_0_245097,0.16,160,5.075173815,,
15,ea,g_1007;em_12_95259;n_108219-n_108220;p_284;#=ew_69_210492;prefix=58163-;[0]=ew_0_623659,MU01M,Historical,95.405,95.245,https://labbcat.canterbury.ac.nz/maonze/transcript?ag_id=1007#ew_0_623659,0.16,160,5.075173815,,
72,ea,g_1023;em_12_171429;n_7051690-n_7051691;p_190;#=ew_69_232813;prefix=79013-;[0]=ew_0_1344327,R009M,PresentElder,217.332,217.172,https://labbcat.canterbury.ac.nz/maonze/transcript?ag_id=1023#ew_0_1344327,0.16,160,5.075173815,,
112,ea,g_1034;em_12_96588;n_108897-n_108898;p_190;#=ew_69_234080;prefix=80683-;[0]=ew_0_637660,R009M,PresentElder,71.535,71.375,https://labbcat.canterbury.ac.nz/maonze/transcript?ag_id=1034#ew_0_637660,0.16,160,5.075173815,,
156,ea,g_1040;em_12_97003;n_109186-n_109187;p_193;#=ew_69_234783;prefix=81995-;[0]=ew_0_642235,R010M,PresentElder,101.645,101.485,https://labbcat.canterbury.ac.nz/maonze/transcript?ag_id=1040#ew_0_642235,0.16,160,5.075173815,,
170,ea,g_1044;em_12_97387;n_17600-n_109328;p_193;#=ew_69_236054;prefix=82464-;[0]=ew_0_645134,R010M,PresentElder,59.787,59.627,https://labbcat.canterbury.ac.nz/maonze/transcript?ag_id=1044#ew_0_645134,0.16,160,5.075173815,,
249,ea,g_1080;em_12_100045;n_111204-n_111205;p_208;#=ew_69_246612;prefix=92381-;[0]=ew_0_664525,WU07M,Historical,204.412,204.252,https://labbcat.canterbury.ac.nz/maonze/transcript?ag_id=1080#ew_0_664525,0.16,160,5.075173815,,
252,ea,g_1082;em_12_151846;n_4699045-n_4699046;p_208;#=ew_69_247120;prefix=92682-;[0]=ew_0_1133997,WU07M,Historical,125.542,125.382,https://labbcat.canterbury.ac.nz/maonze/transcript?ag_id=1082#ew_0_1133997,0.16,160,5.075173815,,
260,ea,g_1086;em_12_100399;n_111500-n_111501;p_208;#=ew_69_247418;prefix=93221-;[0]=ew_0_667794,WU07M,Historical,108.554,108.394,https://labbcat.canterbury.ac.nz/maonze/transcript?ag_id=1086#ew_0_667794,0.16,160,5.075173815,,
272,ea,g_109;em_12_7481;n_37280-n_37281;p_41;#=ew_69_165133;prefix=15156-;[0]=ew_0_75187,K007M,PresentElder,36.69,36.53,https://labbcat.canterbury.ac.nz/maonze/transcript?ag_id=109#ew_0_75187,0.16,160,5.075173815,,
281,ea,g_109;em_12_7537;n_37312-n_37313;p_41;#=ew_69_165287;prefix=15299-;[0]=ew_0_75645,K007M,PresentElder,196.689,196.529,https://labbcat.canterbury.ac.nz/maonze/transcript?ag_id=109#ew_0_75645,0.16,160,5.075173815,,
309,ea,g_116;em_12_8335;n_37893-n_37894;p_43;#=ew_69_211919;prefix=59011-;[0]=ew_0_80764,MU02M,Historical,99.931,99.771,https://labbcat.canterbury.ac.nz/maonze/transcript?ag_id=116#ew_0_80764,0.16,160,5.075173815,,
324,ea,g_12;em_12_907;n_31543-n_31544;p_28;#=ew_69_149494;prefix=00087-;[0]=ew_0_8015,K001M,PresentElder,110.283,110.123,https://labbcat.canterbury.ac.nz/maonze/transcript?ag_id=12#ew_0_8015,0.16,160,5.075173815,,
408,ea,g_1235;em_12_160132;n_5825187-n_5825203;p_249;#=ew_69_180943;prefix=29941-;[0]=ew_0_1228348,L1H06M,L1,213.22,213.06,https://labbcat.canterbury.ac.nz/maonze/transcript?ag_id=1235#ew_0_1228348,0.16,160,5.075173815,,
415,ea,g_1237;em_12_111299;n_21543-n_21544;p_249;#=ew_69_180379;prefix=30103-;[0]=ew_0_743782,L1H06M,L1,185.85,185.69,https://labbcat.canterbury.ac.nz/maonze/transcript?ag_id=1237#ew_0_743782,0.16,160,5.075173815,,
423,ea,g_1239;em_12_111460;n_119214-n_119215;p_249;#=ew_69_180712;prefix=30328-;[0]=ew_0_1225958,L1H06M,L1,226.495,226.335,https://labbcat.canterbury.ac.nz/maonze/transcript?ag_id=1239#ew_0_1225958,0.16,160,5.075173815,,
435,ea,g_1241;em_12_111572;n_21791-n_5827906;p_249;#=ew_69_181060;prefix=30555-;[0]=ew_0_746020,L1H06M,L1,129.615,129.455,https://labbcat.canterbury.ac.nz/maonze/transcript?ag_id=1241#ew_0_746020,0.16,160,5.075173815,,
477,ea,g_1371;em_12_118227;n_123775-n_123776;p_287;#=ew_69_228160;prefix=74914-;[0]=ew_0_813696,R006M,PresentElder,162.368,162.208,https://labbcat.canterbury.ac.nz/maonze/transcript?ag_id=1371#ew_0_813696,0.16,160,5.075173815,,
479,ea,g_1371;em_12_118231;n_123779-n_123780;p_287;#=ew_69_228182;prefix=74936-;[0]=ew_0_813766,R006M,PresentElder,190.065,189.905,https://labbcat.canterbury.ac.nz/maonze/transcript?ag_id=1371#ew_0_813766,0.16,160,5.075173815,,
513,ea,g_139;em_12_150041;n_4017627-n_39149;p_284;#=ew_69_209966;prefix=57911-;[0]=ew_0_1114543,MU01M,Historical,99.441,99.281,https://labbcat.canterbury.ac.nz/maonze/transcript?ag_id=139#ew_0_1114543,0.16,160,5.075173815,,
547,ea,g_1514;em_12_125645;n_129765-n_129766;p_276;#=ew_69_242000;prefix=88249-;[0]=ew_0_882138,WU03M,Historical,145.441,145.281,https://labbcat.canterbury.ac.nz/maonze/transcript?ag_id=1514#ew_0_882138,0.16,160,5.075173815,,
550,ea,g_1518;em_12_125858;n_25262-n_129923;p_287;#=ew_69_227928;prefix=74217-;[0]=ew_0_884046,R006M,PresentElder,194.172,194.012,https://labbcat.canterbury.ac.nz/maonze/transcript?ag_id=1518#ew_0_884046,0.16,160,5.075173815,,
561,ea,g_1522;em_12_126067;n_130108-n_130109;p_287;#=ew_69_228395;prefix=75009-;[0]=ew_0_886215,R006M,PresentElder,53.47,53.31,https://labbcat.canterbury.ac.nz/maonze/transcript?ag_id=1522#ew_0_886215,0.16,160,5.075173815,,
572,ea,g_1523;em_12_126124;n_130156-n_130157;p_287;#=ew_69_228326;prefix=75231-;[0]=ew_0_887074,R006M,PresentElder,180.808,180.648,https://labbcat.canterbury.ac.nz/maonze/transcript?ag_id=1523#ew_0_887074,0.16,160,5.075173815,,
578,ea,g_1524;em_12_126157;n_130186-n_130187;p_287;#=ew_69_228698;prefix=75363-;[0]=ew_0_887573,R006M,PresentElder,128.527,128.367,https://labbcat.canterbury.ac.nz/maonze/transcript?ag_id=1524#ew_0_887573,0.16,160,5.075173815,,
606,ea,g_1528;em_12_126328;n_130341-n_130342;p_287;#=ew_69_229447;prefix=76111-;[0]=ew_0_890203,R006M,PresentElder,192.359,192.199,https://labbcat.canterbury.ac.nz/maonze/transcript?ag_id=1528#ew_0_890203,0.16,160,5.075173815,,
635,ea,g_1549;em_12_127400;n_130897-n_25823;p_293;#=ew_69_216660;prefix=64094-;[0]=ew_0_1267410,MU10M,Historical,32.977,32.817,https://labbcat.canterbury.ac.nz/maonze/transcript?ag_id=1549#ew_0_1267410,0.16,160,5.075173815,,
642,ea,g_16;em_12_1269;n_31896-n_31897;p_19;#=ew_69_152295;prefix=02293-;[0]=ew_0_11079,K002M,PresentElder,214.518,214.358,https://labbcat.canterbury.ac.nz/maonze/transcript?ag_id=16#ew_0_11079,0.16,160,5.075173815,,
703,ea,g_1639;em_12_133141;n_135359-n_135360;p_288;#=ew_69_196792;prefix=44704-;[0]=ew_0_942198,L2H03M,L2,176.487,176.327,https://labbcat.canterbury.ac.nz/maonze/transcript?ag_id=1639#ew_0_942198,0.16,160,5.075173815,,
707,ea,g_1640;em_12_133204;n_135417-n_135418;p_288;#=ew_69_196115;prefix=44817-;[0]=ew_0_942722,L2H03M,L2,183.101,182.941,https://labbcat.canterbury.ac.nz/maonze/transcript?ag_id=1640#ew_0_942722,0.16,160,5.075173815,,
714,ea,g_1642;em_12_133327;n_135536-n_135537;p_288;#=ew_69_196546;prefix=45115-;[0]=ew_0_943705,L2H03M,L2,215.801,215.641,https://labbcat.canterbury.ac.nz/maonze/transcript?ag_id=1642#ew_0_943705,0.16,160,5.075173815,,
720,ea,g_1643;em_12_133376;n_135580-n_135581;p_288;#=ew_69_196348;prefix=45223-;[0]=ew_0_944079,L2H03M,L2,156.607,156.447,https://labbcat.canterbury.ac.nz/maonze/transcript?ag_id=1643#ew_0_944079,0.16,160,5.075173815,,
721,ea,g_1643;em_12_133394;n_135598-n_135599;p_288;#=ew_69_196427;prefix=45261-;[0]=ew_0_944236,L2H03M,L2,223.608,223.448,https://labbcat.canterbury.ac.nz/maonze/transcript?ag_id=1643#ew_0_944236,0.16,160,5.075173815,,
726,ea,g_1646;em_12_133535;n_135720-n_135721;p_300;#=ew_69_194099;prefix=42144-;[0]=ew_0_945339,L2H02M,L2,204.003,203.843,https://labbcat.canterbury.ac.nz/maonze/transcript?ag_id=1646#ew_0_945339,0.16,160,5.075173815,,
746,ea,g_1649;em_12_133781;n_135900-n_135901;p_300;#=ew_69_193639;prefix=42567-;[0]=ew_0_947082,L2H02M,L2,162.927,162.767,https://labbcat.canterbury.ac.nz/maonze/transcript?ag_id=1649#ew_0_947082,0.16,160,5.075173815,,
748,ea,g_1649;em_12_133786;n_135905-n_135906;p_300;#=ew_69_193678;prefix=42582-;[0]=ew_0_947129,L2H02M,L2,183.589,183.429,https://labbcat.canterbury.ac.nz/maonze/transcript?ag_id=1649#ew_0_947129,0.16,160,5.075173815,,
751,ea,g_1650;em_12_133874;n_135970-n_135971;p_300;#=ew_69_194184;prefix=42702-;[0]=ew_0_947622,L2H02M,L2,172.349,172.189,https://labbcat.canterbury.ac.nz/maonze/transcript?ag_id=1650#ew_0_947622,0.16,160,5.075173815,,
763,ea,g_1654;em_12_134207;n_136207-n_136208;p_300;#=ew_69_194579;prefix=43205-;[0]=ew_0_949492,L2H02M,L2,86.503,86.343,https://labbcat.canterbury.ac.nz/maonze/transcript?ag_id=1654#ew_0_949492,0.16,160,5.075173815,,
782,ea,g_1656;em_12_134370;n_136308-n_136309;p_300;#=ew_69_194367;prefix=43447-;[0]=ew_0_950637,L2H02M,L2,129.459,129.299,https://labbcat.canterbury.ac.nz/maonze/transcript?ag_id=1656#ew_0_950637,0.16,160,5.075173815,,
798,ea,g_1660;em_12_134572;n_136444-n_136445;p_302;#=ew_69_197001;prefix=45506-;[0]=ew_0_952352,L2H04M,L2,158.97,158.81,https://labbcat.canterbury.ac.nz/maonze/transcript?ag_id=1660#ew_0_952352,0.16,160,5.075173815,,
812,ea,g_1663;em_12_134705;n_136540-n_136541;p_302;#=ew_69_197419;prefix=45921-;[0]=ew_0_953905,L2H04M,L2,187.752,187.592,https://labbcat.canterbury.ac.nz/maonze/transcript?ag_id=1663#ew_0_953905,0.16,160,5.075173815,,
832,ea,g_1667;em_12_134873;n_27463-n_136686;p_302;#=ew_69_198009;prefix=46458-;[0]=ew_0_955838,L2H04M,L2,130.18,130.02,https://labbcat.canterbury.ac.nz/maonze/transcript?ag_id=1667#ew_0_955838,0.16,160,5.075173815,,
846,ea,g_1669;em_12_134970;n_136773-n_27473;p_302;#=ew_69_198649;prefix=46835-;[0]=ew_0_957162,L2H04M,L2,222.758,222.598,https://labbcat.canterbury.ac.nz/maonze/transcript?ag_id=1669#ew_0_957162,0.16,160,5.075173815,,
855,ea,g_1670;em_12_134996;n_136790-n_136791;p_302;#=ew_69_198208;prefix=46944-;[0]=ew_0_957547,L2H04M,L2,151.129,150.969,https://labbcat.canterbury.ac.nz/maonze/transcript?ag_id=1670#ew_0_957547,0.16,160,5.075173815,,
861,ea,g_1671;em_12_163212;n_6399725-n_6399734;p_302;#=ew_69_198859;prefix=47102-;[0]=ew_0_1276043,L2H04M,L2,192.661,192.501,https://labbcat.canterbury.ac.nz/maonze/transcript?ag_id=1671#ew_0_1276043,0.16,160,5.075173815,,
919,ea,g_1685;em_12_135940;n_137453-n_27763;p_307;#=ew_69_199253;prefix=47534-;[0]=ew_0_964987,L2H05M,L2,218.791,218.631,https://labbcat.canterbury.ac.nz/maonze/transcript?ag_id=1685#ew_0_964987,0.16,160,5.075173815,,
953,ea,g_1840;em_12_148983;n_3847496-n_3847506;p_49;#=ew_69_204612;prefix=52395-;[0]=ew_0_1100774,L2Y03M,L2,196.271,196.111,https://labbcat.canterbury.ac.nz/maonze/transcript?ag_id=1840#ew_0_1100774,0.16,160,5.075173815,,
995,ea,g_1846;em_12_149367;n_3852646-n_3852666;p_49;#=ew_69_205173;prefix=53212-;[0]=ew_0_1105156,L2Y03M,L2,110.545,110.385,https://labbcat.canterbury.ac.nz/maonze/transcript?ag_id=1846#ew_0_1105156,0.16,160,5.075173815,,
1053,ea,g_1885;em_12_155226;n_5260953-n_5260961;p_334;#=ew_69_237405;prefix=83664-;[0]=ew_0_1172076,R011M,PresentElder,131.566,131.406,https://labbcat.canterbury.ac.nz/maonze/transcript?ag_id=1885#ew_0_1172076,0.16,160,5.075173815,,
1063,ea,g_1895;em_12_155836;n_5270502-n_5270525;p_334;#=ew_69_238662;prefix=84327-;[0]=ew_0_1180574,R011M,PresentElder,112.445,112.285,https://labbcat.canterbury.ac.nz/maonze/transcript?ag_id=1895#ew_0_1180574,0.16,160,5.075173815,,
1067,ea,g_1895;em_12_155881;n_5270465-n_5270479;p_334;#=ew_69_238622;prefix=84361-;[0]=ew_0_1180137,R011M,PresentElder,99.381,99.221,https://labbcat.canterbury.ac.nz/maonze/transcript?ag_id=1895#ew_0_1180137,0.16,160,5.075173815,,
1070,ea,g_1896;em_12_155956;n_5271530-n_5271539;p_334;#=ew_69_238370;prefix=84534-;[0]=ew_0_1181465,R011M,PresentElder,82.362,82.202,https://labbcat.canterbury.ac.nz/maonze/transcript?ag_id=1896#ew_0_1181465,0.16,160,5.075173815,,
1077,ea,g_1899;em_12_156169;n_5275869-n_5275889;p_333;#=ew_69_238077;prefix=84993-;[0]=ew_0_1183765,R012M,PresentElder,67.033,66.873,https://labbcat.canterbury.ac.nz/maonze/transcript?ag_id=1899#ew_0_1183765,0.16,160,5.075173815,,
1195,ea,g_1945;em_12_165895;n_6847997-n_6848003;p_28;#=ew_69_151154;prefix=01546-;[0]=ew_0_1297566,K001M,PresentElder,71.968,71.808,https://labbcat.canterbury.ac.nz/maonze/transcript?ag_id=1945#ew_0_1297566,0.16,160,5.075173815,,
1204,ea,g_1946;em_12_166010;n_6849714-n_6849734;p_121;#=ew_69_167775;prefix=17290-;[0]=ew_0_1298304,K009M,PresentElder,185.946,185.786,https://labbcat.canterbury.ac.nz/maonze/transcript?ag_id=1946#ew_0_1298304,0.16,160,5.075173815,,
1225,ea,g_21;em_12_1755;n_32373-n_32374;p_19;#=ew_69_153246;prefix=03943-;[0]=ew_0_15025,K002M,PresentElder,179.484,179.324,https://labbcat.canterbury.ac.nz/maonze/transcript?ag_id=21#ew_0_15025,0.16,160,5.075173815,,
1343,ea,g_315;em_12_30611;n_55256-n_55257;p_89;#=ew_69_187380;prefix=36466-;[0]=ew_0_211721,L1Y04M,L1,145.081,144.921,https://labbcat.canterbury.ac.nz/maonze/transcript?ag_id=315#ew_0_211721,0.16,160,5.075173815,,
1361,ea,g_318;em_12_149601;n_3956210-n_3956212;p_89;#=ew_69_187947;prefix=36892-;[0]=ew_0_1109881,L1Y04M,L1,189.62,189.46,https://labbcat.canterbury.ac.nz/maonze/transcript?ag_id=318#ew_0_1109881,0.16,160,5.075173815,,
1388,ea,g_320;em_12_31489;n_56080-n_3841400;p_89;#=ew_69_188347;prefix=37201-;[0]=ew_0_214802,L1Y04M,L1,247.876,247.716,https://labbcat.canterbury.ac.nz/maonze/transcript?ag_id=320#ew_0_214802,0.16,160,5.075173815,,
1398,ea,g_322;em_12_31806;n_56367-n_3841559;p_89;#=ew_69_189071;prefix=37427-;[0]=ew_0_215727,L1Y04M,L1,68.696,68.536,https://labbcat.canterbury.ac.nz/maonze/transcript?ag_id=322#ew_0_215727,0.16,160,5.075173815,,
1427,ea,g_326;em_12_33006;n_57303-n_57304;p_89;#=ew_69_188657;prefix=38093-;[0]=ew_0_218788,L1Y04M,L1,99.222,99.062,https://labbcat.canterbury.ac.nz/maonze/transcript?ag_id=326#ew_0_218788,0.16,160,5.075173815,,
1470,ea,g_337;em_12_33385;n_57615-n_57616;p_85;#=ew_69_184854;prefix=33952-;[0]=ew_0_222745,L1Y02M,L1,148.196,148.036,https://labbcat.canterbury.ac.nz/maonze/transcript?ag_id=337#ew_0_222745,0.16,160,5.075173815,,
1479,ea,g_340;em_12_33456;n_57674-n_57675;p_85;#=ew_69_185652;prefix=34780-;[0]=ew_0_223691,L1Y02M,L1,38.254,38.094,https://labbcat.canterbury.ac.nz/maonze/transcript?ag_id=340#ew_0_223691,0.16,160,5.075173815,,
1506,ea,g_351;em_12_33871;n_57995-n_7017865;p_87;#=ew_69_211037;prefix=59578-;[0]=ew_0_227972,MU03M,Historical,152.239,152.079,https://labbcat.canterbury.ac.nz/maonze/transcript?ag_id=351#ew_0_227972,0.16,160,5.075173815,,
1520,ea,g_369;em_12_35870;n_59696-n_59697;p_92;#=ew_69_213005;prefix=60610-;[0]=ew_0_238181,MU04M,Historical,80.715,80.555,https://labbcat.canterbury.ac.nz/maonze/transcript?ag_id=369#ew_0_238181,0.16,160,5.075173815,,
1565,ea,g_386;em_12_39229;n_7024850-n_63025;p_95;#=ew_69_215754;prefix=62817-;[0]=ew_0_248885,MU06M,Historical,146.938,146.778,https://labbcat.canterbury.ac.nz/maonze/transcript?ag_id=386#ew_0_248885,0.16,160,5.075173815,,
1586,ea,g_445;em_12_169606;n_6943947-n_6943948;p_110;#=ew_69_155740;prefix=05566-;[0]=ew_0_1325307,K003M,PresentElder,164.685,164.525,https://labbcat.canterbury.ac.nz/maonze/transcript?ag_id=445#ew_0_1325307,0.16,160,5.075173815,,
1673,ea,g_469;em_12_48471;n_70466-n_70467;p_120;#=ew_69_166346;prefix=16388-;[0]=ew_0_302480,K008M,PresentElder,64.732,64.572,https://labbcat.canterbury.ac.nz/maonze/transcript?ag_id=469#ew_0_302480,0.16,160,5.075173815,,
1694,ea,g_476;em_12_49117;n_71038-n_71039;p_121;#=ew_69_167018;prefix=17409-;[0]=ew_0_1257897,K009M,PresentElder,64.068,63.908,https://labbcat.canterbury.ac.nz/maonze/transcript?ag_id=476#ew_0_1257897,0.16,160,5.075173815,,
1703,ea,g_479;em_12_49282;n_71184-n_71185;p_121;#=ew_69_168075;prefix=18057-;[0]=ew_0_308457,K009M,PresentElder,240.754,240.594,https://labbcat.canterbury.ac.nz/maonze/transcript?ag_id=479#ew_0_308457,0.16,160,5.075173815,,
1717,ea,g_482;em_12_49492;n_71360-n_71361;p_121;#=ew_69_169155;prefix=18631-;[0]=ew_0_310271,K009M,PresentElder,225.075,224.915,https://labbcat.canterbury.ac.nz/maonze/transcript?ag_id=482#ew_0_310271,0.16,160,5.075173815,,
1726,ea,g_485;em_12_161841;n_6176310-n_6176313;p_121;#=ew_69_168386;prefix=19192-;[0]=ew_0_1257988,K009M,PresentElder,152.588,152.428,https://labbcat.canterbury.ac.nz/maonze/transcript?ag_id=485#ew_0_1257988,0.16,160,5.075173815,,
1786,ea,g_501;em_12_52119;n_73361-n_4464699;p_97;#=ew_69_214807;prefix=63026-;[0]=ew_0_321675,MU07M,Historical,93.911,93.751,https://labbcat.canterbury.ac.nz/maonze/transcript?ag_id=501#ew_0_321675,0.16,160,5.075173815,,
1799,ea,g_52;em_12_3744;n_34077-n_34078;p_32;#=ew_69_158017;prefix=08121-;[0]=ew_0_34527,K004M,PresentElder,160.472,160.312,https://labbcat.canterbury.ac.nz/maonze/transcript?ag_id=52#ew_0_34527,0.16,160,5.075173815,,
1819,ea,g_54;em_12_161906;n_6213630-n_6213631;p_32;#=ew_69_158249;prefix=08680-;[0]=ew_0_1259505,K004M,PresentElder,147.192,147.032,https://labbcat.canterbury.ac.nz/maonze/transcript?ag_id=54#ew_0_1259505,0.16,160,5.075173815,,
1834,ea,g_55;em_12_161977;n_6214560-n_6214561;p_32;#=ew_69_158780;prefix=08872-;[0]=ew_0_1260296,K004M,PresentElder,178.504,178.344,https://labbcat.canterbury.ac.nz/maonze/transcript?ag_id=55#ew_0_1260296,0.16,160,5.075173815,,
1836,ea,g_55;em_12_161997;n_6214564-n_6214565;p_32;#=ew_69_158828;prefix=08895-;[0]=ew_0_1260308,K004M,PresentElder,200.23,200.07,https://labbcat.canterbury.ac.nz/maonze/transcript?ag_id=55#ew_0_1260308,0.16,160,5.075173815,,
1911,ea,g_608;em_12_64590;n_84165-n_84166;p_140;#=ew_69_190518;prefix=40341-;[0]=ew_0_1249152,L1Y05M,L1,62.175,62.015,https://labbcat.canterbury.ac.nz/maonze/transcript?ag_id=608#ew_0_1249152,0.16,160,5.075173815,,
1926,ea,g_611;em_12_64715;n_84282-n_84283;p_142;#=ew_69_181653;prefix=31109-;[0]=ew_0_389256,L1Y01M,L1,47.474,47.314,https://labbcat.canterbury.ac.nz/maonze/transcript?ag_id=611#ew_0_389256,0.16,160,5.075173815,,
1992,ea,g_626;em_12_65352;n_84871-n_84872;p_142;#=ew_69_183763;prefix=32932-;[0]=ew_0_396579,L1Y01M,L1,109.199,109.039,https://labbcat.canterbury.ac.nz/maonze/transcript?ag_id=626#ew_0_396579,0.16,160,5.075173815,,
2005,ea,g_629;em_12_171100;n_85135-n_7007059;p_143;#=ew_69_202682;prefix=50780-;[0]=ew_0_1339800,L2Y02M,L2,67.198,67.038,https://labbcat.canterbury.ac.nz/maonze/transcript?ag_id=629#ew_0_1339800,0.16,160,5.075173815,,
2060,ea,g_635;em_12_66451;n_85869-n_85870;p_145;#=ew_69_200704;prefix=49015-;[0]=ew_0_404362,L2Y01M,L2,174.388,174.228,https://labbcat.canterbury.ac.nz/maonze/transcript?ag_id=635#ew_0_404362,0.16,160,5.075173815,,
2062,ea,g_636;em_12_66536;n_85929-n_85930;p_145;#=ew_69_201364;prefix=49179-;[0]=ew_0_404993,L2Y01M,L2,110.716,110.556,https://labbcat.canterbury.ac.nz/maonze/transcript?ag_id=636#ew_0_404993,0.16,160,5.075173815,,
2103,ea,g_656;em_12_69167;n_88127-n_88128;p_146;#=ew_69_206710;prefix=54448-;[0]=ew_0_417157,L2Y04M,L2,155.6,155.44,https://labbcat.canterbury.ac.nz/maonze/transcript?ag_id=656#ew_0_417157,0.16,160,5.075173815,,
2130,ea,g_665;em_12_70496;n_89290-n_89291;p_148;#=ew_69_207874;prefix=55599-;[0]=ew_0_422071,L2Y05M,L2,236.337,236.177,https://labbcat.canterbury.ac.nz/maonze/transcript?ag_id=665#ew_0_422071,0.16,160,5.075173815,,
2149,ea,g_669;em_12_70632;n_89414-n_89415;p_148;#=ew_69_208820;prefix=56283-;[0]=ew_0_424375,L2Y05M,L2,130.119,129.959,https://labbcat.canterbury.ac.nz/maonze/transcript?ag_id=669#ew_0_424375,0.16,160,5.075173815,,
2176,ea,g_671;em_12_70695;n_89473-n_89474;p_148;#=ew_69_208666;prefix=56561-;[0]=ew_0_425554,L2Y05M,L2,79.255,79.095,https://labbcat.canterbury.ac.nz/maonze/transcript?ag_id=671#ew_0_425554,0.16,160,5.075173815,,
2212,ea,g_81;em_12_5559;n_35634-n_35635;p_37;#=ew_69_160174;prefix=10643-;[0]=ew_0_55548,K005M,PresentElder,93.312,93.152,https://labbcat.canterbury.ac.nz/maonze/transcript?ag_id=81#ew_0_55548,0.16,160,5.075173815,,
2215,ea,g_82;em_12_5615;n_35674-n_35675;p_37;#=ew_69_160172;prefix=10737-;[0]=ew_0_56199,K005M,PresentElder,156.183,156.023,https://labbcat.canterbury.ac.nz/maonze/transcript?ag_id=82#ew_0_56199,0.16,160,5.075173815,,
2226,ea,g_848;em_12_85394;n_100411-n_100412;p_167;#=ew_69_170866;prefix=20677-;[0]=ew_0_540400,L1H01M,L1,120.057,119.897,https://labbcat.canterbury.ac.nz/maonze/transcript?ag_id=848#ew_0_540400,0.16,160,5.075173815,,
2244,ea,g_851;em_12_85605;n_100617-n_100618;p_167;#=ew_69_171224;prefix=21160-;[0]=ew_0_542290,L1H01M,L1,199.158,198.998,https://labbcat.canterbury.ac.nz/maonze/transcript?ag_id=851#ew_0_542290,0.16,160,5.075173815,,
2247,ea,g_852;em_12_85651;n_100660-n_100661;p_167;#=ew_69_170947;prefix=21236-;[0]=ew_0_542622,L1H01M,L1,100.256,100.096,https://labbcat.canterbury.ac.nz/maonze/transcript?ag_id=852#ew_0_542622,0.16,160,5.075173815,,
2281,ea,g_856;em_12_85942;n_100933-n_100934;p_167;#=ew_69_171900;prefix=21856-;[0]=ew_0_545006,L1H01M,L1,90.868,90.708,https://labbcat.canterbury.ac.nz/maonze/transcript?ag_id=856#ew_0_545006,0.16,160,5.075173815,,
2282,ea,g_856;em_12_85951;n_100938-n_100939;p_167;#=ew_69_171922;prefix=21876-;[0]=ew_0_545078,L1H01M,L1,128.677,128.517,https://labbcat.canterbury.ac.nz/maonze/transcript?ag_id=856#ew_0_545078,0.16,160,5.075173815,,
2294,ea,g_858;em_12_86090;n_101071-n_101072;p_167;#=ew_69_172140;prefix=22153-;[0]=ew_0_546086,L1H01M,L1,70.328,70.168,https://labbcat.canterbury.ac.nz/maonze/transcript?ag_id=858#ew_0_546086,0.16,160,5.075173815,,
2300,ea,g_858;em_12_86148;n_101125-n_101126;p_167;#=ew_69_172365;prefix=22255-;[0]=ew_0_546428,L1H01M,L1,250.543,250.383,https://labbcat.canterbury.ac.nz/maonze/transcript?ag_id=858#ew_0_546428,0.16,160,5.075173815,,
2315,ea,g_863;em_12_86403;n_101308-n_101309;p_168;#=ew_69_172934;prefix=22863-;[0]=ew_0_548504,L1H02M,L1,40.108,39.948,https://labbcat.canterbury.ac.nz/maonze/transcript?ag_id=863#ew_0_548504,0.16,160,5.075173815,,
2329,ea,g_866;em_12_159627;n_5715682-n_5715687;p_168;#=ew_69_173247;prefix=23433-;[0]=ew_0_1221266,L1H02M,L1,128.532,128.372,https://labbcat.canterbury.ac.nz/maonze/transcript?ag_id=866#ew_0_1221266,0.16,160,5.075173815,,
2412,ea,g_893;em_12_88425;n_102689-n_102690;p_174;#=ew_69_179647;prefix=28585-;[0]=ew_0_562949,L1H05M,L1,188.977,188.817,https://labbcat.canterbury.ac.nz/maonze/transcript?ag_id=893#ew_0_562949,0.16,160,5.075173815,,
2422,ea,g_895;em_12_88525;n_102770-n_6970190;p_174;#=ew_69_178166;prefix=28238-;[0]=ew_0_564176,L1H05M,L1,205.746,205.586,https://labbcat.canterbury.ac.nz/maonze/transcript?ag_id=895#ew_0_564176,0.16,160,5.075173815,,
2441,ea,g_897;em_12_88637;n_102873-n_102874;p_174;#=ew_69_178768;prefix=27925-;[0]=ew_0_565483,L1H05M,L1,241.178,241.018,https://labbcat.canterbury.ac.nz/maonze/transcript?ag_id=897#ew_0_565483,0.16,160,5.075173815,,
2466,ea,g_900;em_12_88808;n_103022-n_103023;p_173;#=ew_69_177786;prefix=27180-;[0]=ew_0_566899,L1H04M,L1,230.892,230.732,https://labbcat.canterbury.ac.nz/maonze/transcript?ag_id=900#ew_0_566899,0.16,160,5.075173815,,
2478,ea,g_902;em_12_88904;n_103080-n_103081;p_173;#=ew_69_177456;prefix=26971-;[0]=ew_0_567626,L1H04M,L1,122.076,121.916,https://labbcat.canterbury.ac.nz/maonze/transcript?ag_id=902#ew_0_567626,0.16,160,5.075173815,,
2511,ea,g_913;em_12_89371;n_15644-n_103332;p_173;#=ew_69_176383;prefix=25882-;[0]=ew_0_573190,L1H04M,L1,57.306,57.146,https://labbcat.canterbury.ac.nz/maonze/transcript?ag_id=913#ew_0_573190,0.16,160,5.075173815,,
2554,ea,g_937;em_12_91090;n_104867-n_104868;p_179;#=ew_69_218857;prefix=65983-;[0]=ew_0_584901,R001M,PresentElder,211.488,211.328,https://labbcat.canterbury.ac.nz/maonze/transcript?ag_id=937#ew_0_584901,0.16,160,5.075173815,,
2639,ea,g_955;em_12_92010;n_6536267-n_105631;p_181;#=ew_69_221298;prefix=68281-;[0]=ew_0_594334,R002M,PresentElder,103.157,102.997,https://labbcat.canterbury.ac.nz/maonze/transcript?ag_id=955#ew_0_594334,0.16,160,5.075173815,,
2701,ea,g_971;em_12_92930;n_106306-n_106307;p_184;#=ew_69_223552;prefix=70556-;[0]=ew_0_602469,R004M,PresentElder,73.919,73.759,https://labbcat.canterbury.ac.nz/maonze/transcript?ag_id=971#ew_0_602469,0.16,160,5.075173815,,
2706,ea,g_971;em_12_92959;n_106335-n_106336;p_184;#=ew_69_223636;prefix=70638-;[0]=ew_0_602762,R004M,PresentElder,195.243,195.083,https://labbcat.canterbury.ac.nz/maonze/transcript?ag_id=971#ew_0_602762,0.16,160,5.075173815,,
2722,ea,g_973;em_12_93096;n_106439-n_106440;p_184;#=ew_69_223873;prefix=70904-;[0]=ew_0_603816,R004M,PresentElder,162.454,162.294,https://labbcat.canterbury.ac.nz/maonze/transcript?ag_id=973#ew_0_603816,0.16,160,5.075173815,,
2734,ea,g_975;em_12_93251;n_106547-n_106548;p_184;#=ew_69_224186;prefix=71264-;[0]=ew_0_605012,R004M,PresentElder,163.25,163.09,https://labbcat.canterbury.ac.nz/maonze/transcript?ag_id=975#ew_0_605012,0.16,160,5.075173815,,
2746,ea,g_977;em_12_93437;n_16398-n_106644;p_184;#=ew_69_224763;prefix=71582-;[0]=ew_0_606170,R004M,PresentElder,193.447,193.287,https://labbcat.canterbury.ac.nz/maonze/transcript?ag_id=977#ew_0_606170,0.16,160,5.075173815,,
2761,ea,g_979;em_12_93592;n_106741-n_106742;p_184;#=ew_69_224984;prefix=71904-;[0]=ew_0_607388,R004M,PresentElder,163.638,163.478,https://labbcat.canterbury.ac.nz/maonze/transcript?ag_id=979#ew_0_607388,0.16,160,5.075173815,,
2763,ea,g_98;em_12_162681;n_6281711-n_6281800;p_41;#=ew_69_162557;prefix=12967-;[0]=ew_0_1269054,K007M,PresentElder,200.259,200.099,https://labbcat.canterbury.ac.nz/maonze/transcript?ag_id=98#ew_0_1269054,0.16,160,5.075173815,,
2788,ea,g_982;em_12_93747;n_106853-n_106854;p_184;#=ew_69_225364;prefix=72218-;[0]=ew_0_608740,R004M,PresentElder,136.453,136.293,https://labbcat.canterbury.ac.nz/maonze/transcript?ag_id=982#ew_0_608740,0.16,160,5.075173815,,
2834,ea,g_991;em_12_94116;n_16559-n_7043525;p_182;#=ew_69_226761;prefix=73639-;[0]=ew_0_613006,R005M,PresentElder,172.283,172.123,https://labbcat.canterbury.ac.nz/maonze/transcript?ag_id=991#ew_0_613006,0.16,160,5.075173815,,
2924,ia,g_1026;em_12_96250;n_108669-n_17180;p_190;#=ew_69_232602;prefix=79480-;[0]=ew_0_632896,R009M,PresentElder,187.995,187.835,https://labbcat.canterbury.ac.nz/maonze/transcript?ag_id=1026#ew_0_632896,0.16,160,5.075173815,,
2966,ia,g_1031;em_12_96496;n_108828-n_108829;p_190;#=ew_69_234340;prefix=80339-;[0]=ew_0_636289,R009M,PresentElder,227.846,227.686,https://labbcat.canterbury.ac.nz/maonze/transcript?ag_id=1031#ew_0_636289,0.16,160,5.075173815,,
2981,ia,g_1034;em_12_96595;n_108902-n_108903;p_190;#=ew_69_234174;prefix=80711-;[0]=ew_0_637747,R009M,PresentElder,110.893,110.733,https://labbcat.canterbury.ac.nz/maonze/transcript?ag_id=1034#ew_0_637747,0.16,160,5.075173815,,
3057,ia,g_1072;em_12_99601;n_110815-n_110816;p_206;#=ew_69_245835;prefix=91377-;[0]=ew_0_660422,WU06M,Historical,72.417,72.257,https://labbcat.canterbury.ac.nz/maonze/transcript?ag_id=1072#ew_0_660422,0.16,160,5.075173815,,
3062,ia,g_1073;em_12_99665;n_110878-n_110879;p_206;#=ew_69_245276;prefix=91597-;[0]=ew_0_661183,WU06M,Historical,101.271,101.111,https://labbcat.canterbury.ac.nz/maonze/transcript?ag_id=1073#ew_0_661183,0.16,160,5.075173815,,
3149,ia,g_115;em_12_8268;n_37827-n_37828;p_43;#=ew_69_211242;prefix=59425-;[0]=ew_0_1113411,MU02M,Historical,215.608,215.448,https://labbcat.canterbury.ac.nz/maonze/transcript?ag_id=115#ew_0_1113411,0.16,160,5.075173815,,
3208,ia,g_1201;em_12_108803;n_117606-n_117607;p_244;#=ew_69_243510;prefix=89378-;[0]=ew_0_725125,WU04M,Historical,232.035,231.875,https://labbcat.canterbury.ac.nz/maonze/transcript?ag_id=1201#ew_0_725125,0.16,160,5.075173815,,
3210,ia,g_1202;em_12_108908;n_117710-n_117711;p_244;#=ew_69_242965;prefix=89525-;[0]=ew_0_725644,WU04M,Historical,187.252,187.092,https://labbcat.canterbury.ac.nz/maonze/transcript?ag_id=1202#ew_0_725644,0.16,160,5.075173815,,
3223,ia,g_1206;em_12_109344;n_118140-n_118141;p_244;#=ew_69_244367;prefix=90056-;[0]=ew_0_727953,WU04M,Historical,142.53,142.37,https://labbcat.canterbury.ac.nz/maonze/transcript?ag_id=1206#ew_0_727953,0.16,160,5.075173815,,
3232,ia,g_1209;em_12_109660;n_118445-n_118446;p_244;#=ew_69_244032;prefix=90572-;[0]=ew_0_729799,WU04M,Historical,197.721,197.561,https://labbcat.canterbury.ac.nz/maonze/transcript?ag_id=1209#ew_0_729799,0.16,160,5.075173815,,
3314,ia,g_139;em_12_9677;n_39148-n_4017627;p_284;#=ew_69_209956;prefix=57907-;[0]=ew_0_93289,MU01M,Historical,96.591,96.431,https://labbcat.canterbury.ac.nz/maonze/transcript?ag_id=139#ew_0_93289,0.16,160,5.075173815,,
3379,ia,g_1534;em_12_126638;n_130501-n_25459;p_200;#=ew_69_216124;prefix=63550-;[0]=ew_0_893085,MU08M,Historical,174.25,174.09,https://labbcat.canterbury.ac.nz/maonze/transcript?ag_id=1534#ew_0_893085,0.16,160,5.075173815,,
3436,ia,g_1625;em_12_132315;n_134666-n_134667;p_299;#=ew_69_192471;prefix=41426-;[0]=ew_0_937037,L2H01M,L2,110.199,110.039,https://labbcat.canterbury.ac.nz/maonze/transcript?ag_id=1625#ew_0_937037,0.16,160,5.075173815,,
3440,ia,g_1627;em_12_132480;n_134772-n_134773;p_299;#=ew_69_192733;prefix=41674-;[0]=ew_0_938144,L2H01M,L2,151.481,151.321,https://labbcat.canterbury.ac.nz/maonze/transcript?ag_id=1627#ew_0_938144,0.16,160,5.075173815,,
3499,ia,g_1653;em_12_134159;n_136172-n_136173;p_300;#=ew_69_194903;prefix=43129-;[0]=ew_0_949180,L2H02M,L2,163.365,163.205,https://labbcat.canterbury.ac.nz/maonze/transcript?ag_id=1653#ew_0_949180,0.16,160,5.075173815,,
3583,ia,g_1753;em_12_140139;n_140786-n_140787;p_318;#=ew_69_231717;prefix=78393-;[0]=ew_0_1004186,R008M,PresentElder,191.583,191.423,https://labbcat.canterbury.ac.nz/maonze/transcript?ag_id=1753#ew_0_1004186,0.16,160,5.075173815,,
3603,ia,g_1842;em_12_149120;n_3849285-n_3849303;p_49;#=ew_69_204771;prefix=52640-;[0]=ew_0_1102297,L2Y03M,L2,124.206,124.046,https://labbcat.canterbury.ac.nz/maonze/transcript?ag_id=1842#ew_0_1102297,0.16,160,5.075173815,,
3661,ia,g_1889;em_12_155442;n_5264595-n_5264611;p_334;#=ew_69_237614;prefix=83992-;[0]=ew_0_1175736,R011M,PresentElder,56.866,56.706,https://labbcat.canterbury.ac.nz/maonze/transcript?ag_id=1889#ew_0_1175736,0.16,160,5.075173815,,
3669,ia,g_1895;em_12_155814;n_5270691-n_5270703;p_334;#=ew_69_238740;prefix=84424-;[0]=ew_0_1180707,R011M,PresentElder,161.677,161.517,https://labbcat.canterbury.ac.nz/maonze/transcript?ag_id=1895#ew_0_1180707,0.16,160,5.075173815,,
3698,ia,g_1902;em_12_156401;n_5279318-n_5279338;p_333;#=ew_69_239544;prefix=85400-;[0]=ew_0_1186577,R012M,PresentElder,212.127,211.967,https://labbcat.canterbury.ac.nz/maonze/transcript?ag_id=1902#ew_0_1186577,0.16,160,5.075173815,,
3700,ia,g_1902;em_12_156450;n_5279413-n_5279419;p_333;#=ew_69_239627;prefix=85385-;[0]=ew_0_1186199,R012M,PresentElder,238.158,237.998,https://labbcat.canterbury.ac.nz/maonze/transcript?ag_id=1902#ew_0_1186199,0.16,160,5.075173815,,
3759,ia,g_1922;em_12_162566;n_6278927-n_6278935;p_337;#=ew_69_216945;prefix=64264-;[0]=ew_0_1267751,MU11M,Historical,194.132,193.972,https://labbcat.canterbury.ac.nz/maonze/transcript?ag_id=1922#ew_0_1267751,0.16,160,5.075173815,,
3781,ia,g_1944;em_12_165734;n_6847297-n_6847305;p_28;#=ew_69_150314;prefix=01440-;[0]=ew_0_1296509,K001M,PresentElder,199.811,199.651,https://labbcat.canterbury.ac.nz/maonze/transcript?ag_id=1944#ew_0_1296509,0.16,160,5.075173815,,
3786,ia,g_1944;em_12_165787;n_6846764-n_6846775;p_28;#=ew_69_150063;prefix=01314-;[0]=ew_0_1296944,K001M,PresentElder,38.385,38.225,https://labbcat.canterbury.ac.nz/maonze/transcript?ag_id=1944#ew_0_1296944,0.16,160,5.075173815,,
3788,ia,g_1945;em_12_165850;n_6848403-n_6848412;p_28;#=ew_69_151251;prefix=01635-;[0]=ew_0_1297552,K001M,PresentElder,174.164,174.004,https://labbcat.canterbury.ac.nz/maonze/transcript?ag_id=1945#ew_0_1297552,0.16,160,5.075173815,,
3854,ia,g_306;em_12_160908;n_6000425-n_6000431;p_81;#=ew_69_186262;prefix=35313-;[0]=ew_0_1240629,L1Y03M,L1,161.664,161.504,https://labbcat.canterbury.ac.nz/maonze/transcript?ag_id=306#ew_0_1240629,0.16,160,5.075173815,,
3864,ia,g_308;em_12_160680;n_5999939-n_5999948;p_81;#=ew_69_186271;prefix=35733-;[0]=ew_0_1239704,L1Y03M,L1,241.04,240.88,https://labbcat.canterbury.ac.nz/maonze/transcript?ag_id=308#ew_0_1239704,0.16,160,5.075173815,,
3902,ia,g_325;em_12_32752;n_57114-n_57115;p_89;#=ew_69_188569;prefix=37932-;[0]=ew_0_218035,L1Y04M,L1,93.22,93.06,https://labbcat.canterbury.ac.nz/maonze/transcript?ag_id=325#ew_0_218035,0.16,160,5.075173815,,
3924,ia,g_335;em_12_33316;n_57555-n_7087889;p_85;#=ew_69_185575;prefix=34644-;[0]=ew_0_221808,L1Y02M,L1,90.41,90.25,https://labbcat.canterbury.ac.nz/maonze/transcript?ag_id=335#ew_0_221808,0.16,160,5.075173815,,
3941,ia,g_349;em_12_33756;n_57882-n_57883;p_87;#=ew_69_211330;prefix=59815-;[0]=ew_0_1113154,MU03M,Historical,91.194,91.034,https://labbcat.canterbury.ac.nz/maonze/transcript?ag_id=349#ew_0_1113154,0.16,160,5.075173815,,
3951,ia,g_365;em_12_150196;n_59120-n_4458894;p_92;#=ew_69_212843;prefix=60013-;[0]=ew_0_1118344,MU04M,Historical,137.927,137.767,https://labbcat.canterbury.ac.nz/maonze/transcript?ag_id=365#ew_0_1118344,0.16,160,5.075173815,,
4013,ia,g_385;em_12_38942;n_62738-n_62739;p_95;#=ew_69_215142;prefix=62548-;[0]=ew_0_1121975,MU06M,Historical,101.911,101.751,https://labbcat.canterbury.ac.nz/maonze/transcript?ag_id=385#ew_0_1121975,0.16,160,5.075173815,,
4063,ia,g_448;em_12_161467;n_6125877-n_6125879;p_110;#=ew_69_155182;prefix=06393-;[0]=ew_0_1252141,K003M,PresentElder,177.783,177.623,https://labbcat.canterbury.ac.nz/maonze/transcript?ag_id=448#ew_0_1252141,0.16,160,5.075173815,,
4197,ia,g_491;em_12_50653;n_72251-n_72252;p_122;#=ew_69_169833;prefix=19839-;[0]=ew_0_316048,K010M,PresentElder,249.511,249.351,https://labbcat.canterbury.ac.nz/maonze/transcript?ag_id=491#ew_0_316048,0.16,160,5.075173815,,
4224,ia,g_5;em_12_203;n_30866-n_30867;p_28;#=ew_69_150994;prefix=01856-;[0]=ew_0_2379,K001M,PresentElder,213.749,213.589,https://labbcat.canterbury.ac.nz/maonze/transcript?ag_id=5#ew_0_2379,0.16,160,5.075173815,,
4242,ia,g_55;em_12_161976;n_6214562-n_6214563;p_32;#=ew_69_158813;prefix=08888-;[0]=ew_0_1260547,K004M,PresentElder,187.69,187.53,https://labbcat.canterbury.ac.nz/maonze/transcript?ag_id=55#ew_0_1260547,0.16,160,5.075173815,,
4338,ia,g_616;em_12_64975;n_84535-n_84536;p_142;#=ew_69_182435;prefix=31758-;[0]=ew_0_391912,L1Y01M,L1,134.091,133.931,https://labbcat.canterbury.ac.nz/maonze/transcript?ag_id=616#ew_0_391912,0.16,160,5.075173815,,
4340,ia,g_617;em_12_64993;n_84552-n_84553;p_142;#=ew_69_182840;prefix=31813-;[0]=ew_0_1246163,L1Y01M,L1,35.031,34.871,https://labbcat.canterbury.ac.nz/maonze/transcript?ag_id=617#ew_0_1246163,0.16,160,5.075173815,,
4350,ia,g_622;em_12_65187;n_84733-n_84734;p_142;#=ew_69_183083;prefix=32395-;[0]=ew_0_394536,L1Y01M,L1,38.302,38.142,https://labbcat.canterbury.ac.nz/maonze/transcript?ag_id=622#ew_0_394536,0.16,160,5.075173815,,
4351,ia,g_623;em_12_65238;n_84781-n_84782;p_142;#=ew_69_183533;prefix=32481-;[0]=ew_0_395165,L1Y01M,L1,98.259,98.099,https://labbcat.canterbury.ac.nz/maonze/transcript?ag_id=623#ew_0_395165,0.16,160,5.075173815,,
4357,ia,g_625;em_12_65320;n_84840-n_84841;p_142;#=ew_69_183310;prefix=32814-;[0]=ew_0_396179,L1Y01M,L1,140.249,140.089,https://labbcat.canterbury.ac.nz/maonze/transcript?ag_id=625#ew_0_396179,0.16,160,5.075173815,,
4397,ia,g_637;em_12_66667;n_10600-n_86016;p_145;#=ew_69_201138;prefix=49410-;[0]=ew_0_406014,L2Y01M,L2,239.019,238.859,https://labbcat.canterbury.ac.nz/maonze/transcript?ag_id=637#ew_0_406014,0.16,160,5.075173815,,
4501,ia,g_85;em_12_160523;n_5958034-n_5957942;p_37;#=ew_69_161407;prefix=11331-;[0]=ew_0_1236374,K005M,PresentElder,213.088,212.928,https://labbcat.canterbury.ac.nz/maonze/transcript?ag_id=85#ew_0_1236374,0.16,160,5.075173815,,
4550,ia,g_864;em_12_86500;n_101377-n_101378;p_168;#=ew_69_173699;prefix=23049-;[0]=ew_0_549313,L1H02M,L1,91.253,91.093,https://labbcat.canterbury.ac.nz/maonze/transcript?ag_id=864#ew_0_549313,0.16,160,5.075173815,,
4552,ia,g_864;em_12_86501;n_101378-n_101379;p_168;#=ew_69_173704;prefix=23054-;[0]=ew_0_549318,L1H02M,L1,93.443,93.283,https://labbcat.canterbury.ac.nz/maonze/transcript?ag_id=864#ew_0_549318,0.16,160,5.075173815,,
4553,ia,g_864;em_12_86535;n_101402-n_101403;p_168;#=ew_69_173779;prefix=23092-;[0]=ew_0_549578,L1H02M,L1,195.771,195.611,https://labbcat.canterbury.ac.nz/maonze/transcript?ag_id=864#ew_0_549578,0.16,160,5.075173815,,
4563,ia,g_865;em_12_86584;n_101444-n_101445;p_168;#=ew_69_173546;prefix=23265-;[0]=ew_0_550004,L1H02M,L1,119.083,118.923,https://labbcat.canterbury.ac.nz/maonze/transcript?ag_id=865#ew_0_550004,0.16,160,5.075173815,,
4662,ia,g_903;em_12_159857;n_5773367-n_5773378;p_174;#=ew_69_177928;prefix=27412-;[0]=ew_0_1223939,L1H05M,L1,161.678,161.518,https://labbcat.canterbury.ac.nz/maonze/transcript?ag_id=903#ew_0_1223939,0.16,160,5.075173815,,
4685,ia,g_911;em_12_89314;n_103309-n_103310;p_173;#=ew_69_176728;prefix=26139-;[0]=ew_0_572394,L1H04M,L1,179.284,179.124,https://labbcat.canterbury.ac.nz/maonze/transcript?ag_id=911#ew_0_572394,0.16,160,5.075173815,,
4705,ia,g_927;em_12_90352;n_104171-n_104172;p_179;#=ew_69_217320;prefix=64767-;[0]=ew_0_580593,R001M,PresentElder,194.898,194.738,https://labbcat.canterbury.ac.nz/maonze/transcript?ag_id=927#ew_0_580593,0.16,160,5.075173815,,
4729,ia,g_935;em_12_90881;n_104679-n_104680;p_179;#=ew_69_218479;prefix=65557-;[0]=ew_0_583453,R001M,PresentElder,140.946,140.786,https://labbcat.canterbury.ac.nz/maonze/transcript?ag_id=935#ew_0_583453,0.16,160,5.075173815,,
4745,ia,g_938;em_12_91161;n_104935-n_104936;p_179;#=ew_69_218905;prefix=66138-;[0]=ew_0_585447,R001M,PresentElder,169.701,169.541,https://labbcat.canterbury.ac.nz/maonze/transcript?ag_id=938#ew_0_585447,0.16,160,5.075173815,,
4839,ia,g_971;em_12_92957;n_106333-n_106334;p_184;#=ew_69_223634;prefix=70636-;[0]=ew_0_602754,R004M,PresentElder,190.224,190.064,https://labbcat.canterbury.ac.nz/maonze/transcript?ag_id=971#ew_0_602754,0.16,160,5.075173815,,
4856,ia,g_978;em_12_93525;n_106700-n_106701;p_184;#=ew_69_225146;prefix=71763-;[0]=ew_0_606757,R004M,PresentElder,171.198,171.038,https://labbcat.canterbury.ac.nz/maonze/transcript?ag_id=978#ew_0_606757,0.16,160,5.075173815,,
4922,ia,g_991;em_12_94127;n_107172-n_107173;p_182;#=ew_69_226896;prefix=73691-;[0]=ew_0_613146,R005M,PresentElder,246.881,246.721,https://labbcat.canterbury.ac.nz/maonze/transcript?ag_id=991#ew_0_613146,0.16,160,5.075173815,,
4975,oa,g_1022;em_12_96066;n_108539-n_108540;p_190;#=ew_69_232230;prefix=78817-;[0]=ew_0_630060,R009M,PresentElder,73.973,73.813,https://labbcat.canterbury.ac.nz/maonze/transcript?ag_id=1022#ew_0_630060,0.16,160,5.075173815,,
5010,oa,g_103;em_12_162937;n_6285841-n_6285845;p_41;#=ew_69_164320;prefix=14100-;[0]=ew_0_1271788,K007M,PresentElder,38.061,37.901,https://labbcat.canterbury.ac.nz/maonze/transcript?ag_id=103#ew_0_1271788,0.16,160,5.075173815,,
5033,oa,g_1036;em_12_96677;n_108967-n_108968;p_193;#=ew_69_234968;prefix=81166-;[0]=ew_0_639115,R010M,PresentElder,110.557,110.397,https://labbcat.canterbury.ac.nz/maonze/transcript?ag_id=1036#ew_0_639115,0.16,160,5.075173815,,
5066,oa,g_1048;em_12_97573;n_4016235-n_109479;p_193;#=ew_69_236744;prefix=83083-;[0]=ew_0_647393,R010M,PresentElder,127.476,127.316,https://labbcat.canterbury.ac.nz/maonze/transcript?ag_id=1048#ew_0_647393,0.16,160,5.075173815,,
5078,oa,g_107;em_12_163100;n_6288664-n_6288567;p_41;#=ew_69_164519;prefix=14703-;[0]=ew_0_1274608,K007M,PresentElder,253.969,253.809,https://labbcat.canterbury.ac.nz/maonze/transcript?ag_id=107#ew_0_1274608,0.16,160,5.075173815,,
5087,oa,g_1072;em_12_99627;n_110841-n_110842;p_206;#=ew_69_246108;prefix=91474-;[0]=ew_0_660773,WU06M,Historical,191.267,191.107,https://labbcat.canterbury.ac.nz/maonze/transcript?ag_id=1072#ew_0_660773,0.16,160,5.075173815,,
5096,oa,g_1076;em_12_99832;n_111025-n_111026;p_208;#=ew_69_246325;prefix=91988-;[0]=ew_0_662808,WU07M,Historical,172.869,172.709,https://labbcat.canterbury.ac.nz/maonze/transcript?ag_id=1076#ew_0_662808,0.16,160,5.075173815,,
5109,oa,g_1080;em_12_100049;n_111208-n_111209;p_208;#=ew_69_246622;prefix=92390-;[0]=ew_0_664561,WU07M,Historical,217.883,217.723,https://labbcat.canterbury.ac.nz/maonze/transcript?ag_id=1080#ew_0_664561,0.16,160,5.075173815,,
5119,oa,g_1085;em_12_100328;n_111431-n_111432;p_208;#=ew_69_246689;prefix=93061-;[0]=ew_0_667109,WU07M,Historical,95.633,95.473,https://labbcat.canterbury.ac.nz/maonze/transcript?ag_id=1085#ew_0_667109,0.16,160,5.075173815,,
5126,oa,g_1086;em_12_100394;n_111495-n_111496;p_208;#=ew_69_247409;prefix=93213-;[0]=ew_0_667764,WU07M,Historical,93.435,93.275,https://labbcat.canterbury.ac.nz/maonze/transcript?ag_id=1086#ew_0_667764,0.16,160,5.075173815,,
5161,oa,g_117;em_12_8512;n_38069-n_38070;p_43;#=ew_69_211633;prefix=58745-;[0]=ew_0_82624,MU02M,Historical,204.381,204.221,https://labbcat.canterbury.ac.nz/maonze/transcript?ag_id=117#ew_0_82624,0.16,160,5.075173815,,
5210,oa,g_1231;em_12_110884;n_21164-n_21165;p_249;#=ew_69_180274;prefix=29592-;[0]=ew_0_740476,L1H06M,L1,218.117,217.957,https://labbcat.canterbury.ac.nz/maonze/transcript?ag_id=1231#ew_0_740476,0.16,160,5.075173815,,
5212,oa,g_1233;em_12_160008;n_5824656-n_21288;p_249;#=ew_69_180794;prefix=29801-;[0]=ew_0_1228247,L1H06M,L1,157.197,157.037,https://labbcat.canterbury.ac.nz/maonze/transcript?ag_id=1233#ew_0_1228247,0.16,160,5.075173815,,
5237,oa,g_132;em_12_8955;n_38434-n_38435;p_284;#=ew_69_209227;prefix=56990-;[0]=ew_0_86562,MU01M,Historical,188.495,188.335,https://labbcat.canterbury.ac.nz/maonze/transcript?ag_id=132#ew_0_86562,0.16,160,5.075173815,,
5294,oa,g_1396;em_12_119307;n_124762-n_124763;p_262;#=ew_69_249839;prefix=95596-;[0]=ew_0_826378,WU08M,Historical,67.616,67.456,https://labbcat.canterbury.ac.nz/maonze/transcript?ag_id=1396#ew_0_826378,0.16,160,5.075173815,,
5431,oa,g_1643;em_12_133377;n_135581-n_135582;p_288;#=ew_69_196352;prefix=45225-;[0]=ew_0_944089,L2H03M,L2,160.381,160.221,https://labbcat.canterbury.ac.nz/maonze/transcript?ag_id=1643#ew_0_944089,0.16,160,5.075173815,,
5435,oa,g_1644;em_12_133432;n_135633-n_135634;p_288;#=ew_69_196265;prefix=45338-;[0]=ew_0_944594,L2H03M,L2,153.082,152.922,https://labbcat.canterbury.ac.nz/maonze/transcript?ag_id=1644#ew_0_944594,0.16,160,5.075173815,,
5474,oa,g_1658;em_12_134467;n_136388-n_136389;p_300;#=ew_69_195075;prefix=43643-;[0]=ew_0_951460,L2H02M,L2,69.622,69.462,https://labbcat.canterbury.ac.nz/maonze/transcript?ag_id=1658#ew_0_951460,0.16,160,5.075173815,,
5476,oa,g_1658;em_12_134512;n_136407-n_136408;p_300;#=ew_69_195154;prefix=43720-;[0]=ew_0_951756,L2H02M,L2,207.96,207.8,https://labbcat.canterbury.ac.nz/maonze/transcript?ag_id=1658#ew_0_951756,0.16,160,5.075173815,,
5580,oa,g_1842;em_12_149116;n_3849246-n_3849254;p_49;#=ew_69_204739;prefix=52630-;[0]=ew_0_1102259,L2Y03M,L2,107.773,107.613,https://labbcat.canterbury.ac.nz/maonze/transcript?ag_id=1842#ew_0_1102259,0.16,160,5.075173815,,
5687,oa,g_1902;em_12_156395;n_5279338-n_5279359;p_333;#=ew_69_239561;prefix=85406-;[0]=ew_0_1186421,R012M,PresentElder,216.251,216.091,https://labbcat.canterbury.ac.nz/maonze/transcript?ag_id=1902#ew_0_1186421,0.16,160,5.075173815,,
5698,oa,g_1903;em_12_156510;n_5280005-n_5280017;p_333;#=ew_69_240001;prefix=85594-;[0]=ew_0_1186740,R012M,PresentElder,177.21,177.05,https://labbcat.canterbury.ac.nz/maonze/transcript?ag_id=1903#ew_0_1186740,0.16,160,5.075173815,,
5700,oa,g_1904;em_12_156520;n_5280702-n_5280726;p_333;#=ew_69_239641;prefix=85828-;[0]=ew_0_1187590,R012M,PresentElder,115.979,115.819,https://labbcat.canterbury.ac.nz/maonze/transcript?ag_id=1904#ew_0_1187590,0.16,160,5.075173815,,
5718,oa,g_1908;em_12_156797;n_5284356-n_5284370;p_333;#=ew_69_241007;prefix=86478-;[0]=ew_0_1190854,R012M,PresentElder,119.753,119.593,https://labbcat.canterbury.ac.nz/maonze/transcript?ag_id=1908#ew_0_1190854,0.16,160,5.075173815,,
5749,oa,g_1913;em_12_157143;n_5290230-n_5290252;p_333;#=ew_69_240302;prefix=87349-;[0]=ew_0_1195647,R012M,PresentElder,253.488,253.328,https://labbcat.canterbury.ac.nz/maonze/transcript?ag_id=1913#ew_0_1195647,0.16,160,5.075173815,,
5766,oa,g_1941;em_12_165510;n_6840973-n_6840979;p_112;#=ew_69_161939;prefix=12029-;[0]=ew_0_1294154,K006M,PresentElder,238.001,237.841,https://labbcat.canterbury.ac.nz/maonze/transcript?ag_id=1941#ew_0_1294154,0.16,160,5.075173815,,
5778,oa,g_1943;em_12_165712;n_6845913-n_6845927;p_19;#=ew_69_151866;prefix=02598-;[0]=ew_0_1296092,K002M,PresentElder,82.574,82.414,https://labbcat.canterbury.ac.nz/maonze/transcript?ag_id=1943#ew_0_1296092,0.16,160,5.075173815,,
5820,oa,g_305;em_12_162429;n_6240928-n_6240931;p_81;#=ew_69_186580;prefix=35047-;[0]=ew_0_1265886,L1Y03M,L1,67.651,67.491,https://labbcat.canterbury.ac.nz/maonze/transcript?ag_id=305#ew_0_1265886,0.16,160,5.075173815,,
5909,oa,g_331;em_12_33248;n_57512-n_57513;p_85;#=ew_69_184248;prefix=33390-;[0]=ew_0_220990,L1Y02M,L1,143.976,143.816,https://labbcat.canterbury.ac.nz/maonze/transcript?ag_id=331#ew_0_220990,0.16,160,5.075173815,,
5931,oa,g_348;em_12_33720;n_57847-n_57848;p_87;#=ew_69_211100;prefix=59754-;[0]=ew_0_226920,MU03M,Historical,77.006,76.846,https://labbcat.canterbury.ac.nz/maonze/transcript?ag_id=348#ew_0_226920,0.16,160,5.075173815,,
5944,oa,g_367;em_12_35550;n_59352-n_59380;p_92;#=ew_69_212408;prefix=60261-;[0]=ew_0_1123613,MU04M,Historical,80.993,80.833,https://labbcat.canterbury.ac.nz/maonze/transcript?ag_id=367#ew_0_1123613,0.16,160,5.075173815,,
5974,oa,g_372;em_12_36324;n_4458789-n_4458792;p_92;#=ew_69_213673;prefix=61178-;[0]=ew_0_240821,MU04M,Historical,138.948,138.788,https://labbcat.canterbury.ac.nz/maonze/transcript?ag_id=372#ew_0_240821,0.16,160,5.075173815,,
6006,oa,g_383;em_12_38612;n_62410-n_62411;p_95;#=ew_69_215161;prefix=62287-;[0]=ew_0_246752,MU06M,Historical,245.638,245.478,https://labbcat.canterbury.ac.nz/maonze/transcript?ag_id=383#ew_0_246752,0.16,160,5.075173815,,
6017,oa,g_41;em_12_3321;n_33676-n_33677;p_276;#=ew_69_242496;prefix=88536-;[0]=ew_0_1131208,WU03M,Historical,218.477,218.317,https://labbcat.canterbury.ac.nz/maonze/transcript?ag_id=41#ew_0_1131208,0.16,160,5.075173815,,
6028,oa,g_447;em_12_169706;n_6945264-n_6945265;p_110;#=ew_69_155859;prefix=06148-;[0]=ew_0_1326460,K003M,PresentElder,190.483,190.323,https://labbcat.canterbury.ac.nz/maonze/transcript?ag_id=447#ew_0_1326460,0.16,160,5.075173815,,
6049,oa,g_453;em_12_161326;n_6124097-n_6124102;p_110;#=ew_69_157019;prefix=07467-;[0]=ew_0_1254138,K003M,PresentElder,153.272,153.112,https://labbcat.canterbury.ac.nz/maonze/transcript?ag_id=453#ew_0_1254138,0.16,160,5.075173815,,
6069,oa,g_473;em_12_148421;n_3622218-n_70845;p_120;#=ew_69_165353;prefix=15431-;[0]=ew_0_304120,K008M,PresentElder,121.198,121.038,https://labbcat.canterbury.ac.nz/maonze/transcript?ag_id=473#ew_0_304120,0.16,160,5.075173815,,
6077,oa,g_476;em_12_161891;n_6176237-n_6176240;p_121;#=ew_69_167137;prefix=17555-;[0]=ew_0_1258634,K009M,PresentElder,159.6,159.44,https://labbcat.canterbury.ac.nz/maonze/transcript?ag_id=476#ew_0_1258634,0.16,160,5.075173815,,
6136,oa,g_51;em_12_3708;n_34042-n_34043;p_32;#=ew_69_157448;prefix=07919-;[0]=ew_0_33887,K004M,PresentElder,162.679,162.519,https://labbcat.canterbury.ac.nz/maonze/transcript?ag_id=51#ew_0_33887,0.16,160,5.075173815,,
6160,oa,g_58;em_12_162185;n_6217229-n_6217245;p_32;#=ew_69_159662;prefix=09527-;[0]=ew_0_1262946,K004M,PresentElder,80.664,80.504,https://labbcat.canterbury.ac.nz/maonze/transcript?ag_id=58#ew_0_1262946,0.16,160,5.075173815,,
6183,oa,g_602;em_12_64197;n_83792-n_83793;p_140;#=ew_69_190091;prefix=39133-;[0]=ew_0_383834,L1Y05M,L1,86.393,86.233,https://labbcat.canterbury.ac.nz/maonze/transcript?ag_id=602#ew_0_383834,0.16,160,5.075173815,,
6191,oa,g_605;em_12_64371;n_83963-n_83964;p_140;#=ew_69_190876;prefix=39820-;[0]=ew_0_386035,L1Y05M,L1,60.162,60.002,https://labbcat.canterbury.ac.nz/maonze/transcript?ag_id=605#ew_0_386035,0.16,160,5.075173815,,
6238,oa,g_625;em_12_65310;n_84830-n_84831;p_142;#=ew_69_183230;prefix=32779-;[0]=ew_0_396059,L1Y01M,L1,97.322,97.162,https://labbcat.canterbury.ac.nz/maonze/transcript?ag_id=625#ew_0_396059,0.16,160,5.075173815,,
6306,oa,g_650;em_12_67684;n_10792-n_86836;p_146;#=ew_69_206241;prefix=53842-;[0]=ew_0_413771,L2Y04M,L2,108.97,108.81,https://labbcat.canterbury.ac.nz/maonze/transcript?ag_id=650#ew_0_413771,0.16,160,5.075173815,,
6424,oa,g_871;em_12_87091;n_101775-n_101776;p_168;#=ew_69_173864;prefix=24235-;[0]=ew_0_553806,L1H02M,L1,44.439,44.279,https://labbcat.canterbury.ac.nz/maonze/transcript?ag_id=871#ew_0_553806,0.16,160,5.075173815,,
6487,oa,g_900;em_12_88795;n_103009-n_103010;p_173;#=ew_69_177763;prefix=27158-;[0]=ew_0_566805,L1H04M,L1,185.392,185.232,https://labbcat.canterbury.ac.nz/maonze/transcript?ag_id=900#ew_0_566805,0.16,160,5.075173815,,
6500,oa,g_906;em_12_159823;n_5747870-n_5747876;p_173;#=ew_69_176905;prefix=26720-;[0]=ew_0_1223593,L1H04M,L1,80.274,80.114,https://labbcat.canterbury.ac.nz/maonze/transcript?ag_id=906#ew_0_1223593,0.16,160,5.075173815,,
6534,oa,g_929;em_12_90570;n_104387-n_104388;p_179;#=ew_69_217024;prefix=65169-;[0]=ew_0_581883,R001M,PresentElder,150.657,150.497,https://labbcat.canterbury.ac.nz/maonze/transcript?ag_id=929#ew_0_581883,0.16,160,5.075173815,,
6549,oa,g_940;em_12_91322;n_105062-n_105063;p_179;#=ew_69_219296;prefix=66492-;[0]=ew_0_586717,R001M,PresentElder,172.417,172.257,https://labbcat.canterbury.ac.nz/maonze/transcript?ag_id=940#ew_0_586717,0.16,160,5.075173815,,
6565,oa,g_947;em_12_91657;n_105334-n_105335;p_181;#=ew_69_220820;prefix=67334-;[0]=ew_0_589644,R002M,PresentElder,223.677,223.517,https://labbcat.canterbury.ac.nz/maonze/transcript?ag_id=947#ew_0_589644,0.16,160,5.075173815,,
6610,oa,g_970;em_12_92903;n_106280-n_106281;p_184;#=ew_69_223452;prefix=70463-;[0]=ew_0_602229,R004M,PresentElder,210.472,210.312,https://labbcat.canterbury.ac.nz/maonze/transcript?ag_id=970#ew_0_602229,0.16,160,5.075173815,,
6611,oa,g_971;em_12_163495;n_6582828-n_6582833;p_184;#=ew_69_223648;prefix=70650-;[0]=ew_0_1280017,R004M,PresentElder,217.007,216.847,https://labbcat.canterbury.ac.nz/maonze/transcript?ag_id=971#ew_0_1280017,0.16,160,5.075173815,,
6635,oa,g_977;em_12_93393;n_16376-n_106622;p_184;#=ew_69_224564;prefix=71523-;[0]=ew_0_605894,R004M,PresentElder,74.716,74.556,https://labbcat.canterbury.ac.nz/maonze/transcript?ag_id=977#ew_0_605894,0.16,160,5.075173815,,
6644,oa,g_978;em_12_93536;n_106707-n_16434;p_184;#=ew_69_225170;prefix=71784-;[0]=ew_0_606818,R004M,PresentElder,193.999,193.839,https://labbcat.canterbury.ac.nz/maonze/transcript?ag_id=978#ew_0_606818,0.16,160,5.075173815,,
6648,oa,g_98;em_12_162666;n_6281825-n_6281830;p_41;#=ew_69_162609;prefix=12990-;[0]=ew_0_1268099,K007M,PresentElder,228.326,228.166,https://labbcat.canterbury.ac.nz/maonze/transcript?ag_id=98#ew_0_1268099,0.16,160,5.075173815,,
6689,ua,g_100;em_12_162755;n_6281976-n_6281980;p_41;#=ew_69_162756;prefix=13318-;[0]=ew_0_1271716,K007M,PresentElder,152.471,152.311,https://labbcat.canterbury.ac.nz/maonze/transcript?ag_id=100#ew_0_1271716,0.16,160,5.075173815,,
6690,ua,g_100;em_12_162756;n_6281959-n_6281964;p_41;#=ew_69_162746;prefix=13401-;[0]=ew_0_1269611,K007M,PresentElder,135.005,134.845,https://labbcat.canterbury.ac.nz/maonze/transcript?ag_id=100#ew_0_1269611,0.16,160,5.075173815,,
6701,ua,g_1007;em_12_95272;n_108232-n_108233;p_284;#=ew_69_210537;prefix=58205-;[0]=ew_0_623866,MU01M,Historical,188.881,188.721,https://labbcat.canterbury.ac.nz/maonze/transcript?ag_id=1007#ew_0_623866,0.16,160,5.075173815,,
6705,ua,g_1009;em_12_95330;n_108265-n_108266;p_188;#=ew_69_229656;prefix=76251-;[0]=ew_0_624336,R007M,PresentElder,76.137,75.977,https://labbcat.canterbury.ac.nz/maonze/transcript?ag_id=1009#ew_0_624336,0.16,160,5.075173815,,
6733,ua,g_1010;em_12_95437;n_108322-n_16717;p_188;#=ew_69_230210;prefix=76490-;[0]=ew_0_625088,R007M,PresentElder,193.831,193.671,https://labbcat.canterbury.ac.nz/maonze/transcript?ag_id=1010#ew_0_625088,0.16,160,5.075173815,,
6759,ua,g_1017;em_12_95910;n_6670802-n_17017;p_188;#=ew_69_230711;prefix=77143-;[0]=ew_0_628331,R007M,PresentElder,215.363,215.203,https://labbcat.canterbury.ac.nz/maonze/transcript?ag_id=1017#ew_0_628331,0.16,160,5.075173815,,
6776,ua,g_102;em_12_162932;n_6285837-n_6286066;p_41;#=ew_69_163677;prefix=13906-;[0]=ew_0_1275087,K007M,PresentElder,199.31,199.15,https://labbcat.canterbury.ac.nz/maonze/transcript?ag_id=102#ew_0_1275087,0.16,160,5.075173815,,
6821,ua,g_1028;em_12_171450;n_7051998-n_7051999;p_190;#=ew_69_233163;prefix=79754-;[0]=ew_0_1344678,R009M,PresentElder,113.515,113.355,https://labbcat.canterbury.ac.nz/maonze/transcript?ag_id=1028#ew_0_1344678,0.16,160,5.075173815,,
6845,ua,g_1031;em_12_96475;n_108809-n_108810;p_190;#=ew_69_234156;prefix=80270-;[0]=ew_0_635991,R009M,PresentElder,119.979,119.819,https://labbcat.canterbury.ac.nz/maonze/transcript?ag_id=1031#ew_0_635991,0.16,160,5.075173815,,
6857,ua,g_1033;em_12_96548;n_17276-n_108865;p_190;#=ew_69_233631;prefix=80518-;[0]=ew_0_637097,R009M,PresentElder,75.621,75.461,https://labbcat.canterbury.ac.nz/maonze/transcript?ag_id=1033#ew_0_637097,0.16,160,5.075173815,,
6873,ua,g_1034;em_12_96590;n_108899-n_108900;p_190;#=ew_69_234104;prefix=80691-;[0]=ew_0_637683,R009M,PresentElder,83.295,83.135,https://labbcat.canterbury.ac.nz/maonze/transcript?ag_id=1034#ew_0_637683,0.16,160,5.075173815,,
6994,ua,g_105;em_12_7266;n_37105-n_37106;p_41;#=ew_69_163890;prefix=14425-;[0]=ew_0_1271255,K007M,PresentElder,125.682,125.522,https://labbcat.canterbury.ac.nz/maonze/transcript?ag_id=105#ew_0_1271255,0.16,160,5.075173815,,
7011,ua,g_107;em_12_163093;n_6288642-n_6288645;p_41;#=ew_69_164420;prefix=14761-;[0]=ew_0_1273704,K007M,PresentElder,206.876,206.716,https://labbcat.canterbury.ac.nz/maonze/transcript?ag_id=107#ew_0_1273704,0.16,160,5.075173815,,
7027,ua,g_1071;em_12_99565;n_110780-n_110781;p_206;#=ew_69_245664;prefix=91217-;[0]=ew_0_659919,WU06M,Historical,112.735,112.575,https://labbcat.canterbury.ac.nz/maonze/transcript?ag_id=1071#ew_0_659919,0.16,160,5.075173815,,
7028,ua,g_1071;em_12_99572;n_110787-n_110788;p_206;#=ew_69_245698;prefix=91249-;[0]=ew_0_660003,WU06M,Historical,148.15,147.99,https://labbcat.canterbury.ac.nz/maonze/transcript?ag_id=1071#ew_0_660003,0.16,160,5.075173815,,
7036,ua,g_1072;em_12_99604;n_110818-n_110819;p_206;#=ew_69_245852;prefix=91391-;[0]=ew_0_660460,WU06M,Historical,86.208,86.048,https://labbcat.canterbury.ac.nz/maonze/transcript?ag_id=1072#ew_0_660460,0.16,160,5.075173815,,
7043,ua,g_1072;em_12_99625;n_110839-n_110840;p_206;#=ew_69_246058;prefix=91464-;[0]=ew_0_660740,WU06M,Historical,180.32,180.16,https://labbcat.canterbury.ac.nz/maonze/transcript?ag_id=1072#ew_0_660740,0.16,160,5.075173815,,
7097,ua,g_1080;em_12_100024;n_111189-n_18366;p_208;#=ew_69_246572;prefix=92343-;[0]=ew_0_664352,WU07M,Historical,129.541,129.381,https://labbcat.canterbury.ac.nz/maonze/transcript?ag_id=1080#ew_0_664352,0.16,160,5.075173815,,
7118,ua,g_1082;em_12_100145;n_111283-n_4699040;p_208;#=ew_69_247056;prefix=92658-;[0]=ew_0_665507,WU07M,Historical,101.81,101.65,https://labbcat.canterbury.ac.nz/maonze/transcript?ag_id=1082#ew_0_665507,0.16,160,5.075173815,,
7137,ua,g_1083;em_12_100214;n_111338-n_111339;p_208;#=ew_69_247043;prefix=92820-;[0]=ew_0_666134,WU07M,Historical,98.027,97.867,https://labbcat.canterbury.ac.nz/maonze/transcript?ag_id=1083#ew_0_666134,0.16,160,5.075173815,,
7165,ua,g_1087;em_12_100481;n_18436-n_111575;p_208;#=ew_69_247900;prefix=93421-;[0]=ew_0_668641,WU07M,Historical,190.414,190.254,https://labbcat.canterbury.ac.nz/maonze/transcript?ag_id=1087#ew_0_668641,0.16,160,5.075173815,,
7259,ua,g_117;em_12_8498;n_38055-n_38056;p_43;#=ew_69_211576;prefix=58694-;[0]=ew_0_82469,MU02M,Historical,138.654,138.494,https://labbcat.canterbury.ac.nz/maonze/transcript?ag_id=117#ew_0_82469,0.16,160,5.075173815,,
7309,ua,g_1205;em_12_109268;n_118067-n_118068;p_244;#=ew_69_244594;prefix=89936-;[0]=ew_0_727553,WU04M,Historical,227.843,227.683,https://labbcat.canterbury.ac.nz/maonze/transcript?ag_id=1205#ew_0_727553,0.16,160,5.075173815,,
7355,ua,g_1235;em_12_111167;n_21422-n_5825218;p_249;#=ew_69_180945;prefix=29943-;[0]=ew_0_742697,L1H06M,L1,220.1,219.94,https://labbcat.canterbury.ac.nz/maonze/transcript?ag_id=1235#ew_0_742697,0.16,160,5.075173815,,
7411,ua,g_130;em_12_8847;n_38328-n_38329;p_284;#=ew_69_209723;prefix=58063-;[0]=ew_0_85520,MU01M,Historical,206.138,205.978,https://labbcat.canterbury.ac.nz/maonze/transcript?ag_id=130#ew_0_85520,0.16,160,5.075173815,,
7442,ua,g_137;em_12_9576;n_39049-n_39050;p_284;#=ew_69_210075;prefix=57586-;[0]=ew_0_92040,MU01M,Historical,33.357,33.197,https://labbcat.canterbury.ac.nz/maonze/transcript?ag_id=137#ew_0_92040,0.16,160,5.075173815,,
7449,ua,g_137;em_12_9600;n_39073-n_39074;p_284;#=ew_69_210269;prefix=57660-;[0]=ew_0_92379,MU01M,Historical,174.019,173.859,https://labbcat.canterbury.ac.nz/maonze/transcript?ag_id=137#ew_0_92379,0.16,160,5.075173815,,
7467,ua,g_1372;em_12_118256;n_123803-n_123804;p_287;#=ew_69_227756;prefix=74701-;[0]=ew_0_814146,R006M,PresentElder,77.664,77.504,https://labbcat.canterbury.ac.nz/maonze/transcript?ag_id=1372#ew_0_814146,0.16,160,5.075173815,,
7481,ua,g_1374;em_12_118340;n_123883-n_123884;p_284;#=ew_69_210363;prefix=58253-;[0]=ew_0_815284,MU01M,Historical,64.788,64.628,https://labbcat.canterbury.ac.nz/maonze/transcript?ag_id=1374#ew_0_815284,0.16,160,5.075173815,,
7482,ua,g_1374;em_12_118341;n_123884-n_123885;p_284;#=ew_69_210366;prefix=58256-;[0]=ew_0_815296,MU01M,Historical,71.816,71.656,https://labbcat.canterbury.ac.nz/maonze/transcript?ag_id=1374#ew_0_815296,0.16,160,5.075173815,,
7491,ua,g_138;em_12_9621;n_39093-n_39094;p_284;#=ew_69_209951;prefix=57737-;[0]=ew_0_92686,MU01M,Historical,57.939,57.779,https://labbcat.canterbury.ac.nz/maonze/transcript?ag_id=138#ew_0_92686,0.16,160,5.075173815,,
7499,ua,g_138;em_12_9632;n_39104-n_39105;p_284;#=ew_69_210037;prefix=57782-;[0]=ew_0_92835,MU01M,Historical,124.244,124.084,https://labbcat.canterbury.ac.nz/maonze/transcript?ag_id=138#ew_0_92835,0.16,160,5.075173815,,
7520,ua,g_1389;em_12_119095;n_124572-n_124573;p_262;#=ew_69_249449;prefix=94780-;[0]=ew_0_823225,WU08M,Historical,199.225,199.065,https://labbcat.canterbury.ac.nz/maonze/transcript?ag_id=1389#ew_0_823225,0.16,160,5.075173815,,
7523,ua,g_139;em_12_9701;n_39172-n_39173;p_284;#=ew_69_210155;prefix=57982-;[0]=ew_0_93615,MU01M,Historical,226.471,226.311,https://labbcat.canterbury.ac.nz/maonze/transcript?ag_id=139#ew_0_93615,0.16,160,5.075173815,,
7533,ua,g_1391;em_12_151929;n_4711892-n_4711895;p_262;#=ew_69_248976;prefix=94987-;[0]=ew_0_1134721,WU08M,Historical,58.449,58.289,https://labbcat.canterbury.ac.nz/maonze/transcript?ag_id=1391#ew_0_1134721,0.16,160,5.075173815,,
7548,ua,g_1396;em_12_119306;n_124761-n_124762;p_262;#=ew_69_249835;prefix=95594-;[0]=ew_0_826372,WU08M,Historical,61.357,61.197,https://labbcat.canterbury.ac.nz/maonze/transcript?ag_id=1396#ew_0_826372,0.16,160,5.075173815,,
7553,ua,g_1396;em_12_151951;n_4743001-n_4743003;p_262;#=ew_69_250010;prefix=95671-;[0]=ew_0_1134957,WU08M,Historical,231.685,231.525,https://labbcat.canterbury.ac.nz/maonze/transcript?ag_id=1396#ew_0_1134957,0.16,160,5.075173815,,
7612,ua,g_1522;em_12_126076;n_25285-n_130116;p_287;#=ew_69_228428;prefix=75040-;[0]=ew_0_886335,R006M,PresentElder,108.899,108.739,https://labbcat.canterbury.ac.nz/maonze/transcript?ag_id=1522#ew_0_886335,0.16,160,5.075173815,,
7623,ua,g_1523;em_12_126106;n_130142-n_6614360;p_287;#=ew_69_228253;prefix=75161-;[0]=ew_0_886780,R006M,PresentElder,49.022,48.862,https://labbcat.canterbury.ac.nz/maonze/transcript?ag_id=1523#ew_0_886780,0.16,160,5.075173815,,
7664,ua,g_1528;em_12_126311;n_130324-n_130325;p_287;#=ew_69_229368;prefix=76034-;[0]=ew_0_889951,R006M,PresentElder,67.868,67.708,https://labbcat.canterbury.ac.nz/maonze/transcript?ag_id=1528#ew_0_889951,0.16,160,5.075173815,,
7717,ua,g_1550;em_12_127469;n_130946-n_25843;p_293;#=ew_69_216743;prefix=64162-;[0]=ew_0_900840,MU10M,Historical,147.909,147.749,https://labbcat.canterbury.ac.nz/maonze/transcript?ag_id=1550#ew_0_900840,0.16,160,5.075173815,,
7797,ua,g_1629;em_12_132542;n_134816-n_134817;p_299;#=ew_69_192961;prefix=41805-;[0]=ew_0_938611,L2H01M,L2,120.212,120.052,https://labbcat.canterbury.ac.nz/maonze/transcript?ag_id=1629#ew_0_938611,0.16,160,5.075173815,,
7829,ua,g_1637;em_12_132991;n_135223-n_135224;p_288;#=ew_69_195921;prefix=44391-;[0]=ew_0_941077,L2H03M,L2,173.521,173.361,https://labbcat.canterbury.ac.nz/maonze/transcript?ag_id=1637#ew_0_941077,0.16,160,5.075173815,,
7836,ua,g_1638;em_12_133051;n_135278-n_135279;p_288;#=ew_69_195818;prefix=44521-;[0]=ew_0_941506,L2H03M,L2,98.222,98.062,https://labbcat.canterbury.ac.nz/maonze/transcript?ag_id=1638#ew_0_941506,0.16,160,5.075173815,,
7878,ua,g_1646;em_12_133525;n_135714-n_135715;p_300;#=ew_69_194028;prefix=42124-;[0]=ew_0_945280,L2H02M,L2,177.273,177.113,https://labbcat.canterbury.ac.nz/maonze/transcript?ag_id=1646#ew_0_945280,0.16,160,5.075173815,,
7897,ua,g_1648;em_12_133717;n_135853-n_135854;p_300;#=ew_69_193788;prefix=42452-;[0]=ew_0_946615,L2H02M,L2,219.303,219.143,https://labbcat.canterbury.ac.nz/maonze/transcript?ag_id=1648#ew_0_946615,0.16,160,5.075173815,,
7908,ua,g_1649;em_12_133792;n_135909-n_135910;p_300;#=ew_69_193702;prefix=42590-;[0]=ew_0_947170,L2H02M,L2,199.996,199.836,https://labbcat.canterbury.ac.nz/maonze/transcript?ag_id=1649#ew_0_947170,0.16,160,5.075173815,,
7921,ua,g_1651;em_12_133990;n_136057-n_136058;p_300;#=ew_69_194131;prefix=42876-;[0]=ew_0_948250,L2H02M,L2,228.9,228.74,https://labbcat.canterbury.ac.nz/maonze/transcript?ag_id=1651#ew_0_948250,0.16,160,5.075173815,,
7962,ua,g_1661;em_12_134606;n_6399763-n_136469;p_302;#=ew_69_197584;prefix=45639-;[0]=ew_0_952850,L2H04M,L2,189.18,189.02,https://labbcat.canterbury.ac.nz/maonze/transcript?ag_id=1661#ew_0_952850,0.16,160,5.075173815,,
8007,ua,g_1668;em_12_134902;n_136713-n_136714;p_302;#=ew_69_198279;prefix=46540-;[0]=ew_0_956165,L2H04M,L2,57.336,57.176,https://labbcat.canterbury.ac.nz/maonze/transcript?ag_id=1668#ew_0_956165,0.16,160,5.075173815,,
8012,ua,g_1668;em_12_134930;n_136741-n_136742;p_302;#=ew_69_198387;prefix=46634-;[0]=ew_0_956522,L2H04M,L2,205.362,205.202,https://labbcat.canterbury.ac.nz/maonze/transcript?ag_id=1668#ew_0_956522,0.16,160,5.075173815,,
8039,ua,g_1671;em_12_135021;n_6399631-n_6399640;p_302;#=ew_69_198827;prefix=47072-;[0]=ew_0_957983,L2H04M,L2,152.657,152.497,https://labbcat.canterbury.ac.nz/maonze/transcript?ag_id=1671#ew_0_957983,0.16,160,5.075173815,,
8137,ua,g_1751;em_12_139954;n_140624-n_140625;p_318;#=ew_69_231352;prefix=78133-;[0]=ew_0_1003192,R008M,PresentElder,49.257,49.097,https://labbcat.canterbury.ac.nz/maonze/transcript?ag_id=1751#ew_0_1003192,0.16,160,5.075173815,,
8141,ua,g_1751;em_12_140003;n_140671-n_140672;p_318;#=ew_69_231490;prefix=78198-;[0]=ew_0_1003465,R008M,PresentElder,208.539,208.379,https://labbcat.canterbury.ac.nz/maonze/transcript?ag_id=1751#ew_0_1003465,0.16,160,5.075173815,,
8173,ua,g_1842;em_12_149127;n_3849362-n_3849376;p_49;#=ew_69_204818;prefix=52651-;[0]=ew_0_1102361,L2Y03M,L2,156.602,156.442,https://labbcat.canterbury.ac.nz/maonze/transcript?ag_id=1842#ew_0_1102361,0.16,160,5.075173815,,
8185,ua,g_1845;em_12_149296;n_3851641-n_3851650;p_49;#=ew_69_204979;prefix=53039-;[0]=ew_0_1104293,L2Y03M,L2,119.56,119.4,https://labbcat.canterbury.ac.nz/maonze/transcript?ag_id=1845#ew_0_1104293,0.16,160,5.075173815,,
8213,ua,g_1848;em_12_149491;n_3854277-n_3854292;p_49;#=ew_69_205541;prefix=53462-;[0]=ew_0_1106543,L2Y03M,L2,203.174,203.014,https://labbcat.canterbury.ac.nz/maonze/transcript?ag_id=1848#ew_0_1106543,0.16,160,5.075173815,,
8227,ua,g_1855;em_12_150619;n_4611063-n_4611078;p_97;#=ew_69_215904;prefix=63294-;[0]=ew_0_1125796,MU07M,Historical,161.597,161.437,https://labbcat.canterbury.ac.nz/maonze/transcript?ag_id=1855#ew_0_1125796,0.16,160,5.075173815,,
8375,ua,g_1908;em_12_156795;n_5284689-n_5284709;p_333;#=ew_69_241154;prefix=86354-;[0]=ew_0_1191553,R012M,PresentElder,228.516,228.356,https://labbcat.canterbury.ac.nz/maonze/transcript?ag_id=1908#ew_0_1191553,0.16,160,5.075173815,,
8429,ua,g_1913;em_12_157134;n_5290200-n_5290213;p_333;#=ew_69_240292;prefix=87395-;[0]=ew_0_1195728,R012M,PresentElder,240.665,240.505,https://labbcat.canterbury.ac.nz/maonze/transcript?ag_id=1913#ew_0_1195728,0.16,160,5.075173815,,
8471,ua,g_1944;em_12_165751;n_6847045-n_6847058;p_28;#=ew_69_150259;prefix=01388-;[0]=ew_0_1296407,K001M,PresentElder,131.008,130.848,https://labbcat.canterbury.ac.nz/maonze/transcript?ag_id=1944#ew_0_1296407,0.16,160,5.075173815,,
8570,ua,g_305;em_12_162404;n_6240888-n_6240989;p_81;#=ew_69_186743;prefix=35114-;[0]=ew_0_1265855,L1Y03M,L1,211.96,211.8,https://labbcat.canterbury.ac.nz/maonze/transcript?ag_id=305#ew_0_1265855,0.16,160,5.075173815,,
8601,ua,g_308;em_12_160691;n_5999891-n_5999900;p_81;#=ew_69_186241;prefix=35718-;[0]=ew_0_1239992,L1Y03M,L1,211.569,211.409,https://labbcat.canterbury.ac.nz/maonze/transcript?ag_id=308#ew_0_1239992,0.16,160,5.075173815,,
8696,ua,g_325;em_12_32843;n_57171-n_57172;p_89;#=ew_69_188690;prefix=37976-;[0]=ew_0_218303,L1Y04M,L1,185.82,185.66,https://labbcat.canterbury.ac.nz/maonze/transcript?ag_id=325#ew_0_218303,0.16,160,5.075173815,,
8740,ua,g_335;em_12_33320;n_57559-n_57560;p_85;#=ew_69_185589;prefix=34657-;[0]=ew_0_221856,L1Y02M,L1,113.485,113.325,https://labbcat.canterbury.ac.nz/maonze/transcript?ag_id=335#ew_0_221856,0.16,160,5.075173815,,
8745,ua,g_336;em_12_33355;n_57586-n_57587;p_85;#=ew_69_184407;prefix=33555-;[0]=ew_0_1241742,L1Y02M,L1,146.481,146.321,https://labbcat.canterbury.ac.nz/maonze/transcript?ag_id=336#ew_0_1241742,0.16,160,5.075173815,,
8758,ua,g_339;em_12_33440;n_57660-n_57661;p_85;#=ew_69_184088;prefix=33258-;[0]=ew_0_1348734,L1Y02M,L1,119.41,119.25,https://labbcat.canterbury.ac.nz/maonze/transcript?ag_id=339#ew_0_1348734,0.16,160,5.075173815,,
8790,ua,g_344;em_12_33594;n_6044-n_57784;p_85;#=ew_69_184055;prefix=33451-;[0]=ew_0_225530,L1Y02M,L1,129.256,129.096,https://labbcat.canterbury.ac.nz/maonze/transcript?ag_id=344#ew_0_225530,0.16,160,5.075173815,,
8792,ua,g_344;em_12_33595;n_57784-n_7086593;p_85;#=ew_69_184069;prefix=33456-;[0]=ew_0_225545,L1Y02M,L1,135.646,135.486,https://labbcat.canterbury.ac.nz/maonze/transcript?ag_id=344#ew_0_225545,0.16,160,5.075173815,,
8857,ua,g_369;em_12_35894;n_59720-n_59721;p_92;#=ew_69_213066;prefix=60654-;[0]=ew_0_238322,MU04M,Historical,147.98,147.82,https://labbcat.canterbury.ac.nz/maonze/transcript?ag_id=369#ew_0_238322,0.16,160,5.075173815,,
8876,ua,g_374;em_12_36769;n_60604-n_60578;p_92;#=ew_69_213554;prefix=61419-;[0]=ew_0_1118036,MU04M,Historical,208.084,207.924,https://labbcat.canterbury.ac.nz/maonze/transcript?ag_id=374#ew_0_1118036,0.16,160,5.075173815,,
8908,ua,g_385;em_12_38944;n_62740-n_62741;p_95;#=ew_69_215144;prefix=62549-;[0]=ew_0_247835,MU06M,Historical,103.39,103.23,https://labbcat.canterbury.ac.nz/maonze/transcript?ag_id=385#ew_0_247835,0.16,160,5.075173815,,
8925,ua,g_4;em_12_119;n_30790-n_30791;p_28;#=ew_69_150771;prefix=01972-;[0]=ew_0_1230559,K001M,PresentElder,32.659,32.499,https://labbcat.canterbury.ac.nz/maonze/transcript?ag_id=4#ew_0_1230559,0.16,160,5.075173815,,
8931,ua,g_41;em_12_3298;n_33667-n_296;p_276;#=ew_69_242450;prefix=88491-;[0]=ew_0_27529,WU03M,Historical,103.157,102.997,https://labbcat.canterbury.ac.nz/maonze/transcript?ag_id=41#ew_0_27529,0.16,160,5.075173815,,
8940,ua,g_446;em_12_169669;n_6944565-n_6944566;p_110;#=ew_69_155498;prefix=05773-;[0]=ew_0_1325734,K003M,PresentElder,87.645,87.485,https://labbcat.canterbury.ac.nz/maonze/transcript?ag_id=446#ew_0_1325734,0.16,160,5.075173815,,
8978,ua,g_451;em_12_46638;n_69102-n_69103;p_110;#=ew_69_156293;prefix=06964-;[0]=ew_0_291688,K003M,PresentElder,37.379,37.219,https://labbcat.canterbury.ac.nz/maonze/transcript?ag_id=451#ew_0_291688,0.16,160,5.075173815,,
9077,ua,g_474;em_12_49024;n_70957-n_6954964;p_121;#=ew_69_167308;prefix=17104-;[0]=ew_0_305142,K009M,PresentElder,255.048,254.888,https://labbcat.canterbury.ac.nz/maonze/transcript?ag_id=474#ew_0_305142,0.16,160,5.075173815,,
9112,ua,g_483;em_12_49567;n_71414-n_71415;p_121;#=ew_69_168138;prefix=18706-;[0]=ew_0_310617,K009M,PresentElder,76.679,76.519,https://labbcat.canterbury.ac.nz/maonze/transcript?ag_id=483#ew_0_310617,0.16,160,5.075173815,,
9119,ua,g_484;em_12_49699;n_71519-n_71520;p_121;#=ew_69_169002;prefix=18922-;[0]=ew_0_311397,K009M,PresentElder,110.505,110.345,https://labbcat.canterbury.ac.nz/maonze/transcript?ag_id=484#ew_0_311397,0.16,160,5.075173815,,
9132,ua,g_486;em_12_49818;n_71630-n_71631;p_121;#=ew_69_166869;prefix=16895-;[0]=ew_0_312780,K009M,PresentElder,249.906,249.746,https://labbcat.canterbury.ac.nz/maonze/transcript?ag_id=486#ew_0_312780,0.16,160,5.075173815,,
9281,ua,g_597;em_12_63891;n_83491-n_83492;p_140;#=ew_69_189387;prefix=38374-;[0]=ew_0_1248302,L1Y05M,L1,197.892,197.732,https://labbcat.canterbury.ac.nz/maonze/transcript?ag_id=597#ew_0_1248302,0.16,160,5.075173815,,
9331,ua,g_604;em_12_64324;n_83917-n_83918;p_140;#=ew_69_191310;prefix=39639-;[0]=ew_0_385421,L1Y05M,L1,141.118,140.958,https://labbcat.canterbury.ac.nz/maonze/transcript?ag_id=604#ew_0_385421,0.16,160,5.075173815,,
9333,ua,g_604;em_12_64325;n_83918-n_83919;p_140;#=ew_69_191330;prefix=39650-;[0]=ew_0_385454,L1Y05M,L1,149.837,149.677,https://labbcat.canterbury.ac.nz/maonze/transcript?ag_id=604#ew_0_385454,0.16,160,5.075173815,,
9353,ua,g_607;em_12_64541;n_84117-n_84118;p_140;#=ew_69_191191;prefix=40169-;[0]=ew_0_387395,L1Y05M,L1,154.75,154.59,https://labbcat.canterbury.ac.nz/maonze/transcript?ag_id=607#ew_0_387395,0.16,160,5.075173815,,
9415,ua,g_615;em_12_64933;n_84496-n_84497;p_142;#=ew_69_182629;prefix=31667-;[0]=ew_0_391492,L1Y01M,L1,153.545,153.385,https://labbcat.canterbury.ac.nz/maonze/transcript?ag_id=615#ew_0_391492,0.16,160,5.075173815,,
9453,ua,g_623;em_12_65248;n_84791-n_84792;p_142;#=ew_69_183569;prefix=32515-;[0]=ew_0_395273,L1Y01M,L1,141.686,141.526,https://labbcat.canterbury.ac.nz/maonze/transcript?ag_id=623#ew_0_395273,0.16,160,5.075173815,,
9468,ua,g_625;em_12_65326;n_84846-n_84847;p_142;#=ew_69_183330;prefix=32831-;[0]=ew_0_396242,L1Y01M,L1,168.272,168.112,https://labbcat.canterbury.ac.nz/maonze/transcript?ag_id=625#ew_0_396242,0.16,160,5.075173815,,
9487,ua,g_626;em_12_65352;n_84871-n_84872;p_142;#=ew_69_183761;prefix=32931-;[0]=ew_0_396577,L1Y01M,L1,108.669,108.509,https://labbcat.canterbury.ac.nz/maonze/transcript?ag_id=626#ew_0_396577,0.16,160,5.075173815,,
9512,ua,g_630;em_12_65811;n_85289-n_85290;p_143;#=ew_69_203559;prefix=50922-;[0]=ew_0_1250339,L2Y02M,L2,74.488,74.328,https://labbcat.canterbury.ac.nz/maonze/transcript?ag_id=630#ew_0_1250339,0.16,160,5.075173815,,
9608,ua,g_641;em_12_66942;n_86203-n_86204;p_145;#=ew_69_201664;prefix=49904-;[0]=ew_0_408867,L2Y01M,L2,190.914,190.754,https://labbcat.canterbury.ac.nz/maonze/transcript?ag_id=641#ew_0_408867,0.16,160,5.075173815,,
9653,ua,g_655;em_12_68934;n_87920-n_87921;p_146;#=ew_69_206360;prefix=54339-;[0]=ew_0_416614,L2Y04M,L2,171.761,171.601,https://labbcat.canterbury.ac.nz/maonze/transcript?ag_id=655#ew_0_416614,0.16,160,5.075173815,,
9711,ua,g_666;em_12_70532;n_89325-n_89326;p_148;#=ew_69_207762;prefix=55769-;[0]=ew_0_422639,L2Y05M,L2,226.01,225.85,https://labbcat.canterbury.ac.nz/maonze/transcript?ag_id=666#ew_0_422639,0.16,160,5.075173815,,
9726,ua,g_669;em_12_70623;n_89405-n_89406;p_148;#=ew_69_208744;prefix=56249-;[0]=ew_0_424223,L2Y05M,L2,61.358,61.198,https://labbcat.canterbury.ac.nz/maonze/transcript?ag_id=669#ew_0_424223,0.16,160,5.075173815,,
9784,ua,g_80;em_12_5525;n_35604-n_543;p_37;#=ew_69_160178;prefix=10547-;[0]=ew_0_1092120,K005M,PresentElder,111.975,111.815,https://labbcat.canterbury.ac.nz/maonze/transcript?ag_id=80#ew_0_1092120,0.16,160,5.075173815,,
9785,ua,g_80;em_12_5536;n_35613-n_35614;p_37;#=ew_69_160256;prefix=10585-;[0]=ew_0_1092335,K005M,PresentElder,166.606,166.446,https://labbcat.canterbury.ac.nz/maonze/transcript?ag_id=80#ew_0_1092335,0.16,160,5.075173815,,
9799,ua,g_83;em_12_5652;n_35710-n_35711;p_37;#=ew_69_160452;prefix=10926-;[0]=ew_0_56840,K005M,PresentElder,76.579,76.419,https://labbcat.canterbury.ac.nz/maonze/transcript?ag_id=83#ew_0_56840,0.16,160,5.075173815,,
9874,ua,g_86;em_12_5825;n_35872-n_35873;p_37;#=ew_69_161477;prefix=11374-;[0]=ew_0_59393,K005M,PresentElder,249.903,249.743,https://labbcat.canterbury.ac.nz/maonze/transcript?ag_id=86#ew_0_59393,0.16,160,5.075173815,,
9877,ua,g_861;em_12_86287;n_101228-n_101229;p_168;#=ew_69_173268;prefix=22591-;[0]=ew_0_547478,L1H02M,L1,137.998,137.838,https://labbcat.canterbury.ac.nz/maonze/transcript?ag_id=861#ew_0_547478,0.16,160,5.075173815,,
9911,ua,g_864;em_12_86535;n_101402-n_101403;p_168;#=ew_69_173781;prefix=23094-;[0]=ew_0_549582,L1H02M,L1,196.951,196.791,https://labbcat.canterbury.ac.nz/maonze/transcript?ag_id=864#ew_0_549582,0.16,160,5.075173815,,
9919,ua,g_866;em_12_159632;n_5715791-n_101520;p_168;#=ew_69_173354;prefix=23487-;[0]=ew_0_1221314,L1H02M,L1,186.611,186.451,https://labbcat.canterbury.ac.nz/maonze/transcript?ag_id=866#ew_0_1221314,0.16,160,5.075173815,,
9922,ua,g_866;em_12_86689;n_101522-n_5657080;p_168;#=ew_69_173453;prefix=23400-;[0]=ew_0_1220566,L1H02M,L1,238.986,238.826,https://labbcat.canterbury.ac.nz/maonze/transcript?ag_id=866#ew_0_1220566,0.16,160,5.075173815,,
9962,ua,g_870;em_12_87035;n_101739-n_101740;p_168;#=ew_69_174609;prefix=24131-;[0]=ew_0_553415,L1H02M,L1,171.662,171.502,https://labbcat.canterbury.ac.nz/maonze/transcript?ag_id=870#ew_0_553415,0.16,160,5.075173815,,
9990,ua,g_876;em_12_87361;n_101984-n_101985;p_169;#=ew_69_175218;prefix=24656-;[0]=ew_0_555511,L1H03M,L1,176.266,176.106,https://labbcat.canterbury.ac.nz/maonze/transcript?ag_id=876#ew_0_555511,0.16,160,5.075173815,,
10012,ua,g_880;em_12_87658;n_102165-n_102166;p_169;#=ew_69_175507;prefix=25000-;[0]=ew_0_557263,L1H03M,L1,200.162,200.002,https://labbcat.canterbury.ac.nz/maonze/transcript?ag_id=880#ew_0_557263,0.16,160,5.075173815,,
10026,ua,g_882;em_12_87766;n_102234-n_102235;p_169;#=ew_69_175862;prefix=25168-;[0]=ew_0_557912,L1H03M,L1,82.078,81.918,https://labbcat.canterbury.ac.nz/maonze/transcript?ag_id=882#ew_0_557912,0.16,160,5.075173815,,
10027,ua,g_882;em_12_87768;n_102236-n_102237;p_169;#=ew_69_175866;prefix=25172-;[0]=ew_0_557926,L1H03M,L1,91.953,91.793,https://labbcat.canterbury.ac.nz/maonze/transcript?ag_id=882#ew_0_557926,0.16,160,5.075173815,,
10030,ua,g_882;em_12_87795;n_102251-n_102252;p_169;#=ew_69_175905;prefix=25211-;[0]=ew_0_558118,L1H03M,L1,197.629,197.469,https://labbcat.canterbury.ac.nz/maonze/transcript?ag_id=882#ew_0_558118,0.16,160,5.075173815,,
10151,ua,g_903;em_12_170135;n_6969731-n_6969732;p_174;#=ew_69_177867;prefix=27353-;[0]=ew_0_1330951,L1H05M,L1,83.096,82.936,https://labbcat.canterbury.ac.nz/maonze/transcript?ag_id=903#ew_0_1330951,0.16,160,5.075173815,,
10156,ua,g_904;em_12_88992;n_103154-n_103155;p_174;#=ew_69_178367;prefix=27511-;[0]=ew_0_568686,L1H05M,L1,126.598,126.438,https://labbcat.canterbury.ac.nz/maonze/transcript?ag_id=904#ew_0_568686,0.16,160,5.075173815,,
10180,ua,g_907;em_12_89165;n_103255-n_103256;p_173;#=ew_69_177494;prefix=26628-;[0]=ew_0_570432,L1H04M,L1,197.566,197.406,https://labbcat.canterbury.ac.nz/maonze/transcript?ag_id=907#ew_0_570432,0.16,160,5.075173815,,
10209,ua,g_910;em_12_89279;n_15589-n_103295;p_173;#=ew_69_176218;prefix=26254-;[0]=ew_0_571863,L1H04M,L1,155.127,154.967,https://labbcat.canterbury.ac.nz/maonze/transcript?ag_id=910#ew_0_571863,0.16,160,5.075173815,,
10221,ua,g_911;em_12_89317;n_103312-n_103313;p_173;#=ew_69_176787;prefix=26166-;[0]=ew_0_572457,L1H04M,L1,214.132,213.972,https://labbcat.canterbury.ac.nz/maonze/transcript?ag_id=911#ew_0_572457,0.16,160,5.075173815,,
10227,ua,g_912;em_12_89345;n_103320-n_103321;p_173;#=ew_69_176564;prefix=26017-;[0]=ew_0_572844,L1H04M,L1,143.014,142.854,https://labbcat.canterbury.ac.nz/maonze/transcript?ag_id=912#ew_0_572844,0.16,160,5.075173815,,
10240,ua,g_913;em_12_89394;n_103340-n_103341;p_173;#=ew_69_176517;prefix=25950-;[0]=ew_0_573526,L1H04M,L1,220.137,219.977,https://labbcat.canterbury.ac.nz/maonze/transcript?ag_id=913#ew_0_573526,0.16,160,5.075173815,,
10265,ua,g_927;em_12_90343;n_104162-n_104163;p_179;#=ew_69_217297;prefix=64746-;[0]=ew_0_580541,R001M,PresentElder,172.174,172.014,https://labbcat.canterbury.ac.nz/maonze/transcript?ag_id=927#ew_0_580541,0.16,160,5.075173815,,
10317,ua,g_936;em_12_91010;n_104796-n_104797;p_179;#=ew_69_218590;prefix=65824-;[0]=ew_0_584351,R001M,PresentElder,232.857,232.697,https://labbcat.canterbury.ac.nz/maonze/transcript?ag_id=936#ew_0_584351,0.16,160,5.075173815,,
10360,ua,g_941;em_12_91359;n_105082-n_105083;p_179;#=ew_69_219666;prefix=66569-;[0]=ew_0_587026,R001M,PresentElder,37.702,37.542,https://labbcat.canterbury.ac.nz/maonze/transcript?ag_id=941#ew_0_587026,0.16,160,5.075173815,,
10367,ua,g_941;em_12_91400;n_105109-n_105110;p_179;#=ew_69_219764;prefix=66662-;[0]=ew_0_587309,R001M,PresentElder,167.929,167.769,https://labbcat.canterbury.ac.nz/maonze/transcript?ag_id=941#ew_0_587309,0.16,160,5.075173815,,
10407,ua,g_948;em_12_91683;n_105353-n_105357;p_181;#=ew_69_219915;prefix=67404-;[0]=ew_0_1278084,R002M,PresentElder,67.462,67.302,https://labbcat.canterbury.ac.nz/maonze/transcript?ag_id=948#ew_0_1278084,0.16,160,5.075173815,,
10417,ua,g_949;em_12_91730;n_105392-n_105393;p_181;#=ew_69_220535;prefix=67589-;[0]=ew_0_590659,R002M,PresentElder,124.032,123.872,https://labbcat.canterbury.ac.nz/maonze/transcript?ag_id=949#ew_0_590659,0.16,160,5.075173815,,
10434,ua,g_951;em_12_91835;n_105473-n_105474;p_181;#=ew_69_220165;prefix=67931-;[0]=ew_0_592012,R002M,PresentElder,134.734,134.574,https://labbcat.canterbury.ac.nz/maonze/transcript?ag_id=951#ew_0_592012,0.16,160,5.075173815,,
10454,ua,g_956;em_12_92057;n_105664-n_105665;p_181;#=ew_69_221070;prefix=68464-;[0]=ew_0_594942,R002M,PresentElder,134.264,134.104,https://labbcat.canterbury.ac.nz/maonze/transcript?ag_id=956#ew_0_594942,0.16,160,5.075173815,,
10458,ua,g_958;em_12_92114;n_105709-n_105710;p_183;#=ew_69_221583;prefix=68716-;[0]=ew_0_595324,R003M,PresentElder,73.77,73.61,https://labbcat.canterbury.ac.nz/maonze/transcript?ag_id=958#ew_0_595324,0.16,160,5.075173815,,
10495,ua,g_963;em_12_92465;n_105969-n_105970;p_183;#=ew_69_221827;prefix=69586-;[0]=ew_0_598526,R003M,PresentElder,116.844,116.684,https://labbcat.canterbury.ac.nz/maonze/transcript?ag_id=963#ew_0_598526,0.16,160,5.075173815,,
10521,ua,g_97;em_12_162813;n_6282089-n_6281887;p_41;#=ew_69_163344;prefix=12837-;[0]=ew_0_1271534,K007M,PresentElder,218.042,217.882,https://labbcat.canterbury.ac.nz/maonze/transcript?ag_id=97#ew_0_1271534,0.16,160,5.075173815,,
10543,ua,g_971;em_12_92922;n_106298-n_106299;p_184;#=ew_69_223517;prefix=70521-;[0]=ew_0_602392,R004M,PresentElder,38.564,38.404,https://labbcat.canterbury.ac.nz/maonze/transcript?ag_id=971#ew_0_602392,0.16,160,5.075173815,,
10557,ua,g_972;em_12_93025;n_106386-n_106387;p_184;#=ew_69_223926;prefix=70759-;[0]=ew_0_603277,R004M,PresentElder,186.656,186.496,https://labbcat.canterbury.ac.nz/maonze/transcript?ag_id=972#ew_0_603277,0.16,160,5.075173815,,
10589,ua,g_978;em_12_93520;n_16429-n_106696;p_184;#=ew_69_225127;prefix=71745-;[0]=ew_0_606715,R004M,PresentElder,157.79,157.63,https://labbcat.canterbury.ac.nz/maonze/transcript?ag_id=978#ew_0_606715,0.16,160,5.075173815,,
10610,ua,g_982;em_12_93758;n_106864-n_106865;p_184;#=ew_69_225403;prefix=72254-;[0]=ew_0_608855,R004M,PresentElder,190.815,190.655,https://labbcat.canterbury.ac.nz/maonze/transcript?ag_id=982#ew_0_608855,0.16,160,5.075173815,,
10616,ua,g_984;em_12_93815;n_106906-n_106907;p_182;#=ew_69_225579;prefix=72486-;[0]=ew_0_609319,R005M,PresentElder,119.074,118.914,https://labbcat.canterbury.ac.nz/maonze/transcript?ag_id=984#ew_0_609319,0.16,160,5.075173815,,
10693,ua,g_993;em_12_94197;n_4619928-n_107233;p_182;#=ew_69_227237;prefix=73796-;[0]=ew_0_614032,R005M,PresentElder,146.956,146.796,https://labbcat.canterbury.ac.nz/maonze/transcript?ag_id=993#ew_0_614032,0.16,160,5.075173815,,
1233,ea,g_22;em_12_1864;n_32481-n_32482;p_19;#=ew_69_153669;prefix=04239-;[0]=ew_0_15956,K002M,PresentElder,292.679,292.519,https://labbcat.canterbury.ac.nz/maonze/transcript?ag_id=22#ew_0_15956,0.16,160,5.075173815,,
1312,ea,g_305;em_12_162437;n_6241028-n_6241030;p_81;#=ew_69_186801;prefix=35106-;[0]=ew_0_1266040,L1Y03M,L1,294.251,294.091,https://labbcat.canterbury.ac.nz/maonze/transcript?ag_id=305#ew_0_1266040,0.16,160,5.075173815,,
2019,ea,g_630;em_12_65899;n_85373-n_85374;p_143;#=ew_69_203741;prefix=51090-;[0]=ew_0_400036,L2Y02M,L2,281.09,280.93,https://labbcat.canterbury.ac.nz/maonze/transcript?ag_id=630#ew_0_400036,0.16,160,5.075173815,,
2021,ea,g_630;em_12_65920;n_85392-n_85393;p_143;#=ew_69_203792;prefix=51141-;[0]=ew_0_400220,L2Y02M,L2,335.131,334.971,https://labbcat.canterbury.ac.nz/maonze/transcript?ag_id=630#ew_0_400220,0.16,160,5.075173815,,
2344,ea,g_867;em_12_86803;n_101592-n_101593;p_168;#=ew_69_174813;prefix=23692-;[0]=ew_0_551783,L1H02M,L1,298.381,298.221,https://labbcat.canterbury.ac.nz/maonze/transcript?ag_id=867#ew_0_551783,0.16,160,5.075173815,,
3177,ia,g_117;em_12_8536;n_38093-n_38094;p_43;#=ew_69_211715;prefix=58822-;[0]=ew_0_82915,MU02M,Historical,298.251,298.091,https://labbcat.canterbury.ac.nz/maonze/transcript?ag_id=117#ew_0_82915,0.16,160,5.075173815,,
5243,oa,g_134;em_12_9157;n_38634-n_38635;p_284;#=ew_69_209752;prefix=57469-;[0]=ew_0_88510,MU01M,Historical,417.318,417.158,https://labbcat.canterbury.ac.nz/maonze/transcript?ag_id=134#ew_0_88510,0.16,160,5.075173815,,
5645,oa,g_1892;em_12_155653;n_5267757-n_5267771;p_334;#=ew_69_237805;prefix=84128-;[0]=ew_0_1177645,R011M,PresentElder,279.006,278.846,https://labbcat.canterbury.ac.nz/maonze/transcript?ag_id=1892#ew_0_1177645,0.16,160,5.075173815,,
6082,oa,g_477;em_12_49180;n_71098-n_71099;p_121;#=ew_69_167808;prefix=17585-;[0]=ew_0_307244,K009M,PresentElder,282.21,282.05,https://labbcat.canterbury.ac.nz/maonze/transcript?ag_id=477#ew_0_307244,0.16,160,5.075173815,,
6083,oa,g_477;em_12_49181;n_71099-n_71100;p_121;#=ew_69_167826;prefix=17594-;[0]=ew_0_307267,K009M,PresentElder,290.469,290.309,https://labbcat.canterbury.ac.nz/maonze/transcript?ag_id=477#ew_0_307267,0.16,160,5.075173815,,
6174,oa,g_598;em_12_63999;n_83598-n_29494;p_140;#=ew_69_189627;prefix=38602-;[0]=ew_0_381777,L1Y05M,L1,318.755,318.595,https://labbcat.canterbury.ac.nz/maonze/transcript?ag_id=598#ew_0_381777,0.16,160,5.075173815,,
6203,oa,g_61;em_12_4254;n_34569-n_34570;p_32;#=ew_69_159383;prefix=10081-;[0]=ew_0_42242,K004M,PresentElder,314.888,314.728,https://labbcat.canterbury.ac.nz/maonze/transcript?ag_id=61#ew_0_42242,0.16,160,5.075173815,,
6568,oa,g_947;em_12_91668;n_105343-n_29843;p_181;#=ew_69_220853;prefix=67366-;[0]=ew_0_589794,R002M,PresentElder,287.907,287.747,https://labbcat.canterbury.ac.nz/maonze/transcript?ag_id=947#ew_0_589794,0.16,160,5.075173815,,
7210,ua,g_11;em_12_851;n_31497-n_31498;p_28;#=ew_69_149394;prefix=00423-;[0]=ew_0_7582,K001M,PresentElder,273.53,273.37,https://labbcat.canterbury.ac.nz/maonze/transcript?ag_id=11#ew_0_7582,0.16,160,5.075173815,,
7277,ua,g_117;em_12_8546;n_38103-n_38104;p_43;#=ew_69_211749;prefix=58854-;[0]=ew_0_1113882,MU02M,Historical,335.739,335.579,https://labbcat.canterbury.ac.nz/maonze/transcript?ag_id=117#ew_0_1113882,0.16,160,5.075173815,,
7608,ua,g_1521;em_12_126049;n_130093-n_130094;p_284;#=ew_69_210731;prefix=58531-;[0]=ew_0_886007,MU01M,Historical,257.681,257.521,https://labbcat.canterbury.ac.nz/maonze/transcript?ag_id=1521#ew_0_886007,0.16,160,5.075173815,,
7847,ua,g_1639;em_12_133161;n_135377-n_135378;p_288;#=ew_69_196842;prefix=44749-;[0]=ew_0_942386,L2H03M,L2,264.59,264.43,https://labbcat.canterbury.ac.nz/maonze/transcript?ag_id=1639#ew_0_942386,0.16,160,5.075173815,,
8164,ua,g_1839;em_12_148938;n_3846931-n_3846946;p_49;#=ew_69_204185;prefix=52279-;[0]=ew_0_1100301,L2Y03M,L2,287.513,287.353,https://labbcat.canterbury.ac.nz/maonze/transcript?ag_id=1839#ew_0_1100301,0.16,160,5.075173815,,
8603,ua,g_308;em_12_160710;n_6000011-n_6000020;p_81;#=ew_69_186356;prefix=35696-;[0]=ew_0_1238389,L1Y03M,L1,294.904,294.744,https://labbcat.canterbury.ac.nz/maonze/transcript?ag_id=308#ew_0_1238389,0.16,160,5.075173815,,
8938,ua,g_446;em_12_169660;n_6944613-n_6944614;p_110;#=ew_69_156027;prefix=05892-;[0]=ew_0_1326055,K003M,PresentElder,259.563,259.403,https://labbcat.canterbury.ac.nz/maonze/transcript?ag_id=446#ew_0_1326055,0.16,160,5.075173815,,
303,ea,g_11;em_12_861;n_31507-n_31508;p_28;#=ew_69_149408;prefix=00437-;[0]=ew_0_7647,K001M,PresentElder,305.386,305.236,https://labbcat.canterbury.ac.nz/maonze/transcript?ag_id=11#ew_0_7647,0.15,150,5.010635294,,
709,ea,g_1641;em_12_133272;n_135482-n_135483;p_288;#=ew_69_196684;prefix=44986-;[0]=ew_0_943298,L2H03M,L2,256.165,256.015,https://labbcat.canterbury.ac.nz/maonze/transcript?ag_id=1641#ew_0_943298,0.15,150,5.010635294,,
1193,ea,g_1945;em_12_165882;n_6848886-n_6848892;p_28;#=ew_69_151331;prefix=01708-;[0]=ew_0_1297605,K001M,PresentElder,325.891,325.741,https://labbcat.canterbury.ac.nz/maonze/transcript?ag_id=1945#ew_0_1297605,0.15,150,5.010635294,,
1611,ea,g_452;em_12_161436;n_6126132-n_6126134;p_110;#=ew_69_157356;prefix=07408-;[0]=ew_0_1252457,K003M,PresentElder,405.982,405.832,https://labbcat.canterbury.ac.nz/maonze/transcript?ag_id=452#ew_0_1252457,0.15,150,5.010635294,,
2599,ea,g_949;em_12_163283;n_6521894-n_6521899;p_181;#=ew_69_220722;prefix=67704-;[0]=ew_0_1278526,R002M,PresentElder,294.17,294.02,https://labbcat.canterbury.ac.nz/maonze/transcript?ag_id=949#ew_0_1278526,0.15,150,5.010635294,,
2613,ea,g_949;em_12_91757;n_105419-n_6521883;p_181;#=ew_69_220701;prefix=67692-;[0]=ew_0_1278355,R002M,PresentElder,270.617,270.467,https://labbcat.canterbury.ac.nz/maonze/transcript?ag_id=949#ew_0_1278355,0.15,150,5.010635294,,
3377,ia,g_1531;em_12_126482;n_130430-n_130431;p_200;#=ew_69_216191;prefix=63488-;[0]=ew_0_891647,MU08M,Historical,266.331,266.181,https://labbcat.canterbury.ac.nz/maonze/transcript?ag_id=1531#ew_0_891647,0.15,150,5.010635294,,
3399,ia,g_16;em_12_1289;n_31916-n_31917;p_19;#=ew_69_152354;prefix=02351-;[0]=ew_0_11277,K002M,PresentElder,310.093,309.943,https://labbcat.canterbury.ac.nz/maonze/transcript?ag_id=16#ew_0_11277,0.15,150,5.010635294,,
3415,ia,g_1619;em_12_131893;n_134359-n_5861751;p_299;#=ew_69_192129;prefix=40841-;[0]=ew_0_934199,L2H01M,L2,264.831,264.681,https://labbcat.canterbury.ac.nz/maonze/transcript?ag_id=1619#ew_0_934199,0.15,150,5.010635294,,
3658,ia,g_1888;em_12_155436;n_5264141-n_5264157;p_334;#=ew_69_237772;prefix=83805-;[0]=ew_0_1174274,R011M,PresentElder,259.771,259.621,https://labbcat.canterbury.ac.nz/maonze/transcript?ag_id=1888#ew_0_1174274,0.15,150,5.010635294,,
4060,ia,g_448;em_12_161443;n_6125933-n_6125935;p_110;#=ew_69_155487;prefix=06474-;[0]=ew_0_1253997,K003M,PresentElder,270.595,270.445,https://labbcat.canterbury.ac.nz/maonze/transcript?ag_id=448#ew_0_1253997,0.15,150,5.010635294,,
4107,ia,g_455;em_12_158565;n_5392312-n_5391952;p_112;#=ew_69_161186;prefix=11732-;[0]=ew_0_1210505,K006M,PresentElder,284.689,284.539,https://labbcat.canterbury.ac.nz/maonze/transcript?ag_id=455#ew_0_1210505,0.15,150,5.010635294,,
4247,ia,g_55;em_12_161985;n_6214585-n_6214586;p_32;#=ew_69_158991;prefix=08757-;[0]=ew_0_1259998,K004M,PresentElder,314.333,314.183,https://labbcat.canterbury.ac.nz/maonze/transcript?ag_id=55#ew_0_1259998,0.15,150,5.010635294,,
5366,oa,g_1528;em_12_126339;n_130352-n_130353;p_287;#=ew_69_229484;prefix=76148-;[0]=ew_0_890370,R006M,PresentElder,267.324,267.174,https://labbcat.canterbury.ac.nz/maonze/transcript?ag_id=1528#ew_0_890370,0.15,150,5.010635294,,
5795,oa,g_1947;em_12_166043;n_6850774-n_6850794;p_121;#=ew_69_168827;prefix=18440-;[0]=ew_0_1298941,K009M,PresentElder,259.389,259.239,https://labbcat.canterbury.ac.nz/maonze/transcript?ag_id=1947#ew_0_1298941,0.15,150,5.010635294,,
5806,oa,g_22;em_12_1855;n_32472-n_32473;p_19;#=ew_69_153615;prefix=04212-;[0]=ew_0_15881,K002M,PresentElder,256.617,256.467,https://labbcat.canterbury.ac.nz/maonze/transcript?ag_id=22#ew_0_15881,0.15,150,5.010635294,,
6256,oa,g_630;em_12_65917;n_85389-n_85390;p_143;#=ew_69_203786;prefix=51135-;[0]=ew_0_400198,L2Y02M,L2,328.651,328.501,https://labbcat.canterbury.ac.nz/maonze/transcript?ag_id=630#ew_0_400198,0.15,150,5.010635294,,
6661,oa,g_99;em_12_162763;n_6282017-n_6282024;p_41;#=ew_69_163734;prefix=13163-;[0]=ew_0_1272264,K007M,PresentElder,267.24,267.09,https://labbcat.canterbury.ac.nz/maonze/transcript?ag_id=99#ew_0_1272264,0.15,150,5.010635294,,
6667,oa,g_991;em_12_94129;n_107174-n_29887;p_182;#=ew_69_226919;prefix=73696-;[0]=ew_0_613170,R005M,PresentElder,258.66,258.51,https://labbcat.canterbury.ac.nz/maonze/transcript?ag_id=991#ew_0_613170,0.15,150,5.010635294,,
7224,ua,g_115;em_12_8286;n_37845-n_37846;p_43;#=ew_69_211267;prefix=59450-;[0]=ew_0_80272,MU02M,Historical,278.23,278.08,https://labbcat.canterbury.ac.nz/maonze/transcript?ag_id=115#ew_0_80272,0.15,150,5.010635294,,
7228,ua,g_115;em_12_8304;n_37863-n_37864;p_43;#=ew_69_211347;prefix=59492-;[0]=ew_0_1113500,MU02M,Historical,341.605,341.455,https://labbcat.canterbury.ac.nz/maonze/transcript?ag_id=115#ew_0_1113500,0.15,150,5.010635294,,
7846,ua,g_1639;em_12_133161;n_135377-n_135378;p_288;#=ew_69_196841;prefix=44748-;[0]=ew_0_942380,L2H03M,L2,262.67,262.52,https://labbcat.canterbury.ac.nz/maonze/transcript?ag_id=1639#ew_0_942380,0.15,150,5.010635294,,
9049,ua,g_467;em_12_148427;n_3622411-n_29363;p_120;#=ew_69_166140;prefix=16190-;[0]=ew_0_1091499,K008M,PresentElder,311.963,311.813,https://labbcat.canterbury.ac.nz/maonze/transcript?ag_id=467#ew_0_1091499,0.15,150,5.010635294,,
9133,ua,g_486;em_12_49822;n_71634-n_71635;p_121;#=ew_69_166891;prefix=16917-;[0]=ew_0_312850,K009M,PresentElder,275.336,275.186,https://labbcat.canterbury.ac.nz/maonze/transcript?ag_id=486#ew_0_312850,0.15,150,5.010635294,,
9593,ua,g_638;em_12_66747;n_86078-n_86079;p_145;#=ew_69_200966;prefix=49615-;[0]=ew_0_406861,L2Y01M,L2,323.533,323.383,https://labbcat.canterbury.ac.nz/maonze/transcript?ag_id=638#ew_0_406861,0.15,150,5.010635294,,
10286,ua,g_928;em_12_90483;n_104301-n_104302;p_179;#=ew_69_218020;prefix=65028-;[0]=ew_0_581418,R001M,PresentElder,342.79,342.64,https://labbcat.canterbury.ac.nz/maonze/transcript?ag_id=928#ew_0_581418,0.15,150,5.010635294,,
23,ea,g_101;em_12_162902;n_6285643-n_6285648;p_41;#=ew_69_163128;prefix=13646-;[0]=ew_0_1273550,K007M,PresentElder,249.702,249.552,https://labbcat.canterbury.ac.nz/maonze/transcript?ag_id=101#ew_0_1273550,0.15,150,5.010635294,,
85,ea,g_1028;em_12_171444;n_7052001-n_7052002;p_190;#=ew_69_233187;prefix=79764-;[0]=ew_0_1344462,R009M,PresentElder,133.576,133.426,https://labbcat.canterbury.ac.nz/maonze/transcript?ag_id=1028#ew_0_1344462,0.15,150,5.010635294,,
118,ea,g_1035;em_12_96630;n_108928-n_108929;p_190;#=ew_69_234549;prefix=80905-;[0]=ew_0_638419,R009M,PresentElder,73.078,72.928,https://labbcat.canterbury.ac.nz/maonze/transcript?ag_id=1035#ew_0_638419,0.15,150,5.010635294,,
187,ea,g_1048;em_12_97575;n_109480-n_109481;p_193;#=ew_69_236759;prefix=83098-;[0]=ew_0_647432,R010M,PresentElder,140.671,140.521,https://labbcat.canterbury.ac.nz/maonze/transcript?ag_id=1048#ew_0_647432,0.15,150,5.010635294,,
212,ea,g_1072;em_12_99620;n_110834-n_110835;p_206;#=ew_69_245911;prefix=91447-;[0]=ew_0_660673,WU06M,Historical,159.548,159.398,https://labbcat.canterbury.ac.nz/maonze/transcript?ag_id=1072#ew_0_660673,0.15,150,5.010635294,,
231,ea,g_1077;em_12_99879;n_111071-n_111072;p_208;#=ew_69_246403;prefix=92065-;[0]=ew_0_663177,WU07M,Historical,152.274,152.124,https://labbcat.canterbury.ac.nz/maonze/transcript?ag_id=1077#ew_0_663177,0.15,150,5.010635294,,
334,ea,g_1201;em_12_108787;n_117590-n_117591;p_244;#=ew_69_243389;prefix=89315-;[0]=ew_0_725005,WU04M,Historical,186.882,186.732,https://labbcat.canterbury.ac.nz/maonze/transcript?ag_id=1201#ew_0_725005,0.15,150,5.010635294,,
341,ea,g_1201;em_12_108794;n_117597-n_117598;p_244;#=ew_69_243446;prefix=89343-;[0]=ew_0_725059,WU04M,Historical,210.053,209.903,https://labbcat.canterbury.ac.nz/maonze/transcript?ag_id=1201#ew_0_725059,0.15,150,5.010635294,,
432,ea,g_1241;em_12_111547;n_21769-n_21770;p_249;#=ew_69_180999;prefix=30495-;[0]=ew_0_745828,L1H06M,L1,53.688,53.538,https://labbcat.canterbury.ac.nz/maonze/transcript?ag_id=1241#ew_0_745828,0.15,150,5.010635294,,
488,ea,g_1372;em_12_118278;n_123825-n_123826;p_287;#=ew_69_227937;prefix=74802-;[0]=ew_0_814449,R006M,PresentElder,211.981,211.831,https://labbcat.canterbury.ac.nz/maonze/transcript?ag_id=1372#ew_0_814449,0.15,150,5.010635294,,
497,ea,g_1373;em_12_118329;n_123873-n_123874;p_287;#=ew_69_227743;prefix=74620-;[0]=ew_0_815152,R006M,PresentElder,238.27,238.12,https://labbcat.canterbury.ac.nz/maonze/transcript?ag_id=1373#ew_0_815152,0.15,150,5.010635294,,
521,ea,g_1394;em_12_119255;n_124718-n_124719;p_262;#=ew_69_249749;prefix=95421-;[0]=ew_0_825674,WU08M,Historical,162.702,162.552,https://labbcat.canterbury.ac.nz/maonze/transcript?ag_id=1394#ew_0_825674,0.15,150,5.010635294,,
524,ea,g_1395;em_12_119274;n_124734-n_124735;p_262;#=ew_69_249863;prefix=95494-;[0]=ew_0_825940,WU08M,Historical,68.516,68.366,https://labbcat.canterbury.ac.nz/maonze/transcript?ag_id=1395#ew_0_825940,0.15,150,5.010635294,,
542,ea,g_1512;em_12_125565;n_129716-n_25183;p_276;#=ew_69_242337;prefix=88400-;[0]=ew_0_1346855,WU03M,Historical,230.838,230.688,https://labbcat.canterbury.ac.nz/maonze/transcript?ag_id=1512#ew_0_1346855,0.15,150,5.010635294,,
565,ea,g_1522;em_12_126088;n_130127-n_6613469;p_287;#=ew_69_228490;prefix=75100-;[0]=ew_0_886532,R006M,PresentElder,196.65,196.5,https://labbcat.canterbury.ac.nz/maonze/transcript?ag_id=1522#ew_0_886532,0.15,150,5.010635294,,
651,ea,g_1620;em_12_131940;n_134392-n_134393;p_299;#=ew_69_191810;prefix=40889-;[0]=ew_0_934567,L2H01M,L2,168.205,168.055,https://labbcat.canterbury.ac.nz/maonze/transcript?ag_id=1620#ew_0_934567,0.15,150,5.010635294,,
678,ea,g_1626;em_12_132387;n_134721-n_134722;p_299;#=ew_69_192784;prefix=41529-;[0]=ew_0_937519,L2H01M,L2,131.162,131.012,https://labbcat.canterbury.ac.nz/maonze/transcript?ag_id=1626#ew_0_937519,0.15,150,5.010635294,,
693,ea,g_1635;em_12_132856;n_135095-n_135096;p_288;#=ew_69_195637;prefix=44165-;[0]=ew_0_940631,L2H03M,L2,189.971,189.821,https://labbcat.canterbury.ac.nz/maonze/transcript?ag_id=1635#ew_0_940631,0.15,150,5.010635294,,
701,ea,g_1639;em_12_133125;n_135347-n_135348;p_288;#=ew_69_196747;prefix=44664-;[0]=ew_0_942042,L2H03M,L2,106.98,106.83,https://labbcat.canterbury.ac.nz/maonze/transcript?ag_id=1639#ew_0_942042,0.15,150,5.010635294,,
719,ea,g_1643;em_12_133352;n_135560-n_135561;p_288;#=ew_69_196288;prefix=45186-;[0]=ew_0_943952,L2H03M,L2,70.724,70.574,https://labbcat.canterbury.ac.nz/maonze/transcript?ag_id=1643#ew_0_943952,0.15,150,5.010635294,,
743,ea,g_1649;em_12_133753;n_135882-n_27147;p_300;#=ew_69_193504;prefix=42507-;[0]=ew_0_946862,L2H02M,L2,77.98,77.83,https://labbcat.canterbury.ac.nz/maonze/transcript?ag_id=1649#ew_0_946862,0.15,150,5.010635294,,
769,ea,g_1654;em_12_134252;n_136236-n_27292;p_300;#=ew_69_194813;prefix=43275-;[0]=ew_0_949780,L2H02M,L2,222.821,222.671,https://labbcat.canterbury.ac.nz/maonze/transcript?ag_id=1654#ew_0_949780,0.15,150,5.010635294,,
801,ea,g_1662;em_12_134629;n_136479-n_136480;p_302;#=ew_69_197058;prefix=45722-;[0]=ew_0_953148,L2H04M,L2,87.17,87.02,https://labbcat.canterbury.ac.nz/maonze/transcript?ag_id=1662#ew_0_953148,0.15,150,5.010635294,,
835,ea,g_1668;em_12_134905;n_136716-n_136717;p_302;#=ew_69_198294;prefix=46550-;[0]=ew_0_956202,L2H04M,L2,74.956,74.806,https://labbcat.canterbury.ac.nz/maonze/transcript?ag_id=1668#ew_0_956202,0.15,150,5.010635294,,
932,ea,g_1749;em_12_139841;n_140527-n_140528;p_318;#=ew_69_231343;prefix=77941-;[0]=ew_0_1002624,R008M,PresentElder,167.286,167.136,https://labbcat.canterbury.ac.nz/maonze/transcript?ag_id=1749#ew_0_1002624,0.15,150,5.010635294,,
1072,ea,g_1897;em_12_155978;n_5274164-n_5274177;p_333;#=ew_69_238579;prefix=84710-;[0]=ew_0_1182025,R012M,PresentElder,139.229,139.079,https://labbcat.canterbury.ac.nz/maonze/transcript?ag_id=1897#ew_0_1182025,0.15,150,5.010635294,,
1096,ea,g_1903;em_12_156511;n_5280194-n_5280208;p_333;#=ew_69_240053;prefix=85434-;[0]=ew_0_1187114,R012M,PresentElder,238.965,238.815,https://labbcat.canterbury.ac.nz/maonze/transcript?ag_id=1903#ew_0_1187114,0.15,150,5.010635294,,
1100,ea,g_1904;em_12_156535;n_5280878-n_5280900;p_333;#=ew_69_239680;prefix=85725-;[0]=ew_0_1187547,R012M,PresentElder,167.716,167.566,https://labbcat.canterbury.ac.nz/maonze/transcript?ag_id=1904#ew_0_1187547,0.15,150,5.010635294,,
1182,ea,g_1944;em_12_165775;n_6847349-n_6847359;p_28;#=ew_69_150332;prefix=01457-;[0]=ew_0_1296512,K001M,PresentElder,219.677,219.527,https://labbcat.canterbury.ac.nz/maonze/transcript?ag_id=1944#ew_0_1296512,0.15,150,5.010635294,,
1366,ea,g_318;em_12_161528;n_6130261-n_6130262;p_89;#=ew_69_188027;prefix=36930-;[0]=ew_0_1254851,L1Y04M,L1,253.703,253.553,https://labbcat.canterbury.ac.nz/maonze/transcript?ag_id=318#ew_0_1254851,0.15,150,5.010635294,,
1373,ea,g_319;em_12_31138;n_55755-n_55756;p_89;#=ew_69_187827;prefix=36962-;[0]=ew_0_213656,L1Y04M,L1,63.517,63.367,https://labbcat.canterbury.ac.nz/maonze/transcript?ag_id=319#ew_0_213656,0.15,150,5.010635294,,
1426,ea,g_326;em_12_33004;n_57301-n_57303;p_89;#=ew_69_188646;prefix=38090-;[0]=ew_0_218778,L1Y04M,L1,95.021,94.871,https://labbcat.canterbury.ac.nz/maonze/transcript?ag_id=326#ew_0_218778,0.15,150,5.010635294,,
1514,ea,g_368;em_12_35830;n_59658-n_59659;p_92;#=ew_69_212731;prefix=60533-;[0]=ew_0_1123110,MU04M,Historical,235.567,235.417,https://labbcat.canterbury.ac.nz/maonze/transcript?ag_id=368#ew_0_1123110,0.15,150,5.010635294,,
1547,ea,g_374;em_12_36802;n_4507916-n_60611;p_92;#=ew_69_213563;prefix=61426-;[0]=ew_0_1123248,MU04M,Historical,222.562,222.412,https://labbcat.canterbury.ac.nz/maonze/transcript?ag_id=374#ew_0_1123248,0.15,150,5.010635294,,
1564,ea,g_386;em_12_39227;n_63022-n_63023;p_95;#=ew_69_215749;prefix=62813-;[0]=ew_0_248879,MU06M,Historical,144.47,144.32,https://labbcat.canterbury.ac.nz/maonze/transcript?ag_id=386#ew_0_248879,0.15,150,5.010635294,,
1567,ea,g_387;em_12_39385;n_63179-n_63180;p_95;#=ew_69_214701;prefix=62958-;[0]=ew_0_249415,MU06M,Historical,60.121,59.971,https://labbcat.canterbury.ac.nz/maonze/transcript?ag_id=387#ew_0_249415,0.15,150,5.010635294,,
1605,ea,g_451;em_12_46640;n_69104-n_69105;p_110;#=ew_69_156303;prefix=06974-;[0]=ew_0_291709,K003M,PresentElder,47.965,47.815,https://labbcat.canterbury.ac.nz/maonze/transcript?ag_id=451#ew_0_291709,0.15,150,5.010635294,,
1664,ea,g_466;em_12_48111;n_70136-n_70137;p_120;#=ew_69_165572;prefix=16022-;[0]=ew_0_1091492,K008M,PresentElder,234.523,234.373,https://labbcat.canterbury.ac.nz/maonze/transcript?ag_id=466#ew_0_1091492,0.15,150,5.010635294,,
1730,ea,g_485;em_12_49750;n_71569-n_71570;p_121;#=ew_69_168311;prefix=19130-;[0]=ew_0_312133,K009M,PresentElder,102.405,102.255,https://labbcat.canterbury.ac.nz/maonze/transcript?ag_id=485#ew_0_312133,0.15,150,5.010635294,,
1828,ea,g_54;em_12_161937;n_6213622-n_6213623;p_32;#=ew_69_158215;prefix=08646-;[0]=ew_0_1258974,K004M,PresentElder,103.322,103.172,https://labbcat.canterbury.ac.nz/maonze/transcript?ag_id=54#ew_0_1258974,0.15,150,5.010635294,,
1893,ea,g_604;em_12_64331;n_83924-n_83925;p_140;#=ew_69_191367;prefix=39668-;[0]=ew_0_385518,L1Y05M,L1,174.161,174.011,https://labbcat.canterbury.ac.nz/maonze/transcript?ag_id=604#ew_0_385518,0.15,150,5.010635294,,
2023,ea,g_631;em_12_65981;n_10481-n_85449;p_143;#=ew_69_202275;prefix=51266-;[0]=ew_0_400681,L2Y02M,L2,93.168,93.018,https://labbcat.canterbury.ac.nz/maonze/transcript?ag_id=631#ew_0_400681,0.15,150,5.010635294,,
2095,ea,g_653;em_12_68486;n_87550-n_87551;p_146;#=ew_69_205930;prefix=54194-;[0]=ew_0_415594,L2Y04M,L2,208.608,208.458,https://labbcat.canterbury.ac.nz/maonze/transcript?ag_id=653#ew_0_415594,0.15,150,5.010635294,,
2101,ea,g_654;em_12_68729;n_87756-n_87757;p_146;#=ew_69_205834;prefix=54284-;[0]=ew_0_416138,L2Y04M,L2,215.576,215.426,https://labbcat.canterbury.ac.nz/maonze/transcript?ag_id=654#ew_0_416138,0.15,150,5.010635294,,
2188,ea,g_672;em_12_70739;n_89508-n_89509;p_148;#=ew_69_208393;prefix=56719-;[0]=ew_0_426270,L2Y05M,L2,110.825,110.675,https://labbcat.canterbury.ac.nz/maonze/transcript?ag_id=672#ew_0_426270,0.15,150,5.010635294,,
2235,ea,g_850;em_12_85509;n_100524-n_100525;p_167;#=ew_69_171258;prefix=20941-;[0]=ew_0_541422,L1H01M,L1,72.384,72.234,https://labbcat.canterbury.ac.nz/maonze/transcript?ag_id=850#ew_0_541422,0.15,150,5.010635294,,
2290,ea,g_857;em_12_86037;n_101021-n_101022;p_167;#=ew_69_172507;prefix=22050-;[0]=ew_0_545723,L1H01M,L1,180.744,180.594,https://labbcat.canterbury.ac.nz/maonze/transcript?ag_id=857#ew_0_545723,0.15,150,5.010635294,,
2348,ea,g_868;em_12_159536;n_5655826-n_5655830;p_168;#=ew_69_174206;prefix=23864-;[0]=ew_0_1219979,L1H02M,L1,245.626,245.476,https://labbcat.canterbury.ac.nz/maonze/transcript?ag_id=868#ew_0_1219979,0.15,150,5.010635294,,
2361,ea,g_869;em_12_86982;n_101703-n_29765;p_168;#=ew_69_174622;prefix=24063-;[0]=ew_0_553032,L1H02M,L1,254.047,253.897,https://labbcat.canterbury.ac.nz/maonze/transcript?ag_id=869#ew_0_553032,0.15,150,5.010635294,,
2385,ea,g_883;em_12_87839;n_102280-n_15176;p_169;#=ew_69_175766;prefix=25267-;[0]=ew_0_558394,L1H03M,L1,89.766,89.616,https://labbcat.canterbury.ac.nz/maonze/transcript?ag_id=883#ew_0_558394,0.15,150,5.010635294,,
2402,ea,g_891;em_12_88310;n_102588-n_102589;p_174;#=ew_69_178906;prefix=28836-;[0]=ew_0_561618,L1H05M,L1,78.795,78.645,https://labbcat.canterbury.ac.nz/maonze/transcript?ag_id=891#ew_0_561618,0.15,150,5.010635294,,
2421,ea,g_895;em_12_88524;n_102769-n_102770;p_174;#=ew_69_178164;prefix=28237-;[0]=ew_0_564174,L1H05M,L1,204.863,204.713,https://labbcat.canterbury.ac.nz/maonze/transcript?ag_id=895#ew_0_564174,0.15,150,5.010635294,,
2423,ea,g_895;em_12_88530;n_6970193-n_102776;p_174;#=ew_69_178202;prefix=28259-;[0]=ew_0_564233,L1H05M,L1,231.035,230.885,https://labbcat.canterbury.ac.nz/maonze/transcript?ag_id=895#ew_0_564233,0.15,150,5.010635294,,
2450,ea,g_9;em_12_580;n_31228-n_31229;p_28;#=ew_69_150485;prefix=00764-;[0]=ew_0_5295,K001M,PresentElder,86.177,86.027,https://labbcat.canterbury.ac.nz/maonze/transcript?ag_id=9#ew_0_5295,0.15,150,5.010635294,,
2454,ea,g_9;em_12_626;n_31274-n_31275;p_28;#=ew_69_150603;prefix=00880-;[0]=ew_0_5662,K001M,PresentElder,226.75,226.6,https://labbcat.canterbury.ac.nz/maonze/transcript?ag_id=9#ew_0_5662,0.15,150,5.010635294,,
2479,ea,g_902;em_12_88922;n_103094-n_103095;p_173;#=ew_69_177528;prefix=27010-;[0]=ew_0_567780,L1H04M,L1,182.982,182.832,https://labbcat.canterbury.ac.nz/maonze/transcript?ag_id=902#ew_0_567780,0.15,150,5.010635294,,
2484,ea,g_905;em_12_89036;n_103193-n_103194;p_173;#=ew_69_177208;prefix=26763-;[0]=ew_0_569163,L1H04M,L1,94.575,94.425,https://labbcat.canterbury.ac.nz/maonze/transcript?ag_id=905#ew_0_569163,0.15,150,5.010635294,,
2488,ea,g_906;em_12_89134;n_103242-n_103243;p_173;#=ew_69_177008;prefix=26715-;[0]=ew_0_569947,L1H04M,L1,232.151,232.001,https://labbcat.canterbury.ac.nz/maonze/transcript?ag_id=906#ew_0_569947,0.15,150,5.010635294,,
2604,ea,g_949;em_12_91727;n_105389-n_105390;p_181;#=ew_69_220482;prefix=67566-;[0]=ew_0_590600,R002M,PresentElder,100.861,100.711,https://labbcat.canterbury.ac.nz/maonze/transcript?ag_id=949#ew_0_590600,0.15,150,5.010635294,,
2609,ea,g_949;em_12_91747;n_105409-n_105410;p_181;#=ew_69_220629;prefix=67652-;[0]=ew_0_590913,R002M,PresentElder,231.84,231.69,https://labbcat.canterbury.ac.nz/maonze/transcript?ag_id=949#ew_0_590913,0.15,150,5.010635294,,
2638,ea,g_955;em_12_92010;n_6536267-n_105631;p_181;#=ew_69_221296;prefix=68280-;[0]=ew_0_594332,R002M,PresentElder,102.837,102.687,https://labbcat.canterbury.ac.nz/maonze/transcript?ag_id=955#ew_0_594332,0.15,150,5.010635294,,
2643,ea,g_956;em_12_92071;n_105674-n_105675;p_181;#=ew_69_221127;prefix=68498-;[0]=ew_0_595076,R002M,PresentElder,209.223,209.073,https://labbcat.canterbury.ac.nz/maonze/transcript?ag_id=956#ew_0_595076,0.15,150,5.010635294,,
2651,ea,g_959;em_12_92208;n_105798-n_105799;p_183;#=ew_69_222131;prefix=68926-;[0]=ew_0_596134,R003M,PresentElder,167.827,167.677,https://labbcat.canterbury.ac.nz/maonze/transcript?ag_id=959#ew_0_596134,0.15,150,5.010635294,,
2658,ea,g_960;em_12_92274;n_105858-n_105859;p_183;#=ew_69_222488;prefix=69143-;[0]=ew_0_596877,R003M,PresentElder,200.8,200.65,https://labbcat.canterbury.ac.nz/maonze/transcript?ag_id=960#ew_0_596877,0.15,150,5.010635294,,
2659,ea,g_960;em_12_92276;n_105860-n_6552885;p_183;#=ew_69_222507;prefix=69151-;[0]=ew_0_596900,R003M,PresentElder,206.532,206.382,https://labbcat.canterbury.ac.nz/maonze/transcript?ag_id=960#ew_0_596900,0.15,150,5.010635294,,
2712,ea,g_972;em_12_93007;n_106370-n_106371;p_184;#=ew_69_223793;prefix=70714-;[0]=ew_0_603132,R004M,PresentElder,122.257,122.107,https://labbcat.canterbury.ac.nz/maonze/transcript?ag_id=972#ew_0_603132,0.15,150,5.010635294,,
2714,ea,g_972;em_12_93019;n_106380-n_106381;p_184;#=ew_69_223887;prefix=70748-;[0]=ew_0_603243,R004M,PresentElder,168.824,168.674,https://labbcat.canterbury.ac.nz/maonze/transcript?ag_id=972#ew_0_603243,0.15,150,5.010635294,,
2755,ea,g_978;em_12_93514;n_6612102-n_16426;p_184;#=ew_69_225113;prefix=71731-;[0]=ew_0_606683,R004M,PresentElder,142.997,142.847,https://labbcat.canterbury.ac.nz/maonze/transcript?ag_id=978#ew_0_606683,0.15,150,5.010635294,,
2762,ea,g_979;em_12_93593;n_106742-n_106743;p_184;#=ew_69_224987;prefix=71907-;[0]=ew_0_607397,R004M,PresentElder,166,165.85,https://labbcat.canterbury.ac.nz/maonze/transcript?ag_id=979#ew_0_607397,0.15,150,5.010635294,,
2845,ia,g_10;em_12_707;n_31354-n_31355;p_28;#=ew_69_149881;prefix=00528-;[0]=ew_0_6345,K001M,PresentElder,102.727,102.577,https://labbcat.canterbury.ac.nz/maonze/transcript?ag_id=10#ew_0_6345,0.15,150,5.010635294,,
2874,ia,g_1011;em_12_95474;n_108341-n_108342;p_188;#=ew_69_229538;prefix=76540-;[0]=ew_0_625338,R007M,PresentElder,83.611,83.461,https://labbcat.canterbury.ac.nz/maonze/transcript?ag_id=1011#ew_0_625338,0.15,150,5.010635294,,
2883,ia,g_1015;em_12_163657;n_6670442-n_6670447;p_188;#=ew_69_230507;prefix=76948-;[0]=ew_0_1281977,R007M,PresentElder,132.018,131.868,https://labbcat.canterbury.ac.nz/maonze/transcript?ag_id=1015#ew_0_1281977,0.15,150,5.010635294,,
2899,ia,g_1020;em_12_96019;n_108503-n_108504;p_188;#=ew_69_230301;prefix=77362-;[0]=ew_0_1281722,R007M,PresentElder,95.342,95.192,https://labbcat.canterbury.ac.nz/maonze/transcript?ag_id=1020#ew_0_1281722,0.15,150,5.010635294,,
2920,ia,g_1026;em_12_96237;n_108660-n_108661;p_190;#=ew_69_232483;prefix=79442-;[0]=ew_0_632694,R009M,PresentElder,106.688,106.538,https://labbcat.canterbury.ac.nz/maonze/transcript?ag_id=1026#ew_0_632694,0.15,150,5.010635294,,
2928,ia,g_1027;em_12_96299;n_108691-n_108692;p_190;#=ew_69_232898;prefix=79628-;[0]=ew_0_633541,R009M,PresentElder,163.645,163.495,https://labbcat.canterbury.ac.nz/maonze/transcript?ag_id=1027#ew_0_633541,0.15,150,5.010635294,,
2953,ia,g_1030;em_12_96433;n_108782-n_108783;p_190;#=ew_69_234126;prefix=80125-;[0]=ew_0_635444,R009M,PresentElder,157.561,157.411,https://labbcat.canterbury.ac.nz/maonze/transcript?ag_id=1030#ew_0_635444,0.15,150,5.010635294,,
2968,ia,g_1032;em_12_96510;n_108837-n_17266;p_190;#=ew_69_233417;prefix=80381-;[0]=ew_0_636491,R009M,PresentElder,64.313,64.163,https://labbcat.canterbury.ac.nz/maonze/transcript?ag_id=1032#ew_0_636491,0.15,150,5.010635294,,
3093,ia,g_1083;em_12_100239;n_111359-n_111360;p_208;#=ew_69_247205;prefix=92876-;[0]=ew_0_666372,WU07M,Historical,201.1,200.95,https://labbcat.canterbury.ac.nz/maonze/transcript?ag_id=1083#ew_0_666372,0.15,150,5.010635294,,
3124,ia,g_1089;em_12_100550;n_111623-n_111624;p_208;#=ew_69_247736;prefix=93560-;[0]=ew_0_669284,WU07M,Historical,71.004,70.854,https://labbcat.canterbury.ac.nz/maonze/transcript?ag_id=1089#ew_0_669284,0.15,150,5.010635294,,
3219,ia,g_1206;em_12_109302;n_118098-n_118099;p_244;#=ew_69_244082;prefix=89973-;[0]=ew_0_727724,WU04M,Historical,43.249,43.099,https://labbcat.canterbury.ac.nz/maonze/transcript?ag_id=1206#ew_0_727724,0.15,150,5.010635294,,
3231,ia,g_1209;em_12_109654;n_118439-n_118440;p_244;#=ew_69_244007;prefix=90547-;[0]=ew_0_729745,WU04M,Historical,178.473,178.323,https://labbcat.canterbury.ac.nz/maonze/transcript?ag_id=1209#ew_0_729745,0.15,150,5.010635294,,
3254,ia,g_1242;em_12_111650;n_119230-n_5825496;p_249;#=ew_69_181365;prefix=30646-;[0]=ew_0_1226333,L1H06M,L1,166.633,166.483,https://labbcat.canterbury.ac.nz/maonze/transcript?ag_id=1242#ew_0_1226333,0.15,150,5.010635294,,
3262,ia,g_131;em_12_8899;n_38379-n_38380;p_284;#=ew_69_209088;prefix=56858-;[0]=ew_0_86013,MU01M,Historical,171.595,171.445,https://labbcat.canterbury.ac.nz/maonze/transcript?ag_id=131#ew_0_86013,0.15,150,5.010635294,,
3282,ia,g_1372;em_12_118267;n_123814-n_123815;p_287;#=ew_69_227832;prefix=74750-;[0]=ew_0_814279,R006M,PresentElder,135.727,135.577,https://labbcat.canterbury.ac.nz/maonze/transcript?ag_id=1372#ew_0_814279,0.15,150,5.010635294,,
3291,ia,g_138;em_12_9644;n_39116-n_39117;p_284;#=ew_69_210192;prefix=57828-;[0]=ew_0_92976,MU01M,Historical,189.441,189.291,https://labbcat.canterbury.ac.nz/maonze/transcript?ag_id=138#ew_0_92976,0.15,150,5.010635294,,
3307,ia,g_1387;em_12_119018;n_4711569-n_4711571;p_262;#=ew_69_248832;prefix=94491-;[0]=ew_0_822148,WU08M,Historical,168.683,168.533,https://labbcat.canterbury.ac.nz/maonze/transcript?ag_id=1387#ew_0_822148,0.15,150,5.010635294,,
3389,ia,g_1547;em_12_127334;n_130856-n_25798;p_291;#=ew_69_216809;prefix=64043-;[0]=ew_0_899665,MU09M,Historical,147.631,147.481,https://labbcat.canterbury.ac.nz/maonze/transcript?ag_id=1547#ew_0_899665,0.15,150,5.010635294,,
3414,ia,g_1619;em_12_131889;n_134355-n_134356;p_299;#=ew_69_192095;prefix=40829-;[0]=ew_0_934153,L2H01M,L2,243.25,243.1,https://labbcat.canterbury.ac.nz/maonze/transcript?ag_id=1619#ew_0_934153,0.15,150,5.010635294,,
3500,ia,g_1653;em_12_134165;n_136178-n_136179;p_300;#=ew_69_194937;prefix=43145-;[0]=ew_0_949229,L2H02M,L2,182.389,182.239,https://labbcat.canterbury.ac.nz/maonze/transcript?ag_id=1653#ew_0_949229,0.15,150,5.010635294,,
3523,ia,g_1663;em_12_134694;n_136531-n_136532;p_302;#=ew_69_197358;prefix=45889-;[0]=ew_0_953797,L2H04M,L2,141.345,141.195,https://labbcat.canterbury.ac.nz/maonze/transcript?ag_id=1663#ew_0_953797,0.15,150,5.010635294,,
3534,ia,g_1666;em_12_163183;n_6398952-n_6398957;p_302;#=ew_69_197860;prefix=46320-;[0]=ew_0_1276936,L2H04M,L2,95.375,95.225,https://labbcat.canterbury.ac.nz/maonze/transcript?ag_id=1666#ew_0_1276936,0.15,150,5.010635294,,
3584,ia,g_1753;em_12_140143;n_140790-n_140791;p_318;#=ew_69_231731;prefix=78400-;[0]=ew_0_1004202,R008M,PresentElder,201.1,200.95,https://labbcat.canterbury.ac.nz/maonze/transcript?ag_id=1753#ew_0_1004202,0.15,150,5.010635294,,
3667,ia,g_1894;em_12_155774;n_5269883-n_5269908;p_334;#=ew_69_238045;prefix=84197-;[0]=ew_0_1179922,R011M,PresentElder,248.04,247.89,https://labbcat.canterbury.ac.nz/maonze/transcript?ag_id=1894#ew_0_1179922,0.15,150,5.010635294,,
3701,ia,g_1903;em_12_156462;n_5279855-n_5279874;p_333;#=ew_69_239953;prefix=85551-;[0]=ew_0_1186723,R012M,PresentElder,129.579,129.429,https://labbcat.canterbury.ac.nz/maonze/transcript?ag_id=1903#ew_0_1186723,0.15,150,5.010635294,,
3746,ia,g_1912;em_12_157053;n_5288777-n_5288798;p_333;#=ew_69_240121;prefix=87232-;[0]=ew_0_1194766,R012M,PresentElder,151.62,151.47,https://labbcat.canterbury.ac.nz/maonze/transcript?ag_id=1912#ew_0_1194766,0.15,150,5.010635294,,
3918,ia,g_331;em_12_33246;n_57510-n_57511;p_85;#=ew_69_184235;prefix=33378-;[0]=ew_0_220962,L1Y02M,L1,134.08,133.93,https://labbcat.canterbury.ac.nz/maonze/transcript?ag_id=331#ew_0_220962,0.15,150,5.010635294,,
4022,ia,g_386;em_12_39193;n_62988-n_62989;p_95;#=ew_69_215700;prefix=62771-;[0]=ew_0_248709,MU06M,Historical,81.563,81.413,https://labbcat.canterbury.ac.nz/maonze/transcript?ag_id=386#ew_0_248709,0.15,150,5.010635294,,
4059,ia,g_448;em_12_161406;n_6125847-n_6125849;p_110;#=ew_69_155142;prefix=06353-;[0]=ew_0_1254104,K003M,PresentElder,122.096,121.946,https://labbcat.canterbury.ac.nz/maonze/transcript?ag_id=448#ew_0_1254104,0.15,150,5.010635294,,
4061,ia,g_448;em_12_161457;n_6125920-n_6125922;p_110;#=ew_69_155395;prefix=06452-;[0]=ew_0_1253455,K003M,PresentElder,251.109,250.959,https://labbcat.canterbury.ac.nz/maonze/transcript?ag_id=448#ew_0_1253455,0.15,150,5.010635294,,
4119,ia,g_464;em_12_47866;n_69928-n_69929;p_120;#=ew_69_165947;prefix=15657-;[0]=ew_0_299435,K008M,PresentElder,242.633,242.483,https://labbcat.canterbury.ac.nz/maonze/transcript?ag_id=464#ew_0_299435,0.15,150,5.010635294,,
4142,ia,g_476;em_12_161870;n_6176225-n_6176228;p_121;#=ew_69_167106;prefix=17538-;[0]=ew_0_1258850,K009M,PresentElder,139.429,139.279,https://labbcat.canterbury.ac.nz/maonze/transcript?ag_id=476#ew_0_1258850,0.15,150,5.010635294,,
4169,ia,g_483;em_12_49639;n_8227-n_71467;p_121;#=ew_69_168328;prefix=18807-;[0]=ew_0_310936,K009M,PresentElder,230.376,230.226,https://labbcat.canterbury.ac.nz/maonze/transcript?ag_id=483#ew_0_310936,0.15,150,5.010635294,,
4284,ia,g_599;em_12_64047;n_83645-n_83646;p_140;#=ew_69_189768;prefix=38717-;[0]=ew_0_382234,L1Y05M,L1,213.921,213.771,https://labbcat.canterbury.ac.nz/maonze/transcript?ag_id=599#ew_0_382234,0.15,150,5.010635294,,
4295,ia,g_602;em_12_64222;n_83817-n_83818;p_140;#=ew_69_190281;prefix=39220-;[0]=ew_0_384120,L1Y05M,L1,223.407,223.257,https://labbcat.canterbury.ac.nz/maonze/transcript?ag_id=602#ew_0_384120,0.15,150,5.010635294,,
4352,ia,g_624;em_12_161120;n_6056208-n_6056241;p_142;#=ew_69_183298;prefix=32594-;[0]=ew_0_1244999,L1Y01M,L1,145.942,145.792,https://labbcat.canterbury.ac.nz/maonze/transcript?ag_id=624#ew_0_1244999,0.15,150,5.010635294,,
4358,ia,g_625;em_12_65325;n_84845-n_84846;p_142;#=ew_69_183324;prefix=32825-;[0]=ew_0_396223,L1Y01M,L1,162.846,162.696,https://labbcat.canterbury.ac.nz/maonze/transcript?ag_id=625#ew_0_396223,0.15,150,5.010635294,,
4522,ia,g_856;em_12_85957;n_100944-n_100945;p_167;#=ew_69_171939;prefix=21893-;[0]=ew_0_545123,L1H01M,L1,147.121,146.971,https://labbcat.canterbury.ac.nz/maonze/transcript?ag_id=856#ew_0_545123,0.15,150,5.010635294,,
4574,ia,g_868;em_12_159533;n_5655830-n_5655835;p_168;#=ew_69_174211;prefix=23869-;[0]=ew_0_1220245,L1H02M,L1,249.482,249.332,https://labbcat.canterbury.ac.nz/maonze/transcript?ag_id=868#ew_0_1220245,0.15,150,5.010635294,,
4607,ia,g_887;em_12_88141;n_102439-n_102440;p_169;#=ew_69_175993;prefix=25573-;[0]=ew_0_560038,L1H03M,L1,152.165,152.015,https://labbcat.canterbury.ac.nz/maonze/transcript?ag_id=887#ew_0_560038,0.15,150,5.010635294,,
4613,ia,g_889;em_12_159848;n_5773517-n_5773531;p_174;#=ew_69_178842;prefix=29082-;[0]=ew_0_1224190,L1H05M,L1,62.133,61.983,https://labbcat.canterbury.ac.nz/maonze/transcript?ag_id=889#ew_0_1224190,0.15,150,5.010635294,,
4687,ia,g_911;em_12_89316;n_103311-n_103312;p_173;#=ew_69_176780;prefix=26162-;[0]=ew_0_572440,L1H04M,L1,203.834,203.684,https://labbcat.canterbury.ac.nz/maonze/transcript?ag_id=911#ew_0_572440,0.15,150,5.010635294,,
4691,ia,g_913;em_12_89365;n_103329-n_103330;p_173;#=ew_69_176362;prefix=25871-;[0]=ew_0_573126,L1H04M,L1,33.828,33.678,https://labbcat.canterbury.ac.nz/maonze/transcript?ag_id=913#ew_0_573126,0.15,150,5.010635294,,
4737,ia,g_936;em_12_90970;n_104758-n_104759;p_179;#=ew_69_218325;prefix=65723-;[0]=ew_0_584022,R001M,PresentElder,120.421,120.271,https://labbcat.canterbury.ac.nz/maonze/transcript?ag_id=936#ew_0_584022,0.15,150,5.010635294,,
4750,ia,g_939;em_12_91209;n_104982-n_104983;p_179;#=ew_69_219055;prefix=66264-;[0]=ew_0_585838,R001M,PresentElder,77.09,76.94,https://labbcat.canterbury.ac.nz/maonze/transcript?ag_id=939#ew_0_585838,0.15,150,5.010635294,,
4838,ia,g_971;em_12_92948;n_106324-n_106325;p_184;#=ew_69_223607;prefix=70610-;[0]=ew_0_602654,R004M,PresentElder,145.995,145.845,https://labbcat.canterbury.ac.nz/maonze/transcript?ag_id=971#ew_0_602654,0.15,150,5.010635294,,
4913,ia,g_99;em_12_162806;n_6281915-n_6281920;p_41;#=ew_69_163613;prefix=13109-;[0]=ew_0_1269110,K007M,PresentElder,146.701,146.551,https://labbcat.canterbury.ac.nz/maonze/transcript?ag_id=99#ew_0_1269110,0.15,150,5.010635294,,
4941,oa,g_101;em_12_7051;n_36895-n_36896;p_41;#=ew_69_162967;prefix=13599-;[0]=ew_0_69490,K007M,PresentElder,135.27,135.12,https://labbcat.canterbury.ac.nz/maonze/transcript?ag_id=101#ew_0_69490,0.15,150,5.010635294,,
4951,oa,g_1012;em_12_95593;n_16786-n_108409;p_188;#=ew_69_230226;prefix=76735-;[0]=ew_0_626154,R007M,PresentElder,242.413,242.263,https://labbcat.canterbury.ac.nz/maonze/transcript?ag_id=1012#ew_0_626154,0.15,150,5.010635294,,
4980,oa,g_1023;em_12_96122;n_108576-n_108577;p_190;#=ew_69_232723;prefix=78974-;[0]=ew_0_630800,R009M,PresentElder,169.238,169.088,https://labbcat.canterbury.ac.nz/maonze/transcript?ag_id=1023#ew_0_630800,0.15,150,5.010635294,,
4995,oa,g_1025;em_12_96199;n_108637-n_17162;p_190;#=ew_69_232414;prefix=79304-;[0]=ew_0_632147,R009M,PresentElder,136.68,136.53,https://labbcat.canterbury.ac.nz/maonze/transcript?ag_id=1025#ew_0_632147,0.15,150,5.010635294,,
4996,oa,g_1025;em_12_96216;n_6702213-n_108647;p_190;#=ew_69_232579;prefix=79363-;[0]=ew_0_632379,R009M,PresentElder,225.933,225.783,https://labbcat.canterbury.ac.nz/maonze/transcript?ag_id=1025#ew_0_632379,0.15,150,5.010635294,,
5021,oa,g_1033;em_12_96548;n_17276-n_108865;p_190;#=ew_69_233634;prefix=80520-;[0]=ew_0_637104,R009M,PresentElder,78.391,78.241,https://labbcat.canterbury.ac.nz/maonze/transcript?ag_id=1033#ew_0_637104,0.15,150,5.010635294,,
5041,oa,g_1036;em_12_96698;n_108984-n_108985;p_193;#=ew_69_235234;prefix=81249-;[0]=ew_0_639377,R010M,PresentElder,205.965,205.815,https://labbcat.canterbury.ac.nz/maonze/transcript?ag_id=1036#ew_0_639377,0.15,150,5.010635294,,
5057,oa,g_1045;em_12_97436;n_109368-n_17608;p_193;#=ew_69_236401;prefix=82606-;[0]=ew_0_645889,R010M,PresentElder,87.489,87.339,https://labbcat.canterbury.ac.nz/maonze/transcript?ag_id=1045#ew_0_645889,0.15,150,5.010635294,,
5063,oa,g_1047;em_12_97512;n_6793439-n_6793442;p_193;#=ew_69_236493;prefix=82855-;[0]=ew_0_646766,R010M,PresentElder,84.566,84.416,https://labbcat.canterbury.ac.nz/maonze/transcript?ag_id=1047#ew_0_646766,0.15,150,5.010635294,,
5072,oa,g_1050;em_12_97678;n_17693-n_17694;p_201;#=ew_69_241639;prefix=87713-;[0]=ew_0_648520,WU01M,Historical,159.03,158.88,https://labbcat.canterbury.ac.nz/maonze/transcript?ag_id=1050#ew_0_648520,0.15,150,5.010635294,,
5077,oa,g_107;em_12_163090;n_6288584-n_6288587;p_41;#=ew_69_164160;prefix=14850-;[0]=ew_0_1272524,K007M,PresentElder,93.131,92.981,https://labbcat.canterbury.ac.nz/maonze/transcript?ag_id=107#ew_0_1272524,0.15,150,5.010635294,,
5080,oa,g_107;em_12_163111;n_6288582-n_6288584;p_41;#=ew_69_164157;prefix=14847-;[0]=ew_0_1274081,K007M,PresentElder,90.501,90.351,https://labbcat.canterbury.ac.nz/maonze/transcript?ag_id=107#ew_0_1274081,0.15,150,5.010635294,,
5187,oa,g_1205;em_12_109222;n_118021-n_118022;p_244;#=ew_69_244411;prefix=89843-;[0]=ew_0_727239,WU04M,Historical,96.405,96.255,https://labbcat.canterbury.ac.nz/maonze/transcript?ag_id=1205#ew_0_727239,0.15,150,5.010635294,,
5195,oa,g_1209;em_12_109643;n_118428-n_118429;p_244;#=ew_69_243938;prefix=90518-;[0]=ew_0_729666,WU04M,Historical,145.143,144.993,https://labbcat.canterbury.ac.nz/maonze/transcript?ag_id=1209#ew_0_729666,0.15,150,5.010635294,,
5292,oa,g_1395;em_12_119296;n_124752-n_124753;p_262;#=ew_69_249990;prefix=95562-;[0]=ew_0_826214,WU08M,Historical,217.517,217.367,https://labbcat.canterbury.ac.nz/maonze/transcript?ag_id=1395#ew_0_826214,0.15,150,5.010635294,,
5327,oa,g_1522;em_12_126082;n_130121-n_130122;p_287;#=ew_69_228458;prefix=75069-;[0]=ew_0_886449,R006M,PresentElder,156.571,156.421,https://labbcat.canterbury.ac.nz/maonze/transcript?ag_id=1522#ew_0_886449,0.15,150,5.010635294,,
5330,oa,g_1522;em_12_163576;n_6613447-n_6613451;p_287;#=ew_69_228462;prefix=75073-;[0]=ew_0_1280963,R006M,PresentElder,163.275,163.125,https://labbcat.canterbury.ac.nz/maonze/transcript?ag_id=1522#ew_0_1280963,0.15,150,5.010635294,,
5364,oa,g_1528;em_12_126322;n_130335-n_130336;p_287;#=ew_69_229422;prefix=76087-;[0]=ew_0_890121,R006M,PresentElder,141.725,141.575,https://labbcat.canterbury.ac.nz/maonze/transcript?ag_id=1528#ew_0_890121,0.15,150,5.010635294,,
5423,oa,g_1636;em_12_132915;n_135152-n_135153;p_288;#=ew_69_195274;prefix=44275-;[0]=ew_0_1275763,L2H03M,L2,142.993,142.843,https://labbcat.canterbury.ac.nz/maonze/transcript?ag_id=1636#ew_0_1275763,0.15,150,5.010635294,,
5449,oa,g_1652;em_12_134059;n_136103-n_136104;p_300;#=ew_69_194875;prefix=42962-;[0]=ew_0_948582,L2H02M,L2,126.47,126.32,https://labbcat.canterbury.ac.nz/maonze/transcript?ag_id=1652#ew_0_948582,0.15,150,5.010635294,,
5479,oa,g_1661;em_12_134590;n_136456-n_136457;p_302;#=ew_69_197517;prefix=45576-;[0]=ew_0_952574,L2H04M,L2,79.787,79.637,https://labbcat.canterbury.ac.nz/maonze/transcript?ag_id=1661#ew_0_952574,0.15,150,5.010635294,,
5491,oa,g_1667;em_12_134887;n_136699-n_136700;p_302;#=ew_69_198044;prefix=46491-;[0]=ew_0_955975,L2H04M,L2,202.989,202.839,https://labbcat.canterbury.ac.nz/maonze/transcript?ag_id=1667#ew_0_955975,0.15,150,5.010635294,,
5595,oa,g_1845;em_12_149298;n_3851667-n_3851681;p_49;#=ew_69_204989;prefix=53045-;[0]=ew_0_1104311,L2Y03M,L2,127.2,127.05,https://labbcat.canterbury.ac.nz/maonze/transcript?ag_id=1845#ew_0_1104311,0.15,150,5.010635294,,
5612,oa,g_1868;em_12_153965;n_5221803-n_5221823;p_334;#=ew_69_237194;prefix=83544-;[0]=ew_0_1157666,R011M,PresentElder,199.534,199.384,https://labbcat.canterbury.ac.nz/maonze/transcript?ag_id=1868#ew_0_1157666,0.15,150,5.010635294,,
5615,oa,g_1868;em_12_153998;n_5221884-n_5221905;p_334;#=ew_69_237210;prefix=83603-;[0]=ew_0_1157237,R011M,PresentElder,227.524,227.374,https://labbcat.canterbury.ac.nz/maonze/transcript?ag_id=1868#ew_0_1157237,0.15,150,5.010635294,,
5684,oa,g_1901;em_12_156364;n_5278012-n_5278034;p_333;#=ew_69_239136;prefix=85111-;[0]=ew_0_1185365,R012M,PresentElder,113.028,112.878,https://labbcat.canterbury.ac.nz/maonze/transcript?ag_id=1901#ew_0_1185365,0.15,150,5.010635294,,
5692,oa,g_1902;em_12_156442;n_5279031-n_5279046;p_333;#=ew_69_239287;prefix=85421-;[0]=ew_0_1186305,R012M,PresentElder,112.549,112.399,https://labbcat.canterbury.ac.nz/maonze/transcript?ag_id=1902#ew_0_1186305,0.15,150,5.010635294,,
5701,oa,g_1904;em_12_156553;n_5281112-n_5281135;p_333;#=ew_69_239737;prefix=85777-;[0]=ew_0_1188255,R012M,PresentElder,223.804,223.654,https://labbcat.canterbury.ac.nz/maonze/transcript?ag_id=1904#ew_0_1188255,0.15,150,5.010635294,,
5726,oa,g_1909;em_12_156860;n_5285712-n_5285722;p_333;#=ew_69_241089;prefix=86669-;[0]=ew_0_1191710,R012M,PresentElder,207.729,207.579,https://labbcat.canterbury.ac.nz/maonze/transcript?ag_id=1909#ew_0_1191710,0.15,150,5.010635294,,
5731,oa,g_1910;em_12_156894;n_5286838-n_5286855;p_333;#=ew_69_240605;prefix=86779-;[0]=ew_0_1192682,R012M,PresentElder,211.692,211.542,https://labbcat.canterbury.ac.nz/maonze/transcript?ag_id=1910#ew_0_1192682,0.15,150,5.010635294,,
5740,oa,g_1911;em_12_157004;n_5287709-n_5287726;p_333;#=ew_69_240679;prefix=87145-;[0]=ew_0_1194250,R012M,PresentElder,165.216,165.066,https://labbcat.canterbury.ac.nz/maonze/transcript?ag_id=1911#ew_0_1194250,0.15,150,5.010635294,,
5746,oa,g_1913;em_12_157128;n_5290057-n_5290073;p_333;#=ew_69_240271;prefix=87259-;[0]=ew_0_1195802,R012M,PresentElder,194.223,194.073,https://labbcat.canterbury.ac.nz/maonze/transcript?ag_id=1913#ew_0_1195802,0.15,150,5.010635294,,
5755,oa,g_1920;em_12_161248;n_6079089-n_6079115;p_142;#=ew_69_183391;prefix=32674-;[0]=ew_0_1248002,L1Y01M,L1,80.842,80.692,https://labbcat.canterbury.ac.nz/maonze/transcript?ag_id=1920#ew_0_1248002,0.15,150,5.010635294,,
5843,oa,g_312;em_12_160703;n_5999816-n_5999941;p_81;#=ew_69_186956;prefix=36213-;[0]=ew_0_1239334,L1Y03M,L1,120.97,120.82,https://labbcat.canterbury.ac.nz/maonze/transcript?ag_id=312#ew_0_1239334,0.15,150,5.010635294,,
5856,oa,g_318;em_12_148562;n_3841844-n_3841870;p_89;#=ew_69_187929;prefix=36883-;[0]=ew_0_1096389,L1Y04M,L1,155.27,155.12,https://labbcat.canterbury.ac.nz/maonze/transcript?ag_id=318#ew_0_1096389,0.15,150,5.010635294,,
5866,oa,g_318;em_12_31031;n_55654-n_3841178;p_89;#=ew_69_187848;prefix=36836-;[0]=ew_0_213318,L1Y04M,L1,91.822,91.672,https://labbcat.canterbury.ac.nz/maonze/transcript?ag_id=318#ew_0_213318,0.15,150,5.010635294,,
5880,oa,g_321;em_12_31659;n_56234-n_3841326;p_89;#=ew_69_188153;prefix=37337-;[0]=ew_0_215302,L1Y04M,L1,184.615,184.465,https://labbcat.canterbury.ac.nz/maonze/transcript?ag_id=321#ew_0_215302,0.15,150,5.010635294,,
6022,oa,g_446;em_12_169659;n_6944589-n_6944590;p_110;#=ew_69_155772;prefix=05842-;[0]=ew_0_1325896,K003M,PresentElder,180.311,180.161,https://labbcat.canterbury.ac.nz/maonze/transcript?ag_id=446#ew_0_1325896,0.15,150,5.010635294,,
6125,oa,g_497;em_12_51518;n_72849-n_72850;p_122;#=ew_69_170583;prefix=20520-;[0]=ew_0_319629,K010M,PresentElder,151.502,151.352,https://labbcat.canterbury.ac.nz/maonze/transcript?ag_id=497#ew_0_319629,0.15,150,5.010635294,,
6225,oa,g_618;em_12_65059;n_84617-n_84618;p_142;#=ew_69_182907;prefix=32027-;[0]=ew_0_392996,L1Y01M,L1,172.69,172.54,https://labbcat.canterbury.ac.nz/maonze/transcript?ag_id=618#ew_0_392996,0.15,150,5.010635294,,
6347,oa,g_8;em_12_501;n_31155-n_31156;p_28;#=ew_69_149862;prefix=01150-;[0]=ew_0_4697,K001M,PresentElder,185.814,185.664,https://labbcat.canterbury.ac.nz/maonze/transcript?ag_id=8#ew_0_4697,0.15,150,5.010635294,,
6359,oa,g_85;em_12_5755;n_35805-n_35806;p_37;#=ew_69_161310;prefix=11248-;[0]=ew_0_58313,K005M,PresentElder,143.064,142.914,https://labbcat.canterbury.ac.nz/maonze/transcript?ag_id=85#ew_0_58313,0.15,150,5.010635294,,
6419,oa,g_869;em_12_86926;n_14894-n_101660;p_168;#=ew_69_174266;prefix=23933-;[0]=ew_0_552556,L1H02M,L1,64.561,64.411,https://labbcat.canterbury.ac.nz/maonze/transcript?ag_id=869#ew_0_552556,0.15,150,5.010635294,,
6435,oa,g_876;em_12_87357;n_101980-n_101981;p_169;#=ew_69_175207;prefix=24647-;[0]=ew_0_555492,L1H03M,L1,165.616,165.466,https://labbcat.canterbury.ac.nz/maonze/transcript?ag_id=876#ew_0_555492,0.15,150,5.010635294,,
6481,oa,g_9;em_12_601;n_31249-n_31250;p_28;#=ew_69_150526;prefix=00804-;[0]=ew_0_5462,K001M,PresentElder,145.66,145.51,https://labbcat.canterbury.ac.nz/maonze/transcript?ag_id=9#ew_0_5462,0.15,150,5.010635294,,
6492,oa,g_902;em_12_88919;n_103091-n_103092;p_173;#=ew_69_177512;prefix=27002-;[0]=ew_0_567753,L1H04M,L1,175.179,175.029,https://labbcat.canterbury.ac.nz/maonze/transcript?ag_id=902#ew_0_567753,0.15,150,5.010635294,,
6495,oa,g_903;em_12_159868;n_5773349-n_5773365;p_174;#=ew_69_177921;prefix=27405-;[0]=ew_0_1223946,L1H05M,L1,150.502,150.352,https://labbcat.canterbury.ac.nz/maonze/transcript?ag_id=903#ew_0_1223946,0.15,150,5.010635294,,
6506,oa,g_908;em_12_89185;n_103262-n_103263;p_173;#=ew_69_177028;prefix=26463-;[0]=ew_0_570683,L1H04M,L1,99.566,99.416,https://labbcat.canterbury.ac.nz/maonze/transcript?ag_id=908#ew_0_570683,0.15,150,5.010635294,,
6509,oa,g_909;em_12_89226;n_15558-n_15559;p_173;#=ew_69_176279;prefix=26314-;[0]=ew_0_571120,L1H04M,L1,64.18,64.03,https://labbcat.canterbury.ac.nz/maonze/transcript?ag_id=909#ew_0_571120,0.15,150,5.010635294,,
6510,oa,g_909;em_12_89253;n_103285-n_29805;p_173;#=ew_69_176450;prefix=26411-;[0]=ew_0_571524,L1H04M,L1,240.088,239.938,https://labbcat.canterbury.ac.nz/maonze/transcript?ag_id=909#ew_0_571524,0.15,150,5.010635294,,
6523,oa,g_927;em_12_90329;n_104148-n_104149;p_179;#=ew_69_217251;prefix=64703-;[0]=ew_0_580421,R001M,PresentElder,124.507,124.357,https://labbcat.canterbury.ac.nz/maonze/transcript?ag_id=927#ew_0_580421,0.15,150,5.010635294,,
6552,oa,g_941;em_12_91374;n_15883-n_15884;p_179;#=ew_69_219713;prefix=66613-;[0]=ew_0_587150,R001M,PresentElder,89.03,88.88,https://labbcat.canterbury.ac.nz/maonze/transcript?ag_id=941#ew_0_587150,0.15,150,5.010635294,,
6612,oa,g_971;em_12_92945;n_106321-n_106322;p_184;#=ew_69_223595;prefix=70598-;[0]=ew_0_602625,R004M,PresentElder,136.225,136.075,https://labbcat.canterbury.ac.nz/maonze/transcript?ag_id=971#ew_0_602625,0.15,150,5.010635294,,
6722,ua,g_1010;em_12_95386;n_108297-n_108298;p_188;#=ew_69_229966;prefix=76381-;[0]=ew_0_624758,R007M,PresentElder,39.465,39.315,https://labbcat.canterbury.ac.nz/maonze/transcript?ag_id=1010#ew_0_624758,0.15,150,5.010635294,,
6844,ua,g_1031;em_12_96474;n_108808-n_108809;p_190;#=ew_69_234139;prefix=80265-;[0]=ew_0_635973,R009M,PresentElder,114.078,113.928,https://labbcat.canterbury.ac.nz/maonze/transcript?ag_id=1031#ew_0_635973,0.15,150,5.010635294,,
6923,ua,g_1039;em_12_96963;n_109157-n_109158;p_193;#=ew_69_235684;prefix=81806-;[0]=ew_0_641804,R010M,PresentElder,229.851,229.701,https://labbcat.canterbury.ac.nz/maonze/transcript?ag_id=1039#ew_0_641804,0.15,150,5.010635294,,
6932,ua,g_1040;em_12_97034;n_109198-n_109199;p_193;#=ew_69_234791;prefix=82002-;[0]=ew_0_642397,R010M,PresentElder,174.151,174.001,https://labbcat.canterbury.ac.nz/maonze/transcript?ag_id=1040#ew_0_642397,0.15,150,5.010635294,,
6977,ua,g_1045;em_12_97455;n_109385-n_109386;p_193;#=ew_69_236595;prefix=82696-;[0]=ew_0_646203,R010M,PresentElder,202.168,202.018,https://labbcat.canterbury.ac.nz/maonze/transcript?ag_id=1045#ew_0_646203,0.15,150,5.010635294,,
6982,ua,g_1047;em_12_97536;n_109463-n_29944;p_193;#=ew_69_236648;prefix=82948-;[0]=ew_0_647026,R010M,PresentElder,198.5,198.35,https://labbcat.canterbury.ac.nz/maonze/transcript?ag_id=1047#ew_0_647026,0.15,150,5.010635294,,
7018,ua,g_1071;em_12_151823;n_4690883-n_4690884;p_206;#=ew_69_245711;prefix=91261-;[0]=ew_0_1133650,WU06M,Historical,161.185,161.035,https://labbcat.canterbury.ac.nz/maonze/transcript?ag_id=1071#ew_0_1133650,0.15,150,5.010635294,,
7024,ua,g_1071;em_12_99562;n_4690880-n_110778;p_206;#=ew_69_245642;prefix=91197-;[0]=ew_0_659872,WU06M,Historical,94.768,94.618,https://labbcat.canterbury.ac.nz/maonze/transcript?ag_id=1071#ew_0_659872,0.15,150,5.010635294,,
7025,ua,g_1071;em_12_99564;n_110779-n_110780;p_206;#=ew_69_245648;prefix=91203-;[0]=ew_0_659890,WU06M,Historical,102.293,102.143,https://labbcat.canterbury.ac.nz/maonze/transcript?ag_id=1071#ew_0_659890,0.15,150,5.010635294,,
7029,ua,g_1071;em_12_99572;n_110787-n_110788;p_206;#=ew_69_245699;prefix=91250-;[0]=ew_0_660007,WU06M,Historical,150.56,150.41,https://labbcat.canterbury.ac.nz/maonze/transcript?ag_id=1071#ew_0_660007,0.15,150,5.010635294,,
7041,ua,g_1072;em_12_99622;n_110836-n_110837;p_206;#=ew_69_245939;prefix=91456-;[0]=ew_0_660706,WU06M,Historical,169.838,169.688,https://labbcat.canterbury.ac.nz/maonze/transcript?ag_id=1072#ew_0_660706,0.15,150,5.010635294,,
7060,ua,g_1075;em_12_99740;n_110938-n_110939;p_208;#=ew_69_245417;prefix=91783-;[0]=ew_0_661912,WU07M,Historical,51.944,51.794,https://labbcat.canterbury.ac.nz/maonze/transcript?ag_id=1075#ew_0_661912,0.15,150,5.010635294,,
7086,ua,g_1078;em_12_99901;n_111092-n_111093;p_208;#=ew_69_245994;prefix=92115-;[0]=ew_0_663406,WU07M,Historical,54.834,54.684,https://labbcat.canterbury.ac.nz/maonze/transcript?ag_id=1078#ew_0_663406,0.15,150,5.010635294,,
7094,ua,g_1079;em_12_99969;n_111143-n_111144;p_208;#=ew_69_246054;prefix=92244-;[0]=ew_0_663930,WU07M,Historical,112.262,112.112,https://labbcat.canterbury.ac.nz/maonze/transcript?ag_id=1079#ew_0_663930,0.15,150,5.010635294,,
7231,ua,g_116;em_12_8324;n_37882-n_37883;p_43;#=ew_69_211884;prefix=58977-;[0]=ew_0_80636,MU02M,Historical,44.593,44.443,https://labbcat.canterbury.ac.nz/maonze/transcript?ag_id=116#ew_0_80636,0.15,150,5.010635294,,
7235,ua,g_116;em_12_8364;n_37922-n_37923;p_43;#=ew_69_211973;prefix=59064-;[0]=ew_0_1113856,MU02M,Historical,204.278,204.128,https://labbcat.canterbury.ac.nz/maonze/transcript?ag_id=116#ew_0_1113856,0.15,150,5.010635294,,
7310,ua,g_1207;em_12_109451;n_118240-n_118241;p_244;#=ew_69_243854;prefix=90200-;[0]=ew_0_728511,WU04M,Historical,127.447,127.297,https://labbcat.canterbury.ac.nz/maonze/transcript?ag_id=1207#ew_0_728511,0.15,150,5.010635294,,
7323,ua,g_1213;em_12_109850;n_118561-n_118562;p_244;#=ew_69_245015;prefix=91001-;[0]=ew_0_731551,WU04M,Historical,121.561,121.411,https://labbcat.canterbury.ac.nz/maonze/transcript?ag_id=1213#ew_0_731551,0.15,150,5.010635294,,
7379,ua,g_1240;em_12_111487;n_21712-n_5826085;p_249;#=ew_69_181171;prefix=30395-;[0]=ew_0_1229908,L1H06M,L1,85.869,85.719,https://labbcat.canterbury.ac.nz/maonze/transcript?ag_id=1240#ew_0_1229908,0.15,150,5.010635294,,
7427,ua,g_133;em_12_9019;n_38497-n_38498;p_284;#=ew_69_209562;prefix=57136-;[0]=ew_0_1114937,MU01M,Historical,243.931,243.781,https://labbcat.canterbury.ac.nz/maonze/transcript?ag_id=133#ew_0_1114937,0.15,150,5.010635294,,
7460,ua,g_1371;em_12_118232;n_123780-n_123781;p_287;#=ew_69_228186;prefix=74939-;[0]=ew_0_813770,R006M,PresentElder,193.473,193.323,https://labbcat.canterbury.ac.nz/maonze/transcript?ag_id=1371#ew_0_813770,0.15,150,5.010635294,,
7469,ua,g_1372;em_12_118257;n_123804-n_123805;p_287;#=ew_69_227762;prefix=74705-;[0]=ew_0_814150,R006M,PresentElder,79.108,78.958,https://labbcat.canterbury.ac.nz/maonze/transcript?ag_id=1372#ew_0_814150,0.15,150,5.010635294,,
7472,ua,g_1372;em_12_118269;n_123816-n_6613444;p_287;#=ew_69_227858;prefix=74765-;[0]=ew_0_814325,R006M,PresentElder,155.029,154.879,https://labbcat.canterbury.ac.nz/maonze/transcript?ag_id=1372#ew_0_814325,0.15,150,5.010635294,,
7480,ua,g_1373;em_12_118305;n_123849-n_123850;p_287;#=ew_69_227584;prefix=74539-;[0]=ew_0_814847,R006M,PresentElder,114.397,114.247,https://labbcat.canterbury.ac.nz/maonze/transcript?ag_id=1373#ew_0_814847,0.15,150,5.010635294,,
7497,ua,g_138;em_12_9630;n_39102-n_39103;p_284;#=ew_69_210024;prefix=57774-;[0]=ew_0_92814,MU01M,Historical,115.589,115.439,https://labbcat.canterbury.ac.nz/maonze/transcript?ag_id=138#ew_0_92814,0.15,150,5.010635294,,
7501,ua,g_1383;em_12_118874;n_124374-n_124375;p_262;#=ew_69_248293;prefix=93926-;[0]=ew_0_820035,WU08M,Historical,58.279,58.129,https://labbcat.canterbury.ac.nz/maonze/transcript?ag_id=1383#ew_0_820035,0.15,150,5.010635294,,
7657,ua,g_1527;em_12_126291;n_130305-n_130306;p_287;#=ew_69_229240;prefix=75951-;[0]=ew_0_889634,R006M,PresentElder,236.048,235.898,https://labbcat.canterbury.ac.nz/maonze/transcript?ag_id=1527#ew_0_889634,0.15,150,5.010635294,,
7660,ua,g_1527;em_12_163630;n_6614893-n_6614894;p_287;#=ew_69_229121;prefix=75836-;[0]=ew_0_1281573,R006M,PresentElder,95.638,95.488,https://labbcat.canterbury.ac.nz/maonze/transcript?ag_id=1527#ew_0_1281573,0.15,150,5.010635294,,
7773,ua,g_1624;em_12_132268;n_26905-n_134639;p_299;#=ew_69_193135;prefix=41358-;[0]=ew_0_936737,L2H01M,L2,196.65,196.5,https://labbcat.canterbury.ac.nz/maonze/transcript?ag_id=1624#ew_0_936737,0.15,150,5.010635294,,
7810,ua,g_1634;em_12_132769;n_135013-n_135014;p_288;#=ew_69_195610;prefix=43981-;[0]=ew_0_940026,L2H03M,L2,118.143,117.993,https://labbcat.canterbury.ac.nz/maonze/transcript?ag_id=1634#ew_0_940026,0.15,150,5.010635294,,
7813,ua,g_1634;em_12_132797;n_135039-n_135040;p_288;#=ew_69_195714;prefix=44028-;[0]=ew_0_940195,L2H03M,L2,209.82,209.67,https://labbcat.canterbury.ac.nz/maonze/transcript?ag_id=1634#ew_0_940195,0.15,150,5.010635294,,
7837,ua,g_1638;em_12_133062;n_135289-n_135290;p_288;#=ew_69_195865;prefix=44544-;[0]=ew_0_941577,L2H03M,L2,136.185,136.035,https://labbcat.canterbury.ac.nz/maonze/transcript?ag_id=1638#ew_0_941577,0.15,150,5.010635294,,
7867,ua,g_1642;em_12_133320;n_135529-n_135530;p_288;#=ew_69_196507;prefix=45097-;[0]=ew_0_943648,L2H03M,L2,191.33,191.18,https://labbcat.canterbury.ac.nz/maonze/transcript?ag_id=1642#ew_0_943648,0.15,150,5.010635294,,
7876,ua,g_1646;em_12_133505;n_135694-n_135695;p_300;#=ew_69_193895;prefix=42079-;[0]=ew_0_945131,L2H02M,L2,123.467,123.317,https://labbcat.canterbury.ac.nz/maonze/transcript?ag_id=1646#ew_0_945131,0.15,150,5.010635294,,
7887,ua,g_1647;em_12_133616;n_135785-n_135786;p_300;#=ew_69_193398;prefix=42282-;[0]=ew_0_945948,L2H02M,L2,184.493,184.343,https://labbcat.canterbury.ac.nz/maonze/transcript?ag_id=1647#ew_0_945948,0.15,150,5.010635294,,
7922,ua,g_1651;em_12_133991;n_136058-n_136059;p_300;#=ew_69_194142;prefix=42879-;[0]=ew_0_948258,L2H02M,L2,232.945,232.795,https://labbcat.canterbury.ac.nz/maonze/transcript?ag_id=1651#ew_0_948258,0.15,150,5.010635294,,
7934,ua,g_1654;em_12_134258;n_136240-n_27294;p_300;#=ew_69_194879;prefix=43292-;[0]=ew_0_949841,L2H02M,L2,245.854,245.704,https://labbcat.canterbury.ac.nz/maonze/transcript?ag_id=1654#ew_0_949841,0.15,150,5.010635294,,
7936,ua,g_1655;em_12_134280;n_136254-n_136255;p_300;#=ew_69_194303;prefix=43313-;[0]=ew_0_949953,L2H02M,L2,62.401,62.251,https://labbcat.canterbury.ac.nz/maonze/transcript?ag_id=1655#ew_0_949953,0.15,150,5.010635294,,
7938,ua,g_1655;em_12_134287;n_136261-n_136262;p_300;#=ew_69_194357;prefix=43337-;[0]=ew_0_950032,L2H02M,L2,91.482,91.332,https://labbcat.canterbury.ac.nz/maonze/transcript?ag_id=1655#ew_0_950032,0.15,150,5.010635294,,
7945,ua,g_1656;em_12_134374;n_136312-n_136313;p_300;#=ew_69_194394;prefix=43459-;[0]=ew_0_950692,L2H02M,L2,148.083,147.933,https://labbcat.canterbury.ac.nz/maonze/transcript?ag_id=1656#ew_0_950692,0.15,150,5.010635294,,
7946,ua,g_1657;em_12_134422;n_136350-n_136351;p_300;#=ew_69_194590;prefix=43560-;[0]=ew_0_951063,L2H02M,L2,109.406,109.256,https://labbcat.canterbury.ac.nz/maonze/transcript?ag_id=1657#ew_0_951063,0.15,150,5.010635294,,
7955,ua,g_1660;em_12_134559;n_136437-n_136438;p_302;#=ew_69_196947;prefix=45454-;[0]=ew_0_952176,L2H04M,L2,68.846,68.696,https://labbcat.canterbury.ac.nz/maonze/transcript?ag_id=1660#ew_0_952176,0.15,150,5.010635294,,
7983,ua,g_1664;em_12_134746;n_136580-n_136581;p_302;#=ew_69_197277;prefix=46035-;[0]=ew_0_954305,L2H04M,L2,140.75,140.6,https://labbcat.canterbury.ac.nz/maonze/transcript?ag_id=1664#ew_0_954305,0.15,150,5.010635294,,
7985,ua,g_1664;em_12_134765;n_136599-n_136600;p_302;#=ew_69_197383;prefix=46088-;[0]=ew_0_954531,L2H04M,L2,230.085,229.935,https://labbcat.canterbury.ac.nz/maonze/transcript?ag_id=1664#ew_0_954531,0.15,150,5.010635294,,
8002,ua,g_1667;em_12_134869;n_27461-n_136684;p_302;#=ew_69_198005;prefix=46454-;[0]=ew_0_955812,L2H04M,L2,115.712,115.562,https://labbcat.canterbury.ac.nz/maonze/transcript?ag_id=1667#ew_0_955812,0.15,150,5.010635294,,
8030,ua,g_1670;em_12_134988;n_136782-n_136783;p_302;#=ew_69_198167;prefix=46905-;[0]=ew_0_957402,L2H04M,L2,85.406,85.256,https://labbcat.canterbury.ac.nz/maonze/transcript?ag_id=1670#ew_0_957402,0.15,150,5.010635294,,
8204,ua,g_1847;em_12_149438;n_3853611-n_3853628;p_49;#=ew_69_205512;prefix=53371-;[0]=ew_0_1105983,L2Y03M,L2,228.261,228.111,https://labbcat.canterbury.ac.nz/maonze/transcript?ag_id=1847#ew_0_1105983,0.15,150,5.010635294,,
8333,ua,g_1903;em_12_156472;n_5279874-n_5279895;p_333;#=ew_69_239961;prefix=85558-;[0]=ew_0_1187338,R012M,PresentElder,136.798,136.648,https://labbcat.canterbury.ac.nz/maonze/transcript?ag_id=1903#ew_0_1187338,0.15,150,5.010635294,,
8353,ua,g_1904;em_12_156583;n_5281135-n_5281145;p_333;#=ew_69_239753;prefix=85785-;[0]=ew_0_1188309,R012M,PresentElder,229.374,229.224,https://labbcat.canterbury.ac.nz/maonze/transcript?ag_id=1904#ew_0_1188309,0.15,150,5.010635294,,
8359,ua,g_1905;em_12_156645;n_5282012-n_5282029;p_333;#=ew_69_239007;prefix=85933-;[0]=ew_0_1188927,R012M,PresentElder,182.686,182.536,https://labbcat.canterbury.ac.nz/maonze/transcript?ag_id=1905#ew_0_1188927,0.15,150,5.010635294,,
8360,ua,g_1906;em_12_156668;n_5283302-n_5283317;p_333;#=ew_69_239565;prefix=86117-;[0]=ew_0_1190173,R012M,PresentElder,231.163,231.013,https://labbcat.canterbury.ac.nz/maonze/transcript?ag_id=1906#ew_0_1190173,0.15,150,5.010635294,,
8585,ua,g_306;em_12_160910;n_6000151-n_6000500;p_81;#=ew_69_186343;prefix=35377-;[0]=ew_0_1239561,L1Y03M,L1,219.756,219.606,https://labbcat.canterbury.ac.nz/maonze/transcript?ag_id=306#ew_0_1239561,0.15,150,5.010635294,,
8595,ua,g_307;em_12_160753;n_5999889-n_5999897;p_81;#=ew_69_186482;prefix=35568-;[0]=ew_0_1239420,L1Y03M,L1,136.488,136.338,https://labbcat.canterbury.ac.nz/maonze/transcript?ag_id=307#ew_0_1239420,0.15,150,5.010635294,,
8608,ua,g_308;em_12_160772;n_5999909-n_5999915;p_81;#=ew_69_186253;prefix=35724-;[0]=ew_0_1240200,L1Y03M,L1,218.234,218.084,https://labbcat.canterbury.ac.nz/maonze/transcript?ag_id=308#ew_0_1240200,0.15,150,5.010635294,,
8617,ua,g_311;em_12_160645;n_5999438-n_5999582;p_81;#=ew_69_187241;prefix=36117-;[0]=ew_0_1240177,L1Y03M,L1,237.387,237.237,https://labbcat.canterbury.ac.nz/maonze/transcript?ag_id=311#ew_0_1240177,0.15,150,5.010635294,,
8642,ua,g_318;em_12_148554;n_3841649-n_3841677;p_89;#=ew_69_187900;prefix=36870-;[0]=ew_0_1095907,L1Y04M,L1,139.785,139.635,https://labbcat.canterbury.ac.nz/maonze/transcript?ag_id=318#ew_0_1095907,0.15,150,5.010635294,,
8752,ua,g_338;em_12_33405;n_6032272-n_57629;p_85;#=ew_69_185178;prefix=34344-;[0]=ew_0_222977,L1Y02M,L1,81.128,80.978,https://labbcat.canterbury.ac.nz/maonze/transcript?ag_id=338#ew_0_222977,0.15,150,5.010635294,,
8805,ua,g_348;em_12_33731;n_57858-n_57859;p_87;#=ew_69_211137;prefix=59777-;[0]=ew_0_227024,MU03M,Historical,138.638,138.488,https://labbcat.canterbury.ac.nz/maonze/transcript?ag_id=348#ew_0_227024,0.15,150,5.010635294,,
8932,ua,g_41;em_12_3310;n_33669-n_33670;p_276;#=ew_69_242460;prefix=88500-;[0]=ew_0_27598,WU03M,Historical,144.573,144.423,https://labbcat.canterbury.ac.nz/maonze/transcript?ag_id=41#ew_0_27598,0.15,150,5.010635294,,
9051,ua,g_467;em_12_48206;n_70219-n_70220;p_120;#=ew_69_166043;prefix=16104-;[0]=ew_0_301248,K008M,PresentElder,142.643,142.493,https://labbcat.canterbury.ac.nz/maonze/transcript?ag_id=467#ew_0_301248,0.15,150,5.010635294,,
9058,ua,g_468;em_12_48346;n_70350-n_70351;p_120;#=ew_69_166193;prefix=16230-;[0]=ew_0_301830,K008M,PresentElder,103.587,103.437,https://labbcat.canterbury.ac.nz/maonze/transcript?ag_id=468#ew_0_301830,0.15,150,5.010635294,,
9071,ua,g_474;em_12_48996;n_70929-n_70930;p_121;#=ew_69_167035;prefix=16991-;[0]=ew_0_304771,K009M,PresentElder,106.179,106.029,https://labbcat.canterbury.ac.nz/maonze/transcript?ag_id=474#ew_0_304771,0.15,150,5.010635294,,
9130,ua,g_486;em_12_49813;n_71625-n_71626;p_121;#=ew_69_166855;prefix=16884-;[0]=ew_0_312727,K009M,PresentElder,218.369,218.219,https://labbcat.canterbury.ac.nz/maonze/transcript?ag_id=486#ew_0_312727,0.15,150,5.010635294,,
9200,ua,g_5;em_12_167;n_30832-n_30833;p_28;#=ew_69_150911;prefix=01778-;[0]=ew_0_2136,K001M,PresentElder,114.004,113.854,https://labbcat.canterbury.ac.nz/maonze/transcript?ag_id=5#ew_0_2136,0.15,150,5.010635294,,
9256,ua,g_56;em_12_3965;n_34292-n_6215563;p_32;#=ew_69_158460;prefix=09032-;[0]=ew_0_37983,K004M,PresentElder,100.055,99.905,https://labbcat.canterbury.ac.nz/maonze/transcript?ag_id=56#ew_0_37983,0.15,150,5.010635294,,
9379,ua,g_610;em_12_64693;n_84261-n_84262;p_142;#=ew_69_182119;prefix=31051-;[0]=ew_0_1244223,L1Y01M,L1,134.216,134.066,https://labbcat.canterbury.ac.nz/maonze/transcript?ag_id=610#ew_0_1244223,0.15,150,5.010635294,,
9409,ua,g_614;em_12_64889;n_84453-n_84454;p_142;#=ew_69_182125;prefix=31555-;[0]=ew_0_391054,L1Y01M,L1,156.434,156.284,https://labbcat.canterbury.ac.nz/maonze/transcript?ag_id=614#ew_0_391054,0.15,150,5.010635294,,
9573,ua,g_636;em_12_66572;n_10563-n_85958;p_145;#=ew_69_201542;prefix=49265-;[0]=ew_0_1109126,L2Y01M,L2,241.185,241.035,https://labbcat.canterbury.ac.nz/maonze/transcript?ag_id=636#ew_0_1109126,0.15,150,5.010635294,,
9626,ua,g_645;em_12_67179;n_86389-n_86390;p_145;#=ew_69_202002;prefix=50183-;[0]=ew_0_411593,L2Y01M,L2,118.906,118.756,https://labbcat.canterbury.ac.nz/maonze/transcript?ag_id=645#ew_0_411593,0.15,150,5.010635294,,
9629,ua,g_645;em_12_67185;n_86395-n_86396;p_145;#=ew_69_202027;prefix=50206-;[0]=ew_0_411672,L2Y01M,L2,152.695,152.545,https://labbcat.canterbury.ac.nz/maonze/transcript?ag_id=645#ew_0_411672,0.15,150,5.010635294,,
9637,ua,g_649;em_12_67509;n_86683-n_86684;p_146;#=ew_69_205730;prefix=53748-;[0]=ew_0_413365,L2Y04M,L2,198.339,198.189,https://labbcat.canterbury.ac.nz/maonze/transcript?ag_id=649#ew_0_413365,0.15,150,5.010635294,,
9665,ua,g_662;em_12_70376;n_89176-n_89177;p_148;#=ew_69_207139;prefix=55084-;[0]=ew_0_420052,L2Y05M,L2,213.683,213.533,https://labbcat.canterbury.ac.nz/maonze/transcript?ag_id=662#ew_0_420052,0.15,150,5.010635294,,
9746,ua,g_671;em_12_70695;n_89473-n_89474;p_148;#=ew_69_208665;prefix=56560-;[0]=ew_0_425552,L2Y05M,L2,78.405,78.255,https://labbcat.canterbury.ac.nz/maonze/transcript?ag_id=671#ew_0_425552,0.15,150,5.010635294,,
9750,ua,g_671;em_12_70707;n_89483-n_89484;p_148;#=ew_69_208781;prefix=56618-;[0]=ew_0_425775,L2Y05M,L2,173.835,173.685,https://labbcat.canterbury.ac.nz/maonze/transcript?ag_id=671#ew_0_425775,0.15,150,5.010635294,,
9757,ua,g_76;em_12_160490;n_5958082-n_6950872;p_37;#=ew_69_159942;prefix=10273-;[0]=ew_0_1235799,K005M,PresentElder,169.305,169.155,https://labbcat.canterbury.ac.nz/maonze/transcript?ag_id=76#ew_0_1235799,0.15,150,5.010635294,,
9782,ua,g_80;em_12_5520;n_35599-n_35600;p_37;#=ew_69_160131;prefix=10532-;[0]=ew_0_1092034,K005M,PresentElder,88.524,88.374,https://labbcat.canterbury.ac.nz/maonze/transcript?ag_id=80#ew_0_1092034,0.15,150,5.010635294,,
9816,ua,g_848;em_12_85417;n_5651190-n_100435;p_167;#=ew_69_170953;prefix=20716-;[0]=ew_0_540586,L1H01M,L1,209.733,209.583,https://labbcat.canterbury.ac.nz/maonze/transcript?ag_id=848#ew_0_540586,0.15,150,5.010635294,,
9878,ua,g_861;em_12_86288;n_101229-n_101230;p_168;#=ew_69_173283;prefix=22597-;[0]=ew_0_547500,L1H02M,L1,145.583,145.433,https://labbcat.canterbury.ac.nz/maonze/transcript?ag_id=861#ew_0_547500,0.15,150,5.010635294,,
9884,ua,g_861;em_12_86296;n_101235-n_101236;p_168;#=ew_69_173351;prefix=22628-;[0]=ew_0_547607,L1H02M,L1,185.174,185.024,https://labbcat.canterbury.ac.nz/maonze/transcript?ag_id=861#ew_0_547607,0.15,150,5.010635294,,
9890,ua,g_862;em_12_86334;n_101255-n_101256;p_168;#=ew_69_172774;prefix=22715-;[0]=ew_0_547942,L1H02M,L1,77.644,77.494,https://labbcat.canterbury.ac.nz/maonze/transcript?ag_id=862#ew_0_547942,0.15,150,5.010635294,,
9993,ua,g_877;em_12_170082;n_6964426-n_102008;p_169;#=ew_69_175314;prefix=24823-;[0]=ew_0_1330041,L1H03M,L1,65.54,65.39,https://labbcat.canterbury.ac.nz/maonze/transcript?ag_id=877#ew_0_1330041,0.15,150,5.010635294,,
10152,ua,g_903;em_12_170148;n_6969735-n_6969736;p_174;#=ew_69_177888;prefix=27374-;[0]=ew_0_1331076,L1H05M,L1,116.221,116.071,https://labbcat.canterbury.ac.nz/maonze/transcript?ag_id=903#ew_0_1331076,0.15,150,5.010635294,,
10166,ua,g_905;em_12_89062;n_103215-n_15455;p_173;#=ew_69_177333;prefix=26823-;[0]=ew_0_569460,L1H04M,L1,234.297,234.147,https://labbcat.canterbury.ac.nz/maonze/transcript?ag_id=905#ew_0_569460,0.15,150,5.010635294,,
10235,ua,g_912;em_12_89358;n_103325-n_103326;p_173;#=ew_69_176654;prefix=26057-;[0]=ew_0_573025,L1H04M,L1,231.725,231.575,https://labbcat.canterbury.ac.nz/maonze/transcript?ag_id=912#ew_0_573025,0.15,150,5.010635294,,
10406,ua,g_948;em_12_91679;n_6521700-n_105353;p_181;#=ew_69_219911;prefix=67402-;[0]=ew_0_589929,R002M,PresentElder,65.62,65.47,https://labbcat.canterbury.ac.nz/maonze/transcript?ag_id=948#ew_0_589929,0.15,150,5.010635294,,
10522,ua,g_97;em_12_162815;n_6282084-n_6282089;p_41;#=ew_69_163339;prefix=12835-;[0]=ew_0_1269830,K007M,PresentElder,213.243,213.093,https://labbcat.canterbury.ac.nz/maonze/transcript?ag_id=97#ew_0_1269830,0.15,150,5.010635294,,
10548,ua,g_971;em_12_92948;n_106324-n_106325;p_184;#=ew_69_223609;prefix=70612-;[0]=ew_0_602658,R004M,PresentElder,146.925,146.775,https://labbcat.canterbury.ac.nz/maonze/transcript?ag_id=971#ew_0_602658,0.15,150,5.010635294,,
10570,ua,g_975;em_12_93220;n_7039393-n_106531;p_184;#=ew_69_224069;prefix=71215-;[0]=ew_0_604819,R004M,PresentElder,93.566,93.416,https://labbcat.canterbury.ac.nz/maonze/transcript?ag_id=975#ew_0_604819,0.15,150,5.010635294,,
10571,ua,g_975;em_12_93261;n_16314-n_16315;p_184;#=ew_69_224216;prefix=71278-;[0]=ew_0_605088,R004M,PresentElder,185.802,185.652,https://labbcat.canterbury.ac.nz/maonze/transcript?ag_id=975#ew_0_605088,0.15,150,5.010635294,,
10603,ua,g_981;em_12_93676;n_106809-n_16472;p_184;#=ew_69_224723;prefix=72079-;[0]=ew_0_1280726,R004M,PresentElder,106.857,106.707,https://labbcat.canterbury.ac.nz/maonze/transcript?ag_id=981#ew_0_1280726,0.15,150,5.010635294,,
10621,ua,g_984;em_12_93826;n_106917-n_106918;p_182;#=ew_69_225635;prefix=72541-;[0]=ew_0_609475,R005M,PresentElder,212.058,211.908,https://labbcat.canterbury.ac.nz/maonze/transcript?ag_id=984#ew_0_609475,0.15,150,5.010635294,,
10642,ua,g_986;em_12_93906;n_106985-n_16526;p_182;#=ew_69_226394;prefix=72885-;[0]=ew_0_610493,R005M,PresentElder,181.775,181.625,https://labbcat.canterbury.ac.nz/maonze/transcript?ag_id=986#ew_0_610493,0.15,150,5.010635294,,
464,ea,g_131;em_12_8861;n_38341-n_38342;p_284;#=ew_69_209025;prefix=56802-;[0]=ew_0_85714,MU01M,Historical,23.077,22.927,https://labbcat.canterbury.ac.nz/maonze/transcript?ag_id=131#ew_0_85714,0.15,150,5.010635294,,
622,ea,g_1538;em_12_126844;n_130593-n_130594;p_200;#=ew_69_216210;prefix=63664-;[0]=ew_0_895161,MU08M,Historical,20.92,20.77,https://labbcat.canterbury.ac.nz/maonze/transcript?ag_id=1538#ew_0_895161,0.15,150,5.010635294,,
1504,ea,g_349;em_12_33748;n_57874-n_57875;p_87;#=ew_69_211296;prefix=59800-;[0]=ew_0_227134,MU03M,Historical,21.46,21.31,https://labbcat.canterbury.ac.nz/maonze/transcript?ag_id=349#ew_0_227134,0.15,150,5.010635294,,
2731,ea,g_975;em_12_93194;n_106514-n_16285;p_184;#=ew_69_223891;prefix=71172-;[0]=ew_0_604640,R004M,PresentElder,28.684,28.534,https://labbcat.canterbury.ac.nz/maonze/transcript?ag_id=975#ew_0_604640,0.15,150,5.010635294,,
3123,ia,g_1089;em_12_100541;n_111614-n_111615;p_208;#=ew_69_247681;prefix=93534-;[0]=ew_0_669180,WU07M,Historical,30.405,30.255,https://labbcat.canterbury.ac.nz/maonze/transcript?ag_id=1089#ew_0_669180,0.15,150,5.010635294,,
4900,ia,g_989;em_12_150924;n_4619387-n_4619389;p_182;#=ew_69_225789;prefix=73255-;[0]=ew_0_1127746,R005M,PresentElder,25.108,24.958,https://labbcat.canterbury.ac.nz/maonze/transcript?ag_id=989#ew_0_1127746,0.15,150,5.010635294,,
5062,oa,g_1047;em_12_97500;n_109427-n_6793415;p_193;#=ew_69_236419;prefix=82813-;[0]=ew_0_646632,R010M,PresentElder,21.309,21.159,https://labbcat.canterbury.ac.nz/maonze/transcript?ag_id=1047#ew_0_646632,0.15,150,5.010635294,,
5101,oa,g_1078;em_12_99895;n_111086-n_111087;p_208;#=ew_69_245965;prefix=92106-;[0]=ew_0_663333,WU07M,Historical,23.989,23.839,https://labbcat.canterbury.ac.nz/maonze/transcript?ag_id=1078#ew_0_663333,0.15,150,5.010635294,,
6594,oa,g_959;em_12_92176;n_105770-n_105771;p_183;#=ew_69_221860;prefix=68835-;[0]=ew_0_595791,R003M,PresentElder,23.033,22.883,https://labbcat.canterbury.ac.nz/maonze/transcript?ag_id=959#ew_0_595791,0.15,150,5.010635294,,
6671,oa,g_995;em_12_94274;n_107296-n_107297;p_182;#=ew_69_226564;prefix=74051-;[0]=ew_0_614906,R005M,PresentElder,18.916,18.766,https://labbcat.canterbury.ac.nz/maonze/transcript?ag_id=995#ew_0_614906,0.15,150,5.010635294,,
6795,ua,g_1023;em_12_96096;n_108560-n_108561;p_190;#=ew_69_232545;prefix=78885-;[0]=ew_0_630488,R009M,PresentElder,28.207,28.057,https://labbcat.canterbury.ac.nz/maonze/transcript?ag_id=1023#ew_0_630488,0.15,150,5.010635294,,
7068,ua,g_1076;em_12_99797;n_110990-n_110991;p_208;#=ew_69_246010;prefix=91886-;[0]=ew_0_662420,WU07M,Historical,23.469,23.319,https://labbcat.canterbury.ac.nz/maonze/transcript?ag_id=1076#ew_0_662420,0.15,150,5.010635294,,
7252,ua,g_117;em_12_8473;n_38030-n_38031;p_43;#=ew_69_211479;prefix=58599-;[0]=ew_0_82136,MU02M,Historical,21.044,20.894,https://labbcat.canterbury.ac.nz/maonze/transcript?ag_id=117#ew_0_82136,0.15,150,5.010635294,,
7610,ua,g_1522;em_12_126061;n_6613409-n_130105;p_287;#=ew_69_228355;prefix=74988-;[0]=ew_0_886126,R006M,PresentElder,18.204,18.054,https://labbcat.canterbury.ac.nz/maonze/transcript?ag_id=1522#ew_0_886126,0.15,150,5.010635294,,
8694,ua,g_325;em_12_32659;n_5872-n_5873;p_89;#=ew_69_188523;prefix=37909-;[0]=ew_0_217899,L1Y04M,L1,17.036,16.886,https://labbcat.canterbury.ac.nz/maonze/transcript?ag_id=325#ew_0_217899,0.15,150,5.010635294,,
10096,ua,g_897;em_12_88595;n_102831-n_102832;p_174;#=ew_69_178471;prefix=27769-;[0]=ew_0_564974,L1H05M,L1,30.635,30.485,https://labbcat.canterbury.ac.nz/maonze/transcript?ag_id=897#ew_0_564974,0.15,150,5.010635294,,
292,ea,g_1092;em_12_100664;n_18495-n_111699;p_208;#=ew_69_247840;prefix=93810-;[0]=ew_0_670177,WU07M,Historical,1.2,1.05,https://labbcat.canterbury.ac.nz/maonze/transcript?ag_id=1092#ew_0_670177,0.15,150,5.010635294,,
426,ea,g_1239;em_12_160355;n_5826000-n_6973371;p_249;#=ew_69_180591;prefix=30225-;[0]=ew_0_1226057,L1H06M,L1,10.134,9.984,https://labbcat.canterbury.ac.nz/maonze/transcript?ag_id=1239#ew_0_1226057,0.15,150,5.010635294,,
715,ea,g_1643;em_12_133339;n_135547-n_135548;p_288;#=ew_69_196180;prefix=45139-;[0]=ew_0_943814,L2H03M,L2,12.792,12.642,https://labbcat.canterbury.ac.nz/maonze/transcript?ag_id=1643#ew_0_943814,0.15,150,5.010635294,,
1341,ea,g_315;em_12_30549;n_55194-n_55195;p_89;#=ew_69_187293;prefix=36380-;[0]=ew_0_211352,L1Y04M,L1,13.151,13.001,https://labbcat.canterbury.ac.nz/maonze/transcript?ag_id=315#ew_0_211352,0.15,150,5.010635294,,
1745,ea,g_492;em_12_50696;n_8465-n_72284;p_122;#=ew_69_169731;prefix=19855-;[0]=ew_0_316240,K010M,PresentElder,14.496,14.346,https://labbcat.canterbury.ac.nz/maonze/transcript?ag_id=492#ew_0_316240,0.15,150,5.010635294,,
1851,ea,g_57;em_12_3996;n_337-n_34323;p_32;#=ew_69_158665;prefix=09153-;[0]=ew_0_38534,K004M,PresentElder,1.65,1.5,https://labbcat.canterbury.ac.nz/maonze/transcript?ag_id=57#ew_0_38534,0.15,150,5.010635294,,
2958,ia,g_1031;em_12_96450;n_108792-n_108793;p_190;#=ew_69_233930;prefix=80186-;[0]=ew_0_635671,R009M,PresentElder,13.257,13.107,https://labbcat.canterbury.ac.nz/maonze/transcript?ag_id=1031#ew_0_635671,0.15,150,5.010635294,,
4339,ia,g_617;em_12_64986;n_84545-n_84546;p_142;#=ew_69_182774;prefix=31792-;[0]=ew_0_392043,L1Y01M,L1,2.298,2.148,https://labbcat.canterbury.ac.nz/maonze/transcript?ag_id=617#ew_0_392043,0.15,150,5.010635294,,
5015,oa,g_1032;em_12_96498;n_17261-n_108830;p_190;#=ew_69_233386;prefix=80351-;[0]=ew_0_636326,R009M,PresentElder,3.23,3.08,https://labbcat.canterbury.ac.nz/maonze/transcript?ag_id=1032#ew_0_636326,0.15,150,5.010635294,,
5084,oa,g_1072;em_12_99591;n_110805-n_110806;p_206;#=ew_69_245791;prefix=91337-;[0]=ew_0_660265,WU06M,Historical,12.063,11.913,https://labbcat.canterbury.ac.nz/maonze/transcript?ag_id=1072#ew_0_660265,0.15,150,5.010635294,,
5342,oa,g_1525;em_12_126177;n_130203-n_130204;p_287;#=ew_69_228569;prefix=75448-;[0]=ew_0_887879,R006M,PresentElder,11.64,11.49,https://labbcat.canterbury.ac.nz/maonze/transcript?ag_id=1525#ew_0_887879,0.15,150,5.010635294,,
5393,oa,g_1621;em_12_131974;n_134421-n_134422;p_299;#=ew_69_191600;prefix=40941-;[0]=ew_0_934819,L2H01M,L2,5.482,5.332,https://labbcat.canterbury.ac.nz/maonze/transcript?ag_id=1621#ew_0_934819,0.15,150,5.010635294,,
6574,oa,g_948;em_12_91671;n_105346-n_6521681;p_181;#=ew_69_219868;prefix=67377-;[0]=ew_0_589825,R002M,PresentElder,15.161,15.011,https://labbcat.canterbury.ac.nz/maonze/transcript?ag_id=948#ew_0_589825,0.15,150,5.010635294,,
6878,ua,g_1035;em_12_96618;n_6740057-n_108921;p_190;#=ew_69_234485;prefix=80843-;[0]=ew_0_638230,R009M,PresentElder,12.441,12.291,https://labbcat.canterbury.ac.nz/maonze/transcript?ag_id=1035#ew_0_638230,0.15,150,5.010635294,,
7487,ua,g_138;em_12_9612;n_39084-n_39085;p_284;#=ew_69_209888;prefix=57705-;[0]=ew_0_92559,MU01M,Historical,11.22,11.07,https://labbcat.canterbury.ac.nz/maonze/transcript?ag_id=138#ew_0_92559,0.15,150,5.010635294,,
7546,ua,g_1396;em_12_119301;n_4742985-n_124757;p_262;#=ew_69_249785;prefix=95571-;[0]=ew_0_826277,WU08M,Historical,15.938,15.788,https://labbcat.canterbury.ac.nz/maonze/transcript?ag_id=1396#ew_0_826277,0.15,150,5.010635294,,
7563,ua,g_1511;em_12_125458;n_25119-n_25120;p_276;#=ew_69_242354;prefix=88415-;[0]=ew_0_880548,WU03M,Historical,1.96,1.81,https://labbcat.canterbury.ac.nz/maonze/transcript?ag_id=1511#ew_0_880548,0.15,150,5.010635294,,
7977,ua,g_1663;em_12_134662;n_136507-n_136508;p_302;#=ew_69_197195;prefix=45811-;[0]=ew_0_953489,L2H04M,L2,9.221,9.071,https://labbcat.canterbury.ac.nz/maonze/transcript?ag_id=1663#ew_0_953489,0.15,150,5.010635294,,
8298,ua,g_19;em_12_1472;n_32092-n_32093;p_19;#=ew_69_152385;prefix=02758-;[0]=ew_0_12864,K002M,PresentElder,14.247,14.097,https://labbcat.canterbury.ac.nz/maonze/transcript?ag_id=19#ew_0_12864,0.15,150,5.010635294,,
8737,ua,g_334;em_12_33271;n_57524-n_57525;p_85;#=ew_69_184927;prefix=34163-;[0]=ew_0_221274,L1Y02M,L1,15.23,15.08,https://labbcat.canterbury.ac.nz/maonze/transcript?ag_id=334#ew_0_221274,0.15,150,5.010635294,,
8775,ua,g_343;em_12_33539;n_57742-n_57743;p_85;#=ew_69_185230;prefix=34503-;[0]=ew_0_1243655,L1Y02M,L1,10.558,10.408,https://labbcat.canterbury.ac.nz/maonze/transcript?ag_id=343#ew_0_1243655,0.15,150,5.010635294,,
8951,ua,g_447;em_12_46156;n_7605-n_68648;p_110;#=ew_69_155217;prefix=05985-;[0]=ew_0_1253082,K003M,PresentElder,2.53,2.38,https://labbcat.canterbury.ac.nz/maonze/transcript?ag_id=447#ew_0_1253082,0.15,150,5.010635294,,
9616,ua,g_642;em_12_66977;n_86231-n_86232;p_145;#=ew_69_201067;prefix=50013-;[0]=ew_0_409301,L2Y01M,L2,8.034,7.884,https://labbcat.canterbury.ac.nz/maonze/transcript?ag_id=642#ew_0_409301,0.15,150,5.010635294,,
131,ea,g_1038;em_12_96803;n_6745944-n_109053;p_193;#=ew_69_235045;prefix=81526-;[0]=ew_0_640438,R010M,PresentElder,34.663,34.513,https://labbcat.canterbury.ac.nz/maonze/transcript?ag_id=1038#ew_0_640438,0.15,150,5.010635294,,
349,ea,g_1205;em_12_109205;n_118004-n_118005;p_244;#=ew_69_244314;prefix=89813-;[0]=ew_0_727126,WU04M,Historical,47.406,47.256,https://labbcat.canterbury.ac.nz/maonze/transcript?ag_id=1205#ew_0_727126,0.15,150,5.010635294,,
362,ea,g_1209;em_12_109602;n_118387-n_118388;p_244;#=ew_69_243760;prefix=90445-;[0]=ew_0_729380,WU04M,Historical,31.369,31.219,https://labbcat.canterbury.ac.nz/maonze/transcript?ag_id=1209#ew_0_729380,0.15,150,5.010635294,,
373,ea,g_1212;em_12_109795;n_118523-n_118524;p_244;#=ew_69_244750;prefix=90841-;[0]=ew_0_730979,WU04M,Historical,61.849,61.699,https://labbcat.canterbury.ac.nz/maonze/transcript?ag_id=1212#ew_0_730979,0.15,150,5.010635294,,
559,ea,g_1522;em_12_126067;n_130108-n_130109;p_287;#=ew_69_228387;prefix=75004-;[0]=ew_0_886196,R006M,PresentElder,48.46,48.31,https://labbcat.canterbury.ac.nz/maonze/transcript?ag_id=1522#ew_0_886196,0.15,150,5.010635294,,
603,ea,g_1528;em_12_126309;n_130322-n_130323;p_287;#=ew_69_229359;prefix=76025-;[0]=ew_0_889922,R006M,PresentElder,54.095,53.945,https://labbcat.canterbury.ac.nz/maonze/transcript?ag_id=1528#ew_0_889922,0.15,150,5.010635294,,
630,ea,g_1546;em_12_127272;n_25783-n_130809;p_291;#=ew_69_216501;prefix=63943-;[0]=ew_0_899107,MU09M,Historical,63.141,62.991,https://labbcat.canterbury.ac.nz/maonze/transcript?ag_id=1546#ew_0_899107,0.15,150,5.010635294,,
633,ea,g_1548;em_12_127360;n_130874-n_130875;p_293;#=ew_69_216632;prefix=64052-;[0]=ew_0_899899,MU10M,Historical,35.031,34.881,https://labbcat.canterbury.ac.nz/maonze/transcript?ag_id=1548#ew_0_899899,0.15,150,5.010635294,,
710,ea,g_1642;em_12_133283;n_135492-n_135493;p_288;#=ew_69_196367;prefix=45020-;[0]=ew_0_943385,L2H03M,L2,45.281,45.131,https://labbcat.canterbury.ac.nz/maonze/transcript?ag_id=1642#ew_0_943385,0.15,150,5.010635294,,
1216,ea,g_1947;em_12_166058;n_6850295-n_6850313;p_121;#=ew_69_168574;prefix=18360-;[0]=ew_0_1299070,K009M,PresentElder,64.02,63.87,https://labbcat.canterbury.ac.nz/maonze/transcript?ag_id=1947#ew_0_1299070,0.15,150,5.010635294,,
1345,ea,g_316;em_12_30640;n_55281-n_55282;p_89;#=ew_69_187405;prefix=36490-;[0]=ew_0_211842,L1Y04M,L1,44.844,44.694,https://labbcat.canterbury.ac.nz/maonze/transcript?ag_id=316#ew_0_211842,0.15,150,5.010635294,,
1370,ea,g_318;em_12_30976;n_55603-n_5638;p_89;#=ew_69_187755;prefix=36791-;[0]=ew_0_213181,L1Y04M,L1,26.688,26.538,https://labbcat.canterbury.ac.nz/maonze/transcript?ag_id=318#ew_0_213181,0.15,150,5.010635294,,
1431,ea,g_328;em_12_33137;n_57418-n_57419;p_85;#=ew_69_184499;prefix=33600-;[0]=ew_0_219509,L1Y02M,L1,24.891,24.741,https://labbcat.canterbury.ac.nz/maonze/transcript?ag_id=328#ew_0_219509,0.15,150,5.010635294,,
1460,ea,g_335;em_12_33310;n_5995-n_57552;p_85;#=ew_69_185559;prefix=34634-;[0]=ew_0_221754,L1Y02M,L1,60.869,60.719,https://labbcat.canterbury.ac.nz/maonze/transcript?ag_id=335#ew_0_221754,0.15,150,5.010635294,,
1558,ea,g_384;em_12_150322;n_4464570-n_62483;p_95;#=ew_69_214756;prefix=62358-;[0]=ew_0_1122240,MU06M,Historical,18.985,18.835,https://labbcat.canterbury.ac.nz/maonze/transcript?ag_id=384#ew_0_1122240,0.15,150,5.010635294,,
1561,ea,g_386;em_12_39154;n_62949-n_62950;p_95;#=ew_69_215620;prefix=62720-;[0]=ew_0_248551,MU06M,Historical,17.118,16.968,https://labbcat.canterbury.ac.nz/maonze/transcript?ag_id=386#ew_0_248551,0.15,150,5.010635294,,
1830,ea,g_54;em_12_3821;n_332-n_34153;p_32;#=ew_69_158168;prefix=08500-;[0]=ew_0_35983,K004M,PresentElder,4.63,4.48,https://labbcat.canterbury.ac.nz/maonze/transcript?ag_id=54#ew_0_35983,0.15,150,5.010635294,,
1927,ea,g_611;em_12_64715;n_84282-n_84283;p_142;#=ew_69_181659;prefix=31112-;[0]=ew_0_389267,L1Y01M,L1,50.004,49.854,https://labbcat.canterbury.ac.nz/maonze/transcript?ag_id=611#ew_0_389267,0.15,150,5.010635294,,
1933,ea,g_613;em_12_64813;n_84378-n_84379;p_142;#=ew_69_181713;prefix=31360-;[0]=ew_0_390279,L1Y01M,L1,51.943,51.793,https://labbcat.canterbury.ac.nz/maonze/transcript?ag_id=613#ew_0_390279,0.15,150,5.010635294,,
2068,ea,g_640;em_12_66816;n_86135-n_86136;p_145;#=ew_69_201464;prefix=49645-;[0]=ew_0_407711,L2Y01M,L2,20.276,20.126,https://labbcat.canterbury.ac.nz/maonze/transcript?ag_id=640#ew_0_407711,0.15,150,5.010635294,,
2169,ea,g_671;em_12_70691;n_89469-n_89470;p_148;#=ew_69_208633;prefix=56530-;[0]=ew_0_425449,L2Y05M,L2,28.761,28.611,https://labbcat.canterbury.ac.nz/maonze/transcript?ag_id=671#ew_0_425449,0.15,150,5.010635294,,
2171,ea,g_671;em_12_70692;n_89470-n_89471;p_148;#=ew_69_208641;prefix=56537-;[0]=ew_0_425470,L2Y05M,L2,39.661,39.511,https://labbcat.canterbury.ac.nz/maonze/transcript?ag_id=671#ew_0_425470,0.15,150,5.010635294,,
2211,ea,g_81;em_12_5542;n_35617-n_35618;p_37;#=ew_69_160040;prefix=10603-;[0]=ew_0_55381,K005M,PresentElder,7.124,6.974,https://labbcat.canterbury.ac.nz/maonze/transcript?ag_id=81#ew_0_55381,0.15,150,5.010635294,,
2463,ea,g_900;em_12_88755;n_102969-n_102970;p_173;#=ew_69_177671;prefix=27086-;[0]=ew_0_566515,L1H04M,L1,55.265,55.115,https://labbcat.canterbury.ac.nz/maonze/transcript?ag_id=900#ew_0_566515,0.15,150,5.010635294,,
2548,ea,g_937;em_12_91026;n_104811-n_104812;p_179;#=ew_69_218510;prefix=65852-;[0]=ew_0_584451,R001M,PresentElder,37.739,37.589,https://labbcat.canterbury.ac.nz/maonze/transcript?ag_id=937#ew_0_584451,0.15,150,5.010635294,,
2709,ea,g_972;em_12_92976;n_106345-n_106346;p_184;#=ew_69_223696;prefix=70669-;[0]=ew_0_602906,R004M,PresentElder,39.362,39.212,https://labbcat.canterbury.ac.nz/maonze/transcript?ag_id=972#ew_0_602906,0.15,150,5.010635294,,
3064,ia,g_1075;em_12_99743;n_110941-n_110942;p_208;#=ew_69_245435;prefix=91792-;[0]=ew_0_661938,WU07M,Historical,61.836,61.686,https://labbcat.canterbury.ac.nz/maonze/transcript?ag_id=1075#ew_0_661938,0.15,150,5.010635294,,
3116,ia,g_1088;em_12_100501;n_4699158-n_111592;p_208;#=ew_69_247547;prefix=93470-;[0]=ew_0_668830,WU07M,Historical,27.311,27.161,https://labbcat.canterbury.ac.nz/maonze/transcript?ag_id=1088#ew_0_668830,0.15,150,5.010635294,,
3213,ia,g_1203;em_12_108946;n_117747-n_117748;p_244;#=ew_69_244042;prefix=89593-;[0]=ew_0_725832,WU04M,Historical,10.550816,10.400816,https://labbcat.canterbury.ac.nz/maonze/transcript?ag_id=1203#ew_0_725832,0.15,150,5.010635294,,
3225,ia,g_1207;em_12_109407;n_118196-n_118197;p_244;#=ew_69_243724;prefix=90144-;[0]=ew_0_728279,WU04M,Historical,12.652,12.502,https://labbcat.canterbury.ac.nz/maonze/transcript?ag_id=1207#ew_0_728279,0.15,150,5.010635294,,
3287,ia,g_138;em_12_9617;n_39089-n_39090;p_284;#=ew_69_209921;prefix=57722-;[0]=ew_0_92634,MU01M,Historical,37.239,37.089,https://labbcat.canterbury.ac.nz/maonze/transcript?ag_id=138#ew_0_92634,0.15,150,5.010635294,,
3395,ia,g_16;em_12_1228;n_31855-n_31856;p_19;#=ew_69_152120;prefix=02185-;[0]=ew_0_10624,K002M,PresentElder,6.757,6.607,https://labbcat.canterbury.ac.nz/maonze/transcript?ag_id=16#ew_0_10624,0.15,150,5.010635294,,
3439,ia,g_1627;em_12_132458;n_134750-n_134751;p_299;#=ew_69_192646;prefix=41624-;[0]=ew_0_937931,L2H01M,L2,59.73,59.58,https://labbcat.canterbury.ac.nz/maonze/transcript?ag_id=1627#ew_0_937931,0.15,150,5.010635294,,
3485,ia,g_1647;em_12_133570;n_135751-n_135752;p_300;#=ew_69_193310;prefix=42200-;[0]=ew_0_945612,L2H02M,L2,48.216,48.066,https://labbcat.canterbury.ac.nz/maonze/transcript?ag_id=1647#ew_0_945612,0.15,150,5.010635294,,
3590,ia,g_1756;em_12_140342;n_140955-n_140956;p_318;#=ew_69_231933;prefix=78691-;[0]=ew_0_1005317,R008M,PresentElder,62.742,62.592,https://labbcat.canterbury.ac.nz/maonze/transcript?ag_id=1756#ew_0_1005317,0.15,150,5.010635294,,
3657,ia,g_1888;em_12_155432;n_5263438-n_5263455;p_334;#=ew_69_237715;prefix=83751-;[0]=ew_0_1174404,R011M,PresentElder,53.247,53.097,https://labbcat.canterbury.ac.nz/maonze/transcript?ag_id=1888#ew_0_1174404,0.15,150,5.010635294,,
3697,ia,g_1901;em_12_156318;n_5277851-n_5277865;p_333;#=ew_69_239080;prefix=85237-;[0]=ew_0_1185806,R012M,PresentElder,63.238,63.088,https://labbcat.canterbury.ac.nz/maonze/transcript?ag_id=1901#ew_0_1185806,0.15,150,5.010635294,,
3732,ia,g_1909;em_12_156880;n_5285167-n_5285185;p_333;#=ew_69_240826;prefix=86732-;[0]=ew_0_1191760,R012M,PresentElder,32.879,32.729,https://labbcat.canterbury.ac.nz/maonze/transcript?ag_id=1909#ew_0_1191760,0.15,150,5.010635294,,
4018,ia,g_386;em_12_39156;n_62951-n_62952;p_95;#=ew_69_215623;prefix=62723-;[0]=ew_0_248571,MU06M,Historical,22.343,22.193,https://labbcat.canterbury.ac.nz/maonze/transcript?ag_id=386#ew_0_248571,0.15,150,5.010635294,,
4302,ia,g_604;em_12_64298;n_10364-n_83892;p_140;#=ew_69_191099;prefix=39529-;[0]=ew_0_385082,L1Y05M,L1,8.53,8.38,https://labbcat.canterbury.ac.nz/maonze/transcript?ag_id=604#ew_0_385082,0.15,150,5.010635294,,
4360,ia,g_627;em_12_65376;n_84891-n_84892;p_142;#=ew_69_183753;prefix=33002-;[0]=ew_0_396893,L1Y01M,L1,37.795,37.645,https://labbcat.canterbury.ac.nz/maonze/transcript?ag_id=627#ew_0_396893,0.15,150,5.010635294,,
4491,ia,g_81;em_12_5549;n_35624-n_35625;p_37;#=ew_69_160107;prefix=10623-;[0]=ew_0_55454,K005M,PresentElder,44.23,44.08,https://labbcat.canterbury.ac.nz/maonze/transcript?ag_id=81#ew_0_55454,0.15,150,5.010635294,,
4937,oa,g_101;em_12_7033;n_36877-n_36878;p_41;#=ew_69_162877;prefix=13515-;[0]=ew_0_69195,K007M,PresentElder,22.351,22.201,https://labbcat.canterbury.ac.nz/maonze/transcript?ag_id=101#ew_0_69195,0.15,150,5.010635294,,
5055,oa,g_1044;em_12_97384;n_109326-n_109327;p_193;#=ew_69_236035;prefix=82455-;[0]=ew_0_645113,R010M,PresentElder,51.867,51.717,https://labbcat.canterbury.ac.nz/maonze/transcript?ag_id=1044#ew_0_645113,0.15,150,5.010635294,,
5100,oa,g_1078;em_12_99895;n_111086-n_111087;p_208;#=ew_69_245963;prefix=92105-;[0]=ew_0_663332,WU07M,Historical,23.529,23.379,https://labbcat.canterbury.ac.nz/maonze/transcript?ag_id=1078#ew_0_663332,0.15,150,5.010635294,,
5116,oa,g_1083;em_12_100196;n_111324-n_111325;p_208;#=ew_69_246907;prefix=92780-;[0]=ew_0_665997,WU07M,Historical,44.342,44.192,https://labbcat.canterbury.ac.nz/maonze/transcript?ag_id=1083#ew_0_665997,0.15,150,5.010635294,,
5137,oa,g_1089;em_12_100541;n_111614-n_111615;p_208;#=ew_69_247679;prefix=93533-;[0]=ew_0_669178,WU07M,Historical,29.845,29.695,https://labbcat.canterbury.ac.nz/maonze/transcript?ag_id=1089#ew_0_669178,0.15,150,5.010635294,,
5186,oa,g_1205;em_12_109197;n_117996-n_117997;p_244;#=ew_69_244253;prefix=89799-;[0]=ew_0_727075,WU04M,Historical,28.403,28.253,https://labbcat.canterbury.ac.nz/maonze/transcript?ag_id=1205#ew_0_727075,0.15,150,5.010635294,,
5416,oa,g_1630;em_12_132585;n_134854-n_27007;p_299;#=ew_69_193154;prefix=41885-;[0]=ew_0_1230484,L2H01M,L2,6.217,6.067,https://labbcat.canterbury.ac.nz/maonze/transcript?ag_id=1630#ew_0_1230484,0.15,150,5.010635294,,
5417,oa,g_1633;em_12_132680;n_134931-n_134932;p_288;#=ew_69_195334;prefix=43841-;[0]=ew_0_939487,L2H03M,L2,64.139,63.989,https://labbcat.canterbury.ac.nz/maonze/transcript?ag_id=1633#ew_0_939487,0.15,150,5.010635294,,
5650,oa,g_1895;em_12_155865;n_5270317-n_5270330;p_334;#=ew_69_238553;prefix=84370-;[0]=ew_0_1180474,R011M,PresentElder,54.135,53.985,https://labbcat.canterbury.ac.nz/maonze/transcript?ag_id=1895#ew_0_1180474,0.15,150,5.010635294,,
5734,oa,g_1910;em_12_156914;n_5286341-n_5286363;p_333;#=ew_69_240427;prefix=86901-;[0]=ew_0_1192997,R012M,PresentElder,61.061,60.911,https://labbcat.canterbury.ac.nz/maonze/transcript?ag_id=1910#ew_0_1192997,0.15,150,5.010635294,,
5883,oa,g_322;em_12_31757;n_56322-n_5700;p_89;#=ew_69_189020;prefix=37400-;[0]=ew_0_215615,L1Y04M,L1,17.945,17.795,https://labbcat.canterbury.ac.nz/maonze/transcript?ag_id=322#ew_0_215615,0.15,150,5.010635294,,
5929,oa,g_346;em_12_33646;n_57806-n_7087492;p_85;#=ew_69_185090;prefix=34258-;[0]=ew_0_226146,L1Y02M,L1,35.838,35.688,https://labbcat.canterbury.ac.nz/maonze/transcript?ag_id=346#ew_0_226146,0.15,150,5.010635294,,
6196,oa,g_607;em_12_64526;n_84104-n_84105;p_140;#=ew_69_191076;prefix=40115-;[0]=ew_0_387189,L1Y05M,L1,61.104,60.954,https://labbcat.canterbury.ac.nz/maonze/transcript?ag_id=607#ew_0_387189,0.15,150,5.010635294,,
6353,oa,g_83;em_12_5645;n_35703-n_6951060;p_37;#=ew_69_160339;prefix=10888-;[0]=ew_0_56701,K005M,PresentElder,26.028,25.878,https://labbcat.canterbury.ac.nz/maonze/transcript?ag_id=83#ew_0_56701,0.15,150,5.010635294,,
6485,oa,g_900;em_12_88756;n_102970-n_102971;p_173;#=ew_69_177673;prefix=27088-;[0]=ew_0_566525,L1H04M,L1,59.558,59.408,https://labbcat.canterbury.ac.nz/maonze/transcript?ag_id=900#ew_0_566525,0.15,150,5.010635294,,
6763,ua,g_1018;em_12_163643;n_6670264-n_6670271;p_188;#=ew_69_230419;prefix=77210-;[0]=ew_0_1281760,R007M,PresentElder,49.829,49.679,https://labbcat.canterbury.ac.nz/maonze/transcript?ag_id=1018#ew_0_1281760,0.15,150,5.010635294,,
7033,ua,g_1072;em_12_99597;n_4690941-n_110812;p_206;#=ew_69_245826;prefix=91369-;[0]=ew_0_660369,WU06M,Historical,53.172,53.022,https://labbcat.canterbury.ac.nz/maonze/transcript?ag_id=1072#ew_0_660369,0.15,150,5.010635294,,
7080,ua,g_1077;em_12_99849;n_111041-n_111042;p_208;#=ew_69_246358;prefix=92020-;[0]=ew_0_662912,WU07M,Historical,51.83,51.68,https://labbcat.canterbury.ac.nz/maonze/transcript?ag_id=1077#ew_0_662912,0.15,150,5.010635294,,
7087,ua,g_1078;em_12_99903;n_111094-n_7083658;p_208;#=ew_69_246003;prefix=92118-;[0]=ew_0_663421,WU07M,Historical,62.36,62.21,https://labbcat.canterbury.ac.nz/maonze/transcript?ag_id=1078#ew_0_663421,0.15,150,5.010635294,,
7203,ua,g_11;em_12_783;n_31429-n_31430;p_28;#=ew_69_149215;prefix=00258-;[0]=ew_0_7012,K001M,PresentElder,18.133,17.983,https://labbcat.canterbury.ac.nz/maonze/transcript?ag_id=11#ew_0_7012,0.15,150,5.010635294,,
7249,ua,g_117;em_12_8470;n_1030-n_38028;p_43;#=ew_69_211461;prefix=58582-;[0]=ew_0_82095,MU02M,Historical,5.88,5.73,https://labbcat.canterbury.ac.nz/maonze/transcript?ag_id=117#ew_0_82095,0.15,150,5.010635294,,
7296,ua,g_1201;em_12_108722;n_117525-n_4689381;p_244;#=ew_69_243170;prefix=89216-;[0]=ew_0_724680,WU04M,Historical,27.34,27.19,https://labbcat.canterbury.ac.nz/maonze/transcript?ag_id=1201#ew_0_724680,0.15,150,5.010635294,,
7299,ua,g_1202;em_12_108847;n_117649-n_117650;p_244;#=ew_69_242809;prefix=89441-;[0]=ew_0_725323,WU04M,Historical,46.89,46.74,https://labbcat.canterbury.ac.nz/maonze/transcript?ag_id=1202#ew_0_725323,0.15,150,5.010635294,,
7587,ua,g_1515;em_12_125669;n_129781-n_129782;p_276;#=ew_69_242068;prefix=88096-;[0]=ew_0_882353,WU03M,Historical,31.144,30.994,https://labbcat.canterbury.ac.nz/maonze/transcript?ag_id=1515#ew_0_882353,0.15,150,5.010635294,,
7791,ua,g_1629;em_12_132527;n_134801-n_134802;p_299;#=ew_69_192863;prefix=41758-;[0]=ew_0_938490,L2H01M,L2,57.58,57.43,https://labbcat.canterbury.ac.nz/maonze/transcript?ag_id=1629#ew_0_938490,0.15,150,5.010635294,,
7820,ua,g_1636;em_12_132886;n_135123-n_135124;p_288;#=ew_69_195221;prefix=44222-;[0]=ew_0_1275731,L2H03M,L2,41.129,40.979,https://labbcat.canterbury.ac.nz/maonze/transcript?ag_id=1636#ew_0_1275731,0.15,150,5.010635294,,
7852,ua,g_1641;em_12_133229;n_135441-n_135442;p_288;#=ew_69_196534;prefix=44885-;[0]=ew_0_942912,L2H03M,L2,49.016,48.866,https://labbcat.canterbury.ac.nz/maonze/transcript?ag_id=1641#ew_0_942912,0.15,150,5.010635294,,
8352,ua,g_1904;em_12_156582;n_5280497-n_5280514;p_333;#=ew_69_239480;prefix=85691-;[0]=ew_0_1188159,R012M,PresentElder,50.763,50.613,https://labbcat.canterbury.ac.nz/maonze/transcript?ag_id=1904#ew_0_1188159,0.15,150,5.010635294,,
9345,ua,g_607;em_12_64524;n_84102-n_84103;p_140;#=ew_69_191065;prefix=40106-;[0]=ew_0_1249970,L1Y05M,L1,46.329,46.179,https://labbcat.canterbury.ac.nz/maonze/transcript?ag_id=607#ew_0_1249970,0.15,150,5.010635294,,
9413,ua,g_615;em_12_64912;n_84475-n_84476;p_142;#=ew_69_182511;prefix=31613-;[0]=ew_0_391272,L1Y01M,L1,61.144,60.994,https://labbcat.canterbury.ac.nz/maonze/transcript?ag_id=615#ew_0_391272,0.15,150,5.010635294,,
9423,ua,g_617;em_12_64994;n_84553-n_84554;p_142;#=ew_69_182852;prefix=31818-;[0]=ew_0_1246561,L1Y01M,L1,39.958,39.808,https://labbcat.canterbury.ac.nz/maonze/transcript?ag_id=617#ew_0_1246561,0.15,150,5.010635294,,
9456,ua,g_625;em_12_65297;n_84817-n_84818;p_142;#=ew_69_183170;prefix=32736-;[0]=ew_0_1246425,L1Y01M,L1,44.658,44.508,https://labbcat.canterbury.ac.nz/maonze/transcript?ag_id=625#ew_0_1246425,0.15,150,5.010635294,,
9821,ua,g_849;em_12_85434;n_100450-n_100451;p_167;#=ew_69_171375;prefix=20758-;[0]=ew_0_540736,L1H01M,L1,31.494,31.344,https://labbcat.canterbury.ac.nz/maonze/transcript?ag_id=849#ew_0_540736,0.15,150,5.010635294,,
9899,ua,g_863;em_12_86408;n_101311-n_101312;p_168;#=ew_69_172941;prefix=22870-;[0]=ew_0_548533,L1H02M,L1,52.665,52.515,https://labbcat.canterbury.ac.nz/maonze/transcript?ag_id=863#ew_0_548533,0.15,150,5.010635294,,
9927,ua,g_867;em_12_86713;n_101536-n_101537;p_168;#=ew_69_174308;prefix=23526-;[0]=ew_0_550991,L1H02M,L1,11.902,11.752,https://labbcat.canterbury.ac.nz/maonze/transcript?ag_id=867#ew_0_550991,0.15,150,5.010635294,,
9997,ua,g_877;em_12_87391;n_102003-n_102004;p_169;#=ew_69_175301;prefix=24722-;[0]=ew_0_555688,L1H03M,L1,32.285,32.135,https://labbcat.canterbury.ac.nz/maonze/transcript?ag_id=877#ew_0_555688,0.15,150,5.010635294,,
10002,ua,g_878;em_12_87477;n_102052-n_102053;p_169;#=ew_69_174974;prefix=24840-;[0]=ew_0_556168,L1H03M,L1,55.009,54.859,https://labbcat.canterbury.ac.nz/maonze/transcript?ag_id=878#ew_0_556168,0.15,150,5.010635294,,
10121,ua,g_9;em_12_568;n_31216-n_31217;p_28;#=ew_69_150444;prefix=00724-;[0]=ew_0_5201,K001M,PresentElder,51.464,51.314,https://labbcat.canterbury.ac.nz/maonze/transcript?ag_id=9#ew_0_5201,0.15,150,5.010635294,,
10278,ua,g_928;em_12_90389;n_104207-n_104208;p_179;#=ew_69_217746;prefix=64829-;[0]=ew_0_580767,R001M,PresentElder,60.796,60.646,https://labbcat.canterbury.ac.nz/maonze/transcript?ag_id=928#ew_0_580767,0.15,150,5.010635294,,
10304,ua,g_935;em_12_90848;n_104648-n_104649;p_179;#=ew_69_218312;prefix=65494-;[0]=ew_0_583237,R001M,PresentElder,62.988,62.838,https://labbcat.canterbury.ac.nz/maonze/transcript?ag_id=935#ew_0_583237,0.15,150,5.010635294,,
10341,ua,g_939;em_12_91194;n_104967-n_104968;p_179;#=ew_69_218991;prefix=66219-;[0]=ew_0_585726,R001M,PresentElder,28.657,28.507,https://labbcat.canterbury.ac.nz/maonze/transcript?ag_id=939#ew_0_585726,0.15,150,5.010635294,,
10479,ua,g_961;em_12_92300;n_16030-n_105875;p_183;#=ew_69_221717;prefix=69211-;[0]=ew_0_597105,R003M,PresentElder,49.092,48.942,https://labbcat.canterbury.ac.nz/maonze/transcript?ag_id=961#ew_0_597105,0.15,150,5.010635294,,
10484,ua,g_962;em_12_92361;n_16050-n_105916;p_183;#=ew_69_222319;prefix=69368-;[0]=ew_0_597678,R003M,PresentElder,49.082,48.932,https://labbcat.canterbury.ac.nz/maonze/transcript?ag_id=962#ew_0_597678,0.15,150,5.010635294,,
10509,ua,g_965;em_12_92577;n_106041-n_106042;p_183;#=ew_69_222728;prefix=69817-;[0]=ew_0_599511,R003M,PresentElder,15.024,14.874,https://labbcat.canterbury.ac.nz/maonze/transcript?ag_id=965#ew_0_599511,0.15,150,5.010635294,,
10605,ua,g_982;em_12_93727;n_16498-n_106834;p_184;#=ew_69_225283;prefix=72143-;[0]=ew_0_608499,R004M,PresentElder,38.405,38.255,https://labbcat.canterbury.ac.nz/maonze/transcript?ag_id=982#ew_0_608499,0.15,150,5.010635294,,
69,ea,g_1022;em_12_96066;n_108539-n_108540;p_190;#=ew_69_232224;prefix=78812-;[0]=ew_0_630049,R009M,PresentElder,71.243,71.093,https://labbcat.canterbury.ac.nz/maonze/transcript?ag_id=1022#ew_0_630049,0.15,150,5.010635294,,
115,ea,g_1034;em_12_96597;n_108904-n_108905;p_190;#=ew_69_234197;prefix=80722-;[0]=ew_0_637782,R009M,PresentElder,122.931,122.781,https://labbcat.canterbury.ac.nz/maonze/transcript?ag_id=1034#ew_0_637782,0.15,150,5.010635294,,
269,ea,g_1088;em_12_100520;n_111604-n_111605;p_208;#=ew_69_247612;prefix=93504-;[0]=ew_0_669024,WU07M,Historical,98.621,98.471,https://labbcat.canterbury.ac.nz/maonze/transcript?ag_id=1088#ew_0_669024,0.15,150,5.010635294,,
351,ea,g_1205;em_12_109229;n_118028-n_4689504;p_244;#=ew_69_244478;prefix=89865-;[0]=ew_0_727316,WU04M,Historical,119.05,118.9,https://labbcat.canterbury.ac.nz/maonze/transcript?ag_id=1205#ew_0_727316,0.15,150,5.010635294,,
969,ea,g_1843;em_12_149184;n_3850075-n_3850091;p_49;#=ew_69_204358;prefix=52779-;[0]=ew_0_1102949,L2Y03M,L2,76.118,75.968,https://labbcat.canterbury.ac.nz/maonze/transcript?ag_id=1843#ew_0_1102949,0.15,150,5.010635294,,
1307,ea,g_305;em_12_162402;n_6240860-n_6240941;p_81;#=ew_69_186629;prefix=35228-;[0]=ew_0_1265846,L1Y03M,L1,98.862,98.712,https://labbcat.canterbury.ac.nz/maonze/transcript?ag_id=305#ew_0_1265846,0.15,150,5.010635294,,
1453,ea,g_334;em_12_161025;n_6031600-n_6031603;p_85;#=ew_69_185032;prefix=34217-;[0]=ew_0_1243072,L1Y02M,L1,92.523,92.373,https://labbcat.canterbury.ac.nz/maonze/transcript?ag_id=334#ew_0_1243072,0.15,150,5.010635294,,
2024,ea,g_631;em_12_65982;n_85449-n_85450;p_143;#=ew_69_202276;prefix=51267-;[0]=ew_0_400682,L2Y02M,L2,93.785,93.635,https://labbcat.canterbury.ac.nz/maonze/transcript?ag_id=631#ew_0_400682,0.15,150,5.010635294,,
2272,ea,g_855;em_12_85880;n_100875-n_100876;p_167;#=ew_69_172065;prefix=21689-;[0]=ew_0_544427,L1H01M,L1,119.008,118.858,https://labbcat.canterbury.ac.nz/maonze/transcript?ag_id=855#ew_0_544427,0.15,150,5.010635294,,
2387,ea,g_884;em_12_87908;n_102310-n_15214;p_169;#=ew_69_175624;prefix=25344-;[0]=ew_0_558785,L1H03M,L1,90.562,90.412,https://labbcat.canterbury.ac.nz/maonze/transcript?ag_id=884#ew_0_558785,0.15,150,5.010635294,,
2409,ea,g_893;em_12_88410;n_102676-n_102677;p_174;#=ew_69_179501;prefix=28522-;[0]=ew_0_562743,L1H05M,L1,110.309,110.159,https://labbcat.canterbury.ac.nz/maonze/transcript?ag_id=893#ew_0_562743,0.15,150,5.010635294,,
2538,ea,g_935;em_12_90868;n_104668-n_104669;p_179;#=ew_69_218400;prefix=65533-;[0]=ew_0_583365,R001M,PresentElder,112.416,112.266,https://labbcat.canterbury.ac.nz/maonze/transcript?ag_id=935#ew_0_583365,0.15,150,5.010635294,,
2647,ea,g_959;em_12_92191;n_105785-n_105786;p_183;#=ew_69_221957;prefix=68864-;[0]=ew_0_595911,R003M,PresentElder,83.291,83.141,https://labbcat.canterbury.ac.nz/maonze/transcript?ag_id=959#ew_0_595911,0.15,150,5.010635294,,
2752,ea,g_978;em_12_93497;n_16421-n_106681;p_184;#=ew_69_225080;prefix=71700-;[0]=ew_0_606554,R004M,PresentElder,90.58,90.43,https://labbcat.canterbury.ac.nz/maonze/transcript?ag_id=978#ew_0_606554,0.15,150,5.010635294,,
2969,ia,g_1032;em_12_96519;n_17269-n_108843;p_190;#=ew_69_233445;prefix=80407-;[0]=ew_0_636641,R009M,PresentElder,118.996,118.846,https://labbcat.canterbury.ac.nz/maonze/transcript?ag_id=1032#ew_0_636641,0.15,150,5.010635294,,
3437,ia,g_1625;em_12_132317;n_134668-n_134669;p_299;#=ew_69_192482;prefix=41431-;[0]=ew_0_937049,L2H01M,L2,117.255,117.105,https://labbcat.canterbury.ac.nz/maonze/transcript?ag_id=1625#ew_0_937049,0.15,150,5.010635294,,
4046,ia,g_446;em_12_169684;n_6944570-n_6944571;p_110;#=ew_69_155584;prefix=05788-;[0]=ew_0_1326176,K003M,PresentElder,102.567,102.417,https://labbcat.canterbury.ac.nz/maonze/transcript?ag_id=446#ew_0_1326176,0.15,150,5.010635294,,
4163,ia,g_482;em_12_49427;n_71309-n_71310;p_121;#=ew_69_168945;prefix=18539-;[0]=ew_0_309951,K009M,PresentElder,96.583,96.433,https://labbcat.canterbury.ac.nz/maonze/transcript?ag_id=482#ew_0_309951,0.15,150,5.010635294,,
4314,ia,g_606;em_12_64439;n_84024-n_84025;p_140;#=ew_69_190478;prefix=40031-;[0]=ew_0_386811,L1Y05M,L1,93.383,93.233,https://labbcat.canterbury.ac.nz/maonze/transcript?ag_id=606#ew_0_386811,0.15,150,5.010635294,,
4603,ia,g_886;em_12_88062;n_102395-n_102396;p_169;#=ew_69_175712;prefix=25487-;[0]=ew_0_559609,L1H03M,L1,124.273,124.123,https://labbcat.canterbury.ac.nz/maonze/transcript?ag_id=886#ew_0_559609,0.15,150,5.010635294,,
4763,ia,g_943;em_12_91507;n_105198-n_105199;p_179;#=ew_69_219538;prefix=66881-;[0]=ew_0_588034,R001M,PresentElder,123.66,123.51,https://labbcat.canterbury.ac.nz/maonze/transcript?ag_id=943#ew_0_588034,0.15,150,5.010635294,,
4977,oa,g_1023;em_12_96112;n_108570-n_108571;p_190;#=ew_69_232686;prefix=78953-;[0]=ew_0_630723,R009M,PresentElder,114.047,113.897,https://labbcat.canterbury.ac.nz/maonze/transcript?ag_id=1023#ew_0_630723,0.15,150,5.010635294,,
5064,oa,g_1047;em_12_97512;n_6793439-n_6793442;p_193;#=ew_69_236496;prefix=82857-;[0]=ew_0_646771,R010M,PresentElder,85.886,85.736,https://labbcat.canterbury.ac.nz/maonze/transcript?ag_id=1047#ew_0_646771,0.15,150,5.010635294,,
5103,oa,g_1078;em_12_99914;n_111101-n_18345;p_208;#=ew_69_246068;prefix=92139-;[0]=ew_0_663510,WU07M,Historical,100.1,99.95,https://labbcat.canterbury.ac.nz/maonze/transcript?ag_id=1078#ew_0_663510,0.15,150,5.010635294,,
5759,oa,g_1922;em_12_162567;n_6278708-n_6278715;p_337;#=ew_69_216884;prefix=64240-;[0]=ew_0_1267859,MU11M,Historical,89.487,89.337,https://labbcat.canterbury.ac.nz/maonze/transcript?ag_id=1922#ew_0_1267859,0.15,150,5.010635294,,
6452,oa,g_887;em_12_88115;n_15309-n_102420;p_169;#=ew_69_175958;prefix=25538-;[0]=ew_0_559882,L1H03M,L1,67.029,66.879,https://labbcat.canterbury.ac.nz/maonze/transcript?ag_id=887#ew_0_559882,0.15,150,5.010635294,,
6453,oa,g_887;em_12_88116;n_102420-n_102421;p_169;#=ew_69_175959;prefix=25539-;[0]=ew_0_559883,L1H03M,L1,67.838,67.688,https://labbcat.canterbury.ac.nz/maonze/transcript?ag_id=887#ew_0_559883,0.15,150,5.010635294,,
6562,oa,g_942;em_12_91450;n_105152-n_105153;p_179;#=ew_69_219418;prefix=66762-;[0]=ew_0_587668,R001M,PresentElder,87.059,86.909,https://labbcat.canterbury.ac.nz/maonze/transcript?ag_id=942#ew_0_587668,0.15,150,5.010635294,,
6826,ua,g_1029;em_12_96379;n_108740-n_108741;p_190;#=ew_69_233541;prefix=79903-;[0]=ew_0_634623,R009M,PresentElder,91.267,91.117,https://labbcat.canterbury.ac.nz/maonze/transcript?ag_id=1029#ew_0_634623,0.15,150,5.010635294,,
7035,ua,g_1072;em_12_99602;n_110816-n_110817;p_206;#=ew_69_245840;prefix=91381-;[0]=ew_0_660435,WU06M,Historical,76.639,76.489,https://labbcat.canterbury.ac.nz/maonze/transcript?ag_id=1072#ew_0_660435,0.15,150,5.010635294,,
7315,ua,g_1210;em_12_109679;n_118460-n_118461;p_244;#=ew_69_244654;prefix=90604-;[0]=ew_0_729945,WU04M,Historical,76.877,76.727,https://labbcat.canterbury.ac.nz/maonze/transcript?ag_id=1210#ew_0_729945,0.15,150,5.010635294,,
7492,ua,g_138;em_12_9622;n_39094-n_39095;p_284;#=ew_69_209957;prefix=57740-;[0]=ew_0_92700,MU01M,Historical,64.374,64.224,https://labbcat.canterbury.ac.nz/maonze/transcript?ag_id=138#ew_0_92700,0.15,150,5.010635294,,
7535,ua,g_1392;em_12_119180;n_124652-n_124653;p_262;#=ew_69_249215;prefix=95129-;[0]=ew_0_824514,WU08M,Historical,110.109,109.959,https://labbcat.canterbury.ac.nz/maonze/transcript?ag_id=1392#ew_0_824514,0.15,150,5.010635294,,
7704,ua,g_1544;em_12_127183;n_130751-n_130752;p_291;#=ew_69_216555;prefix=63857-;[0]=ew_0_898291,MU09M,Historical,66.565,66.415,https://labbcat.canterbury.ac.nz/maonze/transcript?ag_id=1544#ew_0_898291,0.15,150,5.010635294,,
7823,ua,g_1636;em_12_132895;n_135132-n_135133;p_288;#=ew_69_195247;prefix=44248-;[0]=ew_0_1275788,L2H03M,L2,81.344,81.194,https://labbcat.canterbury.ac.nz/maonze/transcript?ag_id=1636#ew_0_1275788,0.15,150,5.010635294,,
8104,ua,g_1747;em_12_139679;n_140387-n_140388;p_318;#=ew_69_230970;prefix=77705-;[0]=ew_0_1001745,R008M,PresentElder,83.458,83.308,https://labbcat.canterbury.ac.nz/maonze/transcript?ag_id=1747#ew_0_1001745,0.15,150,5.010635294,,
8702,ua,g_326;em_12_148491;n_3841531-n_3841550;p_89;#=ew_69_188685;prefix=38135-;[0]=ew_0_1095255,L1Y04M,L1,118.794,118.644,https://labbcat.canterbury.ac.nz/maonze/transcript?ag_id=326#ew_0_1095255,0.15,150,5.010635294,,
8764,ua,g_340;em_12_33464;n_57682-n_57683;p_85;#=ew_69_185695;prefix=34820-;[0]=ew_0_1242389,L1Y02M,L1,91.341,91.191,https://labbcat.canterbury.ac.nz/maonze/transcript?ag_id=340#ew_0_1242389,0.15,150,5.010635294,,
8772,ua,g_341;em_12_33496;n_57709-n_57710;p_85;#=ew_69_184458;prefix=33771-;[0]=ew_0_1241924,L1Y02M,L1,116.169,116.019,https://labbcat.canterbury.ac.nz/maonze/transcript?ag_id=341#ew_0_1241924,0.15,150,5.010635294,,
9084,ua,g_477;em_12_49149;n_71067-n_71068;p_121;#=ew_69_167440;prefix=17668-;[0]=ew_0_306819,K009M,PresentElder,100.139,99.989,https://labbcat.canterbury.ac.nz/maonze/transcript?ag_id=477#ew_0_306819,0.15,150,5.010635294,,
9198,ua,g_5;em_12_160;n_30825-n_30826;p_28;#=ew_69_150884;prefix=01753-;[0]=ew_0_2081,K001M,PresentElder,93.228,93.078,https://labbcat.canterbury.ac.nz/maonze/transcript?ag_id=5#ew_0_2081,0.15,150,5.010635294,,
9266,ua,g_58;em_12_162171;n_6217248-n_6217249;p_32;#=ew_69_159686;prefix=09551-;[0]=ew_0_1263006,K004M,PresentElder,112.817,112.667,https://labbcat.canterbury.ac.nz/maonze/transcript?ag_id=58#ew_0_1263006,0.15,150,5.010635294,,
9465,ua,g_625;em_12_65314;n_84834-n_84835;p_142;#=ew_69_183256;prefix=32791-;[0]=ew_0_396111,L1Y01M,L1,114.442,114.292,https://labbcat.canterbury.ac.nz/maonze/transcript?ag_id=625#ew_0_396111,0.15,150,5.010635294,,
9775,ua,g_8;em_12_470;n_31124-n_31125;p_28;#=ew_69_149664;prefix=01077-;[0]=ew_0_1230999,K001M,PresentElder,85.457,85.307,https://labbcat.canterbury.ac.nz/maonze/transcript?ag_id=8#ew_0_1230999,0.15,150,5.010635294,,
9853,ua,g_853;em_12_85712;n_100718-n_100719;p_167;#=ew_69_171547;prefix=21349-;[0]=ew_0_543158,L1H01M,L1,75.892,75.742,https://labbcat.canterbury.ac.nz/maonze/transcript?ag_id=853#ew_0_543158,0.15,150,5.010635294,,
9930,ua,g_867;em_12_86734;n_101549-n_101550;p_168;#=ew_69_174445;prefix=23568-;[0]=ew_0_551148,L1H02M,L1,74.859,74.709,https://labbcat.canterbury.ac.nz/maonze/transcript?ag_id=867#ew_0_551148,0.15,150,5.010635294,,
10384,ua,g_946;em_12_91597;n_105275-n_105276;p_181;#=ew_69_219980;prefix=67103-;[0]=ew_0_588794,R002M,PresentElder,88.904,88.754,https://labbcat.canterbury.ac.nz/maonze/transcript?ag_id=946#ew_0_588794,0.15,150,5.010635294,,
10581,ua,g_977;em_12_93400;n_16378-n_16379;p_184;#=ew_69_224579;prefix=71531-;[0]=ew_0_605925,R004M,PresentElder,92.202,92.052,https://labbcat.canterbury.ac.nz/maonze/transcript?ag_id=977#ew_0_605925,0.15,150,5.010635294,,
10637,ua,g_986;em_12_93896;n_106977-n_106978;p_182;#=ew_69_226252;prefix=72837-;[0]=ew_0_610358,R005M,PresentElder,122.695,122.545,https://labbcat.canterbury.ac.nz/maonze/transcript?ag_id=986#ew_0_610358,0.15,150,5.010635294,,
16,ea,g_1007;em_12_95282;n_108242-n_29903;p_284;#=ew_69_210571;prefix=58236-;[0]=ew_0_624009,MU01M,Historical,261.512,261.362,https://labbcat.canterbury.ac.nz/maonze/transcript?ag_id=1007#ew_0_624009,0.15,150,5.010635294,,
179,ea,g_1045;em_12_97447;n_109377-n_6793353;p_193;#=ew_69_236495;prefix=82644-;[0]=ew_0_646065,R010M,PresentElder,154.789,154.639,https://labbcat.canterbury.ac.nz/maonze/transcript?ag_id=1045#ew_0_646065,0.15,150,5.010635294,,
188,ea,g_1048;em_12_97588;n_109486-n_109487;p_193;#=ew_69_236797;prefix=83064-;[0]=ew_0_647590,R010M,PresentElder,192.944,192.794,https://labbcat.canterbury.ac.nz/maonze/transcript?ag_id=1048#ew_0_647590,0.15,150,5.010635294,,
189,ea,g_1048;em_12_97596;n_109490-n_109491;p_193;#=ew_69_236834;prefix=83125-;[0]=ew_0_647725,R010M,PresentElder,237.944,237.794,https://labbcat.canterbury.ac.nz/maonze/transcript?ag_id=1048#ew_0_647725,0.15,150,5.010635294,,
213,ea,g_1072;em_12_99627;n_110841-n_110842;p_206;#=ew_69_246105;prefix=91473-;[0]=ew_0_660772,WU06M,Historical,190.897,190.747,https://labbcat.canterbury.ac.nz/maonze/transcript?ag_id=1072#ew_0_660772,0.15,150,5.010635294,,
325,ea,g_12;em_12_917;n_31553-n_31554;p_28;#=ew_69_149526;prefix=00112-;[0]=ew_0_8112,K001M,PresentElder,147.075,146.925,https://labbcat.canterbury.ac.nz/maonze/transcript?ag_id=12#ew_0_8112,0.15,150,5.010635294,,
369,ea,g_1211;em_12_109778;n_118511-n_20713;p_244;#=ew_69_245124;prefix=90797-;[0]=ew_0_730811,WU04M,Historical,231.908,231.758,https://labbcat.canterbury.ac.nz/maonze/transcript?ag_id=1211#ew_0_730811,0.15,150,5.010635294,,
427,ea,g_1239;em_12_160357;n_5826513-n_5826531;p_249;#=ew_69_180724;prefix=30334-;[0]=ew_0_1228889,L1H06M,L1,235.527,235.377,https://labbcat.canterbury.ac.nz/maonze/transcript?ag_id=1239#ew_0_1228889,0.15,150,5.010635294,,
536,ea,g_14;em_12_1144;n_31778-n_31779;p_19;#=ew_69_151977;prefix=03251-;[0]=ew_0_9881,K002M,PresentElder,300.65,300.5,https://labbcat.canterbury.ac.nz/maonze/transcript?ag_id=14#ew_0_9881,0.15,150,5.010635294,,
551,ea,g_1518;em_12_125871;n_129935-n_129936;p_287;#=ew_69_228019;prefix=74263-;[0]=ew_0_884217,R006M,PresentElder,261.496,261.346,https://labbcat.canterbury.ac.nz/maonze/transcript?ag_id=1518#ew_0_884217,0.15,150,5.010635294,,
893,ea,g_1679;em_12_135498;n_137190-n_137191;p_307;#=ew_69_199875;prefix=48211-;[0]=ew_0_961762,L2H05M,L2,150.147,149.997,https://labbcat.canterbury.ac.nz/maonze/transcript?ag_id=1679#ew_0_961762,0.15,150,5.010635294,,
1018,ea,g_1849;em_12_149542;n_3854911-n_3854919;p_49;#=ew_69_205296;prefix=53572-;[0]=ew_0_1107067,L2Y03M,L2,440.077,439.927,https://labbcat.canterbury.ac.nz/maonze/transcript?ag_id=1849#ew_0_1107067,0.15,150,5.010635294,,
1025,ea,g_1853;em_12_150414;n_4569087-n_4569103;p_148;#=ew_69_208013;prefix=55915-;[0]=ew_0_1124687,L2Y05M,L2,153.807,153.657,https://labbcat.canterbury.ac.nz/maonze/transcript?ag_id=1853#ew_0_1124687,0.15,150,5.010635294,,
1089,ea,g_1903;em_12_156460;n_5279981-n_5280005;p_333;#=ew_69_239994;prefix=85587-;[0]=ew_0_1187145,R012M,PresentElder,170.194,170.044,https://labbcat.canterbury.ac.nz/maonze/transcript?ag_id=1903#ew_0_1187145,0.15,150,5.010635294,,
1421,ea,g_326;em_12_148501;n_3841773-n_3841797;p_89;#=ew_69_188712;prefix=38148-;[0]=ew_0_1095695,L1Y04M,L1,135.099,134.949,https://labbcat.canterbury.ac.nz/maonze/transcript?ag_id=326#ew_0_1095695,0.15,150,5.010635294,,
1545,ea,g_374;em_12_150365;n_4459309-n_60566;p_92;#=ew_69_213521;prefix=61387-;[0]=ew_0_1123194,MU04M,Historical,157.753,157.603,https://labbcat.canterbury.ac.nz/maonze/transcript?ag_id=374#ew_0_1123194,0.15,150,5.010635294,,
1653,ea,g_462;em_12_47674;n_7973-n_69757;p_112;#=ew_69_162382;prefix=12446-;[0]=ew_0_298442,K006M,PresentElder,257.082,256.932,https://labbcat.canterbury.ac.nz/maonze/transcript?ag_id=462#ew_0_298442,0.15,150,5.010635294,,
1731,ea,g_487;em_12_49923;n_71728-n_71729;p_122;#=ew_69_169443;prefix=19299-;[0]=ew_0_313180,K010M,PresentElder,170.801,170.651,https://labbcat.canterbury.ac.nz/maonze/transcript?ag_id=487#ew_0_313180,0.15,150,5.010635294,,
1872,ea,g_598;em_12_63993;n_83592-n_83593;p_140;#=ew_69_189612;prefix=38587-;[0]=ew_0_381725,L1Y05M,L1,296.017,295.867,https://labbcat.canterbury.ac.nz/maonze/transcript?ag_id=598#ew_0_381725,0.15,150,5.010635294,,
1924,ea,g_610;em_12_64696;n_84264-n_84265;p_142;#=ew_69_182142;prefix=31060-;[0]=ew_0_389042,L1Y01M,L1,145.617,145.467,https://labbcat.canterbury.ac.nz/maonze/transcript?ag_id=610#ew_0_389042,0.15,150,5.010635294,,
2063,ea,g_636;em_12_66580;n_10567-n_85962;p_145;#=ew_69_201563;prefix=49273-;[0]=ew_0_405340,L2Y01M,L2,272.104,271.954,https://labbcat.canterbury.ac.nz/maonze/transcript?ag_id=636#ew_0_405340,0.15,150,5.010635294,,
2100,ea,g_654;em_12_68720;n_87749-n_87750;p_146;#=ew_69_205826;prefix=54277-;[0]=ew_0_416107,L2Y04M,L2,203.635,203.485,https://labbcat.canterbury.ac.nz/maonze/transcript?ag_id=654#ew_0_416107,0.15,150,5.010635294,,
2461,ea,g_9;em_12_673;n_31321-n_31322;p_28;#=ew_69_150731;prefix=01003-;[0]=ew_0_6063,K001M,PresentElder,380.428,380.278,https://labbcat.canterbury.ac.nz/maonze/transcript?ag_id=9#ew_0_6063,0.15,150,5.010635294,,
2594,ea,g_948;em_12_163309;n_6521671-n_6521743;p_181;#=ew_69_220054;prefix=67454-;[0]=ew_0_1278456,R002M,PresentElder,156.67,156.52,https://labbcat.canterbury.ac.nz/maonze/transcript?ag_id=948#ew_0_1278456,0.15,150,5.010635294,,
2614,ea,g_949;em_12_91758;n_6521907-n_29845;p_181;#=ew_69_220742;prefix=67713-;[0]=ew_0_591084,R002M,PresentElder,304.433,304.283,https://labbcat.canterbury.ac.nz/maonze/transcript?ag_id=949#ew_0_591084,0.15,150,5.010635294,,
2802,ea,g_985;em_12_93857;n_106943-n_106944;p_182;#=ew_69_226221;prefix=72661-;[0]=ew_0_609863,R005M,PresentElder,152.95,152.8,https://labbcat.canterbury.ac.nz/maonze/transcript?ag_id=985#ew_0_609863,0.15,150,5.010635294,,
2842,ea,g_994;em_12_94262;n_107289-n_107290;p_182;#=ew_69_227200;prefix=74029-;[0]=ew_0_614781,R005M,PresentElder,246.849,246.699,https://labbcat.canterbury.ac.nz/maonze/transcript?ag_id=994#ew_0_614781,0.15,150,5.010635294,,
2922,ia,g_1026;em_12_96242;n_108663-n_108664;p_190;#=ew_69_232525;prefix=79459-;[0]=ew_0_632771,R009M,PresentElder,136.635,136.485,https://labbcat.canterbury.ac.nz/maonze/transcript?ag_id=1026#ew_0_632771,0.15,150,5.010635294,,
2956,ia,g_1030;em_12_96446;n_17249-n_108790;p_190;#=ew_69_234286;prefix=80168-;[0]=ew_0_635597,R009M,PresentElder,211.379,211.229,https://labbcat.canterbury.ac.nz/maonze/transcript?ag_id=1030#ew_0_635597,0.15,150,5.010635294,,
3028,ia,g_1048;em_12_97576;n_109481-n_109482;p_193;#=ew_69_236767;prefix=83106-;[0]=ew_0_647451,R010M,PresentElder,146.2,146.05,https://labbcat.canterbury.ac.nz/maonze/transcript?ag_id=1048#ew_0_647451,0.15,150,5.010635294,,
3350,ia,g_1517;em_12_125794;n_129873-n_129874;p_276;#=ew_69_242190;prefix=87996-;[0]=ew_0_883457,WU03M,Historical,159.986,159.836,https://labbcat.canterbury.ac.nz/maonze/transcript?ag_id=1517#ew_0_883457,0.15,150,5.010635294,,
3488,ia,g_1647;em_12_133604;n_135779-n_6345369;p_300;#=ew_69_193378;prefix=42264-;[0]=ew_0_945849,L2H02M,L2,142.438,142.288,https://labbcat.canterbury.ac.nz/maonze/transcript?ag_id=1647#ew_0_945849,0.15,150,5.010635294,,
3776,ia,g_1942;em_12_165592;n_6842331-n_6842343;p_41;#=ew_69_164948;prefix=15017-;[0]=ew_0_1294744,K007M,PresentElder,198.408,198.258,https://labbcat.canterbury.ac.nz/maonze/transcript?ag_id=1942#ew_0_1294744,0.15,150,5.010635294,,
3793,ia,g_1945;em_12_165903;n_6848235-n_6848243;p_28;#=ew_69_151215;prefix=01599-;[0]=ew_0_1297665,K001M,PresentElder,134.474,134.324,https://labbcat.canterbury.ac.nz/maonze/transcript?ag_id=1945#ew_0_1297665,0.15,150,5.010635294,,
3821,ia,g_22;em_12_1863;n_32480-n_32481;p_19;#=ew_69_153666;prefix=04237-;[0]=ew_0_15947,K002M,PresentElder,289.382,289.232,https://labbcat.canterbury.ac.nz/maonze/transcript?ag_id=22#ew_0_15947,0.15,150,5.010635294,,
3977,ia,g_370;em_12_36110;n_59935-n_59936;p_92;#=ew_69_214332;prefix=61113-;[0]=ew_0_239678,MU04M,Historical,437.777,437.627,https://labbcat.canterbury.ac.nz/maonze/transcript?ag_id=370#ew_0_239678,0.15,150,5.010635294,,
4050,ia,g_446;em_12_46133;n_68625-n_68626;p_110;#=ew_69_156146;prefix=05928-;[0]=ew_0_287595,K003M,PresentElder,302.421,302.271,https://labbcat.canterbury.ac.nz/maonze/transcript?ag_id=446#ew_0_287595,0.15,150,5.010635294,,
4064,ia,g_448;em_12_161481;n_6125931-n_6125933;p_110;#=ew_69_155476;prefix=06471-;[0]=ew_0_1253363,K003M,PresentElder,269.364,269.214,https://labbcat.canterbury.ac.nz/maonze/transcript?ag_id=448#ew_0_1253363,0.15,150,5.010635294,,
4369,ia,g_631;em_12_66001;n_85468-n_85469;p_143;#=ew_69_202317;prefix=51301-;[0]=ew_0_400826,L2Y02M,L2,139.438,139.288,https://labbcat.canterbury.ac.nz/maonze/transcript?ag_id=631#ew_0_400826,0.15,150,5.010635294,,
4386,ia,g_635;em_12_66491;n_85893-n_85894;p_145;#=ew_69_200776;prefix=49084-;[0]=ew_0_404654,L2Y01M,L2,315.537,315.387,https://labbcat.canterbury.ac.nz/maonze/transcript?ag_id=635#ew_0_404654,0.15,150,5.010635294,,
4400,ia,g_638;em_12_66743;n_86074-n_86075;p_145;#=ew_69_200952;prefix=49603-;[0]=ew_0_406816,L2Y01M,L2,300.81,300.66,https://labbcat.canterbury.ac.nz/maonze/transcript?ag_id=638#ew_0_406816,0.15,150,5.010635294,,
4813,ia,g_965;em_12_92626;n_106078-n_106079;p_183;#=ew_69_222861;prefix=69924-;[0]=ew_0_599996,R003M,PresentElder,261.575,261.425,https://labbcat.canterbury.ac.nz/maonze/transcript?ag_id=965#ew_0_599996,0.15,150,5.010635294,,
5231,oa,g_130;em_12_8855;n_38336-n_29027;p_284;#=ew_69_209842;prefix=58101-;[0]=ew_0_85654,MU01M,Historical,264.81,264.66,https://labbcat.canterbury.ac.nz/maonze/transcript?ag_id=130#ew_0_85654,0.15,150,5.010635294,,
5282,oa,g_1391;em_12_151914;n_4711948-n_4711951;p_262;#=ew_69_249142;prefix=95031-;[0]=ew_0_1134824,WU08M,Historical,137.147,136.997,https://labbcat.canterbury.ac.nz/maonze/transcript?ag_id=1391#ew_0_1134824,0.15,150,5.010635294,,
5613,oa,g_1868;em_12_153981;n_5221554-n_5221565;p_334;#=ew_69_237130;prefix=83587-;[0]=ew_0_1157362,R011M,PresentElder,128.289,128.139,https://labbcat.canterbury.ac.nz/maonze/transcript?ag_id=1868#ew_0_1157362,0.15,150,5.010635294,,
5661,oa,g_1897;em_12_155973;n_5274375-n_5274396;p_333;#=ew_69_238714;prefix=84776-;[0]=ew_0_1182563,R012M,PresentElder,205.218,205.068,https://labbcat.canterbury.ac.nz/maonze/transcript?ag_id=1897#ew_0_1182563,0.15,150,5.010635294,,
5832,oa,g_307;em_12_29996;n_54790-n_54791;p_81;#=ew_69_186656;prefix=35507-;[0]=ew_0_207264,L1Y03M,L1,273.673,273.523,https://labbcat.canterbury.ac.nz/maonze/transcript?ag_id=307#ew_0_207264,0.15,150,5.010635294,,
5851,oa,g_317;em_12_148864;n_3842134-n_3842151;p_89;#=ew_69_187678;prefix=36731-;[0]=ew_0_1097554,L1Y04M,L1,185.414,185.264,https://labbcat.canterbury.ac.nz/maonze/transcript?ag_id=317#ew_0_1097554,0.15,150,5.010635294,,
6122,oa,g_494;em_12_51123;n_72561-n_72562;p_122;#=ew_69_170100;prefix=20258-;[0]=ew_0_318089,K010M,PresentElder,286.19,286.04,https://labbcat.canterbury.ac.nz/maonze/transcript?ag_id=494#ew_0_318089,0.15,150,5.010635294,,
6187,oa,g_603;em_12_64287;n_83881-n_83882;p_140;#=ew_69_190817;prefix=39493-;[0]=ew_0_384965,L1Y05M,L1,273.597,273.447,https://labbcat.canterbury.ac.nz/maonze/transcript?ag_id=603#ew_0_384965,0.15,150,5.010635294,,
6198,oa,g_607;em_12_64548;n_84124-n_84125;p_140;#=ew_69_191224;prefix=40184-;[0]=ew_0_387460,L1Y05M,L1,183.021,182.871,https://labbcat.canterbury.ac.nz/maonze/transcript?ag_id=607#ew_0_387460,0.15,150,5.010635294,,
6246,oa,g_627;em_12_65403;n_84918-n_84919;p_142;#=ew_69_183900;prefix=33102-;[0]=ew_0_397219,L1Y01M,L1,145.51,145.36,https://labbcat.canterbury.ac.nz/maonze/transcript?ag_id=627#ew_0_397219,0.15,150,5.010635294,,
6403,oa,g_865;em_12_159509;n_5656412-n_5656414;p_168;#=ew_69_173575;prefix=23336-;[0]=ew_0_1219858,L1H02M,L1,169.765,169.615,https://labbcat.canterbury.ac.nz/maonze/transcript?ag_id=865#ew_0_1219858,0.15,150,5.010635294,,
6417,oa,g_868;em_12_159540;n_5655815-n_5655822;p_168;#=ew_69_174197;prefix=23856-;[0]=ew_0_1220343,L1H02M,L1,240.147,239.997,https://labbcat.canterbury.ac.nz/maonze/transcript?ag_id=868#ew_0_1220343,0.15,150,5.010635294,,
6582,oa,g_951;em_12_91842;n_105480-n_105481;p_181;#=ew_69_220311;prefix=67968-;[0]=ew_0_592131,R002M,PresentElder,184.76,184.61,https://labbcat.canterbury.ac.nz/maonze/transcript?ag_id=951#ew_0_592131,0.15,150,5.010635294,,
6632,oa,g_976;em_12_93335;n_106591-n_106592;p_184;#=ew_69_224450;prefix=71412-;[0]=ew_0_605578,R004M,PresentElder,143.878,143.728,https://labbcat.canterbury.ac.nz/maonze/transcript?ag_id=976#ew_0_605578,0.15,150,5.010635294,,
6784,ua,g_102;em_12_162978;n_6286109-n_6285842;p_41;#=ew_69_163802;prefix=13949-;[0]=ew_0_1272592,K007M,PresentElder,243.147,242.997,https://labbcat.canterbury.ac.nz/maonze/transcript?ag_id=102#ew_0_1272592,0.15,150,5.010635294,,
6986,ua,g_1048;em_12_97588;n_109486-n_109487;p_193;#=ew_69_236803;prefix=83070-;[0]=ew_0_647600,R010M,PresentElder,195.134,194.984,https://labbcat.canterbury.ac.nz/maonze/transcript?ag_id=1048#ew_0_647600,0.15,150,5.010635294,,
7247,ua,g_116;em_12_8457;n_38015-n_38016;p_43;#=ew_69_212229;prefix=59302-;[0]=ew_0_81959,MU02M,Historical,556.704,556.554,https://labbcat.canterbury.ac.nz/maonze/transcript?ag_id=116#ew_0_81959,0.15,150,5.010635294,,
7261,ua,g_117;em_12_8500;n_38057-n_38058;p_43;#=ew_69_211593;prefix=58706-;[0]=ew_0_82500,MU02M,Historical,150.057,149.907,https://labbcat.canterbury.ac.nz/maonze/transcript?ag_id=117#ew_0_82500,0.15,150,5.010635294,,
7274,ua,g_117;em_12_8542;n_38099-n_38100;p_43;#=ew_69_211733;prefix=58839-;[0]=ew_0_82978,MU02M,Historical,319.171,319.021,https://labbcat.canterbury.ac.nz/maonze/transcript?ag_id=117#ew_0_82978,0.15,150,5.010635294,,
7500,ua,g_138;em_12_9645;n_39117-n_39118;p_284;#=ew_69_210207;prefix=57834-;[0]=ew_0_92996,MU01M,Historical,197.468,197.318,https://labbcat.canterbury.ac.nz/maonze/transcript?ag_id=138#ew_0_92996,0.15,150,5.010635294,,
7634,ua,g_1524;em_12_126175;n_130202-n_30413;p_287;#=ew_69_228863;prefix=75437-;[0]=ew_0_887839,R006M,PresentElder,248.033,247.883,https://labbcat.canterbury.ac.nz/maonze/transcript?ag_id=1524#ew_0_887839,0.15,150,5.010635294,,
7670,ua,g_1528;em_12_126340;n_130356-n_130354;p_287;#=ew_69_229488;prefix=76152-;[0]=ew_0_890380,R006M,PresentElder,274.037,273.887,https://labbcat.canterbury.ac.nz/maonze/transcript?ag_id=1528#ew_0_890380,0.15,150,5.010635294,,
7740,ua,g_1619;em_12_131879;n_134345-n_134346;p_299;#=ew_69_192022;prefix=40795-;[0]=ew_0_934034,L2H01M,L2,196.628,196.478,https://labbcat.canterbury.ac.nz/maonze/transcript?ag_id=1619#ew_0_934034,0.15,150,5.010635294,,
7864,ua,g_1642;em_12_133315;n_135524-n_135525;p_288;#=ew_69_196470;prefix=45079-;[0]=ew_0_943601,L2H03M,L2,170.17,170.02,https://labbcat.canterbury.ac.nz/maonze/transcript?ag_id=1642#ew_0_943601,0.15,150,5.010635294,,
8160,ua,g_1839;em_12_148913;n_3846581-n_3846601;p_49;#=ew_69_204103;prefix=52209-;[0]=ew_0_1100005,L2Y03M,L2,144.337,144.187,https://labbcat.canterbury.ac.nz/maonze/transcript?ag_id=1839#ew_0_1100005,0.15,150,5.010635294,,
8330,ua,g_1902;em_12_156457;n_5279096-n_5279112;p_333;#=ew_69_239332;prefix=85299-;[0]=ew_0_1186065,R012M,PresentElder,136.539,136.389,https://labbcat.canterbury.ac.nz/maonze/transcript?ag_id=1902#ew_0_1186065,0.15,150,5.010635294,,
8378,ua,g_1908;em_12_156803;n_5285024-n_5285044;p_333;#=ew_69_241314;prefix=86306-;[0]=ew_0_1191035,R012M,PresentElder,331.27,331.12,https://labbcat.canterbury.ac.nz/maonze/transcript?ag_id=1908#ew_0_1191035,0.15,150,5.010635294,,
8534,ua,g_24;em_12_2046;n_32661-n_32662;p_19;#=ew_69_154487;prefix=04689-;[0]=ew_0_17403,K002M,PresentElder,270.08,269.93,https://labbcat.canterbury.ac.nz/maonze/transcript?ag_id=24#ew_0_17403,0.15,150,5.010635294,,
8609,ua,g_309;em_12_160812;n_5999983-n_5999991;p_81;#=ew_69_186102;prefix=35853-;[0]=ew_0_1240055,L1Y03M,L1,216.986,216.836,https://labbcat.canterbury.ac.nz/maonze/transcript?ag_id=309#ew_0_1240055,0.15,150,5.010635294,,
9021,ua,g_460;em_12_47491;n_7887-n_7888;p_112;#=ew_69_162155;prefix=12268-;[0]=ew_0_1209742,K006M,PresentElder,287.798,287.648,https://labbcat.canterbury.ac.nz/maonze/transcript?ag_id=460#ew_0_1209742,0.15,150,5.010635294,,
9043,ua,g_466;em_12_48107;n_70132-n_6953419;p_120;#=ew_69_165559;prefix=16010-;[0]=ew_0_1091476,K008M,PresentElder,225.17,225.02,https://labbcat.canterbury.ac.nz/maonze/transcript?ag_id=466#ew_0_1091476,0.15,150,5.010635294,,
9272,ua,g_59;em_12_162231;n_6219129-n_6219130;p_32;#=ew_69_159591;prefix=09694-;[0]=ew_0_1263761,K004M,PresentElder,325.092,324.942,https://labbcat.canterbury.ac.nz/maonze/transcript?ag_id=59#ew_0_1263761,0.15,150,5.010635294,,
9326,ua,g_603;em_12_64285;n_83879-n_83880;p_140;#=ew_69_190810;prefix=39486-;[0]=ew_0_384943,L1Y05M,L1,264.796,264.646,https://labbcat.canterbury.ac.nz/maonze/transcript?ag_id=603#ew_0_384943,0.15,150,5.010635294,,
9519,ua,g_630;em_12_65874;n_85348-n_85349;p_143;#=ew_69_203683;prefix=51037-;[0]=ew_0_399869,L2Y02M,L2,212.777,212.627,https://labbcat.canterbury.ac.nz/maonze/transcript?ag_id=630#ew_0_399869,0.15,150,5.010635294,,
9965,ua,g_870;em_12_87051;n_101753-n_5715713;p_168;#=ew_69_174675;prefix=24157-;[0]=ew_0_553538,L1H02M,L1,226.033,225.883,https://labbcat.canterbury.ac.nz/maonze/transcript?ag_id=870#ew_0_553538,0.15,150,5.010635294,,
10009,ua,g_880;em_12_87644;n_102159-n_102160;p_169;#=ew_69_175486;prefix=24979-;[0]=ew_0_557188,L1H03M,L1,159.563,159.413,https://labbcat.canterbury.ac.nz/maonze/transcript?ag_id=880#ew_0_557188,0.15,150,5.010635294,,
10049,ua,g_885;em_12_88017;n_15265-n_102366;p_169;#=ew_69_175611;prefix=25438-;[0]=ew_0_559338,L1H03M,L1,197.89,197.74,https://labbcat.canterbury.ac.nz/maonze/transcript?ag_id=885#ew_0_559338,0.15,150,5.010635294,,
10217,ua,g_911;em_12_89309;n_15609-n_103305;p_173;#=ew_69_176666;prefix=26110-;[0]=ew_0_572296,L1H04M,L1,135.617,135.467,https://labbcat.canterbury.ac.nz/maonze/transcript?ag_id=911#ew_0_572296,0.15,150,5.010635294,,
10255,ua,g_925;em_12_90185;n_104006-n_104007;p_179;#=ew_69_217238;prefix=64430-;[0]=ew_0_579507,R001M,PresentElder,262.464,262.314,https://labbcat.canterbury.ac.nz/maonze/transcript?ag_id=925#ew_0_579507,0.15,150,5.010635294,,
10298,ua,g_930;em_12_90687;n_104502-n_104503;p_179;#=ew_69_218178;prefix=65333-;[0]=ew_0_582457,R001M,PresentElder,244.384,244.234,https://labbcat.canterbury.ac.nz/maonze/transcript?ag_id=930#ew_0_582457,0.15,150,5.010635294,,
10539,ua,g_971;em_12_163495;n_6582828-n_6582833;p_184;#=ew_69_223649;prefix=70651-;[0]=ew_0_1280118,R004M,PresentElder,217.557,217.407,https://labbcat.canterbury.ac.nz/maonze/transcript?ag_id=971#ew_0_1280118,0.15,150,5.010635294,,
10647,ua,g_986;em_12_93917;n_16529-n_29882;p_182;#=ew_69_226554;prefix=72934-;[0]=ew_0_610633,R005M,PresentElder,261.683,261.533,https://labbcat.canterbury.ac.nz/maonze/transcript?ag_id=986#ew_0_610633,0.15,150,5.010635294,,
302,ea,g_11;em_12_860;n_31506-n_31507;p_28;#=ew_69_149407;prefix=00436-;[0]=ew_0_7643,K001M,PresentElder,303.54,303.4,https://labbcat.canterbury.ac.nz/maonze/transcript?ag_id=11#ew_0_7643,0.14,140,4.941642423,,
458,ea,g_13;em_12_1071;n_31706-n_31707;p_19;#=ew_69_152909;prefix=03530-;[0]=ew_0_9300,K002M,PresentElder,349.119,348.979,https://labbcat.canterbury.ac.nz/maonze/transcript?ag_id=13#ew_0_9300,0.14,140,4.941642423,,
537,ea,g_14;em_12_1162;n_31796-n_31797;p_19;#=ew_69_152090;prefix=03305-;[0]=ew_0_10029,K002M,PresentElder,376.112,375.972,https://labbcat.canterbury.ac.nz/maonze/transcript?ag_id=14#ew_0_10029,0.14,140,4.941642423,,
1296,ea,g_27;em_12_2264;n_32871-n_32872;p_19;#=ew_69_154974;prefix=05322-;[0]=ew_0_19262,K002M,PresentElder,287.189,287.049,https://labbcat.canterbury.ac.nz/maonze/transcript?ag_id=27#ew_0_19262,0.14,140,4.941642423,,
1833,ea,g_55;em_12_161959;n_6214589-n_6214528;p_32;#=ew_69_159007;prefix=08765-;[0]=ew_0_1260485,K004M,PresentElder,328.052,327.912,https://labbcat.canterbury.ac.nz/maonze/transcript?ag_id=55#ew_0_1260485,0.14,140,4.941642423,,
1871,ea,g_598;em_12_63992;n_83591-n_83592;p_140;#=ew_69_189609;prefix=38584-;[0]=ew_0_381719,L1Y05M,L1,293.273,293.133,https://labbcat.canterbury.ac.nz/maonze/transcript?ag_id=598#ew_0_381719,0.14,140,4.941642423,,
1998,ea,g_628;em_12_65567;n_85071-n_85072;p_143;#=ew_69_202743;prefix=50588-;[0]=ew_0_398133,L2Y02M,L2,275.624,275.484,https://labbcat.canterbury.ac.nz/maonze/transcript?ag_id=628#ew_0_398133,0.14,140,4.941642423,,
2459,ea,g_9;em_12_652;n_31300-n_31301;p_28;#=ew_69_150672;prefix=00944-;[0]=ew_0_5884,K001M,PresentElder,317.66,317.52,https://labbcat.canterbury.ac.nz/maonze/transcript?ag_id=9#ew_0_5884,0.14,140,4.941642423,,
4015,ia,g_385;em_12_39089;n_62884-n_62886;p_95;#=ew_69_215332;prefix=62654-;[0]=ew_0_248320,MU06M,Historical,285.54,285.4,https://labbcat.canterbury.ac.nz/maonze/transcript?ag_id=385#ew_0_248320,0.14,140,4.941642423,,
4031,ia,g_445;em_12_169600;n_6943997-n_29341;p_110;#=ew_69_156099;prefix=05696-;[0]=ew_0_1325338,K003M,PresentElder,344.533,344.393,https://labbcat.canterbury.ac.nz/maonze/transcript?ag_id=445#ew_0_1325338,0.14,140,4.941642423,,
4375,ia,g_632;em_12_66170;n_85624-n_85625;p_143;#=ew_69_203422;prefix=51637-;[0]=ew_0_402107,L2Y02M,L2,256.771,256.631,https://labbcat.canterbury.ac.nz/maonze/transcript?ag_id=632#ew_0_402107,0.14,140,4.941642423,,
5736,oa,g_1911;em_12_156982;n_5288084-n_5288103;p_333;#=ew_69_240736;prefix=87099-;[0]=ew_0_1193493,R012M,PresentElder,271.177,271.037,https://labbcat.canterbury.ac.nz/maonze/transcript?ag_id=1911#ew_0_1193493,0.14,140,4.941642423,,
5842,oa,g_311;em_12_30369;n_55075-n_5999454;p_81;#=ew_69_187261;prefix=36007-;[0]=ew_0_1239444,L1Y03M,L1,264.742,264.602,https://labbcat.canterbury.ac.nz/maonze/transcript?ag_id=311#ew_0_1239444,0.14,140,4.941642423,,
8094,ua,g_17;em_12_1372;n_31998-n_31999;p_19;#=ew_69_151662;prefix=02532-;[0]=ew_0_12029,K002M,PresentElder,304.783,304.643,https://labbcat.canterbury.ac.nz/maonze/transcript?ag_id=17#ew_0_12029,0.14,140,4.941642423,,
8527,ua,g_22;em_12_1878;n_32495-n_32496;p_19;#=ew_69_153720;prefix=04265-;[0]=ew_0_16055,K002M,PresentElder,343.052,342.912,https://labbcat.canterbury.ac.nz/maonze/transcript?ag_id=22#ew_0_16055,0.14,140,4.941642423,,
9327,ua,g_603;em_12_64295;n_83889-n_83890;p_140;#=ew_69_190846;prefix=39520-;[0]=ew_0_385060,L1Y05M,L1,321.737,321.597,https://labbcat.canterbury.ac.nz/maonze/transcript?ag_id=603#ew_0_385060,0.14,140,4.941642423,,
9633,ua,g_645;em_12_67212;n_86415-n_86416;p_145;#=ew_69_202116;prefix=50292-;[0]=ew_0_412010,L2Y01M,L2,310.97,310.83,https://labbcat.canterbury.ac.nz/maonze/transcript?ag_id=645#ew_0_412010,0.14,140,4.941642423,,
10126,ua,g_9;em_12_635;n_31283-n_31284;p_28;#=ew_69_150630;prefix=00905-;[0]=ew_0_5740,K001M,PresentElder,256.617,256.477,https://labbcat.canterbury.ac.nz/maonze/transcript?ag_id=9#ew_0_5740,0.14,140,4.941642423,,
10284,ua,g_928;em_12_90462;n_104280-n_104281;p_179;#=ew_69_217911;prefix=64978-;[0]=ew_0_581291,R001M,PresentElder,283.434,283.294,https://labbcat.canterbury.ac.nz/maonze/transcript?ag_id=928#ew_0_581291,0.14,140,4.941642423,,
233,ea,g_1077;em_12_99879;n_111071-n_111072;p_208;#=ew_69_246405;prefix=92067-;[0]=ew_0_663182,WU07M,Historical,153.674,153.534,https://labbcat.canterbury.ac.nz/maonze/transcript?ag_id=1077#ew_0_663182,0.14,140,4.941642423,,
239,ea,g_1078;em_12_99934;n_18351-n_18352;p_208;#=ew_69_246256;prefix=92149-;[0]=ew_0_663641,WU07M,Historical,162.842,162.702,https://labbcat.canterbury.ac.nz/maonze/transcript?ag_id=1078#ew_0_663641,0.14,140,4.941642423,,
240,ea,g_1078;em_12_99934;n_18351-n_18352;p_208;#=ew_69_246275;prefix=92152-;[0]=ew_0_663644,WU07M,Historical,164.842,164.702,https://labbcat.canterbury.ac.nz/maonze/transcript?ag_id=1078#ew_0_663644,0.14,140,4.941642423,,
340,ea,g_1201;em_12_108787;n_117590-n_117591;p_244;#=ew_69_243405;prefix=89326-;[0]=ew_0_725019,WU04M,Historical,190.792,190.652,https://labbcat.canterbury.ac.nz/maonze/transcript?ag_id=1201#ew_0_725019,0.14,140,4.941642423,,
487,ea,g_1372;em_12_118273;n_123820-n_123821;p_287;#=ew_69_227893;prefix=74782-;[0]=ew_0_814371,R006M,PresentElder,176.655,176.515,https://labbcat.canterbury.ac.nz/maonze/transcript?ag_id=1372#ew_0_814371,0.14,140,4.941642423,,
528,ea,g_1396;em_12_119325;n_124780-n_124781;p_262;#=ew_69_249982;prefix=95653-;[0]=ew_0_826637,WU08M,Historical,209.977,209.837,https://labbcat.canterbury.ac.nz/maonze/transcript?ag_id=1396#ew_0_826637,0.14,140,4.941642423,,
563,ea,g_1522;em_12_126085;n_6613465-n_130125;p_287;#=ew_69_228471;prefix=75081-;[0]=ew_0_886484,R006M,PresentElder,177.407,177.267,https://labbcat.canterbury.ac.nz/maonze/transcript?ag_id=1522#ew_0_886484,0.14,140,4.941642423,,
597,ea,g_1527;em_12_126280;n_130294-n_130295;p_287;#=ew_69_229164;prefix=75877-;[0]=ew_0_889435,R006M,PresentElder,160.084,159.944,https://labbcat.canterbury.ac.nz/maonze/transcript?ag_id=1527#ew_0_889435,0.14,140,4.941642423,,
607,ea,g_1528;em_12_126330;n_130343-n_130344;p_287;#=ew_69_229451;prefix=76115-;[0]=ew_0_890224,R006M,PresentElder,200.997,200.857,https://labbcat.canterbury.ac.nz/maonze/transcript?ag_id=1528#ew_0_890224,0.14,140,4.941642423,,
757,ea,g_1652;em_12_134061;n_136105-n_136106;p_300;#=ew_69_194883;prefix=42965-;[0]=ew_0_948592,L2H02M,L2,132.406,132.266,https://labbcat.canterbury.ac.nz/maonze/transcript?ag_id=1652#ew_0_948592,0.14,140,4.941642423,,
796,ea,g_1660;em_12_134569;n_27403-n_136442;p_302;#=ew_69_196987;prefix=45492-;[0]=ew_0_952311,L2H04M,L2,136.388,136.248,https://labbcat.canterbury.ac.nz/maonze/transcript?ag_id=1660#ew_0_952311,0.14,140,4.941642423,,
824,ea,g_1666;em_12_134835;n_6399012-n_136659;p_302;#=ew_69_197893;prefix=46351-;[0]=ew_0_955392,L2H04M,L2,153.828,153.688,https://labbcat.canterbury.ac.nz/maonze/transcript?ag_id=1666#ew_0_955392,0.14,140,4.941642423,,
887,ea,g_1677;em_12_135372;n_137097-n_137098;p_307;#=ew_69_200234;prefix=48485-;[0]=ew_0_960944,L2H05M,L2,214.406,214.266,https://labbcat.canterbury.ac.nz/maonze/transcript?ag_id=1677#ew_0_960944,0.14,140,4.941642423,,
917,ea,g_1684;em_12_135846;n_137417-n_137418;p_307;#=ew_69_199334;prefix=47613-;[0]=ew_0_964375,L2H05M,L2,179.489,179.349,https://labbcat.canterbury.ac.nz/maonze/transcript?ag_id=1684#ew_0_964375,0.14,140,4.941642423,,
1039,ea,g_1882;em_12_154951;n_5258073-n_5258090;p_334;#=ew_69_236914;prefix=83216-;[0]=ew_0_1169585,R011M,PresentElder,171.502,171.362,https://labbcat.canterbury.ac.nz/maonze/transcript?ag_id=1882#ew_0_1169585,0.14,140,4.941642423,,
1057,ea,g_1894;em_12_155729;n_5269824-n_5269848;p_334;#=ew_69_238032;prefix=84280-;[0]=ew_0_1179034,R011M,PresentElder,227.723,227.583,https://labbcat.canterbury.ac.nz/maonze/transcript?ag_id=1894#ew_0_1179034,0.14,140,4.941642423,,
1080,ea,g_19;em_12_1501;n_32121-n_5878167;p_19;#=ew_69_152505;prefix=02845-;[0]=ew_0_13134,K002M,PresentElder,129.05,128.91,https://labbcat.canterbury.ac.nz/maonze/transcript?ag_id=19#ew_0_13134,0.14,140,4.941642423,,
1302,ea,g_304;em_12_162370;n_6240812-n_6240814;p_81;#=ew_69_185828;prefix=34952-;[0]=ew_0_1264893,L1Y03M,L1,212.573,212.433,https://labbcat.canterbury.ac.nz/maonze/transcript?ag_id=304#ew_0_1264893,0.14,140,4.941642423,,
1378,ea,g_319;em_12_31271;n_55874-n_55877;p_89;#=ew_69_188044;prefix=37063-;[0]=ew_0_214123,L1Y04M,L1,246.866,246.726,https://labbcat.canterbury.ac.nz/maonze/transcript?ag_id=319#ew_0_214123,0.14,140,4.941642423,,
1385,ea,g_320;em_12_31452;n_56043-n_56044;p_89;#=ew_69_188320;prefix=37175-;[0]=ew_0_214703,L1Y04M,L1,201.508,201.368,https://labbcat.canterbury.ac.nz/maonze/transcript?ag_id=320#ew_0_214703,0.14,140,4.941642423,,
1603,ea,g_451;em_12_161320;n_6123617-n_6123627;p_110;#=ew_69_156491;prefix=07238-;[0]=ew_0_1252464,K003M,PresentElder,250.816,250.676,https://labbcat.canterbury.ac.nz/maonze/transcript?ag_id=451#ew_0_1252464,0.14,140,4.941642423,,
1674,ea,g_469;em_12_48542;n_70521-n_6953872;p_120;#=ew_69_166410;prefix=16444-;[0]=ew_0_1090847,K008M,PresentElder,232.228,232.088,https://labbcat.canterbury.ac.nz/maonze/transcript?ag_id=469#ew_0_1090847,0.14,140,4.941642423,,
1751,ea,g_492;em_12_50799;n_72362-n_72363;p_122;#=ew_69_170200;prefix=19982-;[0]=ew_0_316782,K010M,PresentElder,240.893,240.753,https://labbcat.canterbury.ac.nz/maonze/transcript?ag_id=492#ew_0_316782,0.14,140,4.941642423,,
1784,ea,g_50;em_12_158334;n_5387878-n_5387885;p_32;#=ew_69_157606;prefix=07851-;[0]=ew_0_1210250,K004M,PresentElder,131.812,131.672,https://labbcat.canterbury.ac.nz/maonze/transcript?ag_id=50#ew_0_1210250,0.14,140,4.941642423,,
1889,ea,g_603;em_12_64275;n_83869-n_83870;p_140;#=ew_69_190768;prefix=39447-;[0]=ew_0_384813,L1Y05M,L1,195.435,195.295,https://labbcat.canterbury.ac.nz/maonze/transcript?ag_id=603#ew_0_384813,0.14,140,4.941642423,,
2166,ea,g_670;em_12_70678;n_89459-n_89460;p_148;#=ew_69_208573;prefix=56473-;[0]=ew_0_425234,L2Y05M,L2,233.031,232.891,https://labbcat.canterbury.ac.nz/maonze/transcript?ag_id=670#ew_0_425234,0.14,140,4.941642423,,
2221,ea,g_83;em_12_5666;n_35724-n_35725;p_37;#=ew_69_160534;prefix=10984-;[0]=ew_0_1092832,K005M,PresentElder,155.917,155.777,https://labbcat.canterbury.ac.nz/maonze/transcript?ag_id=83#ew_0_1092832,0.14,140,4.941642423,,
2270,ea,g_854;em_12_85834;n_100836-n_100837;p_167;#=ew_69_171831;prefix=21607-;[0]=ew_0_544111,L1H01M,L1,222.336,222.196,https://labbcat.canterbury.ac.nz/maonze/transcript?ag_id=854#ew_0_544111,0.14,140,4.941642423,,
2359,ea,g_869;em_12_86976;n_101699-n_101700;p_168;#=ew_69_174585;prefix=24050-;[0]=ew_0_552981,L1H02M,L1,233.591,233.451,https://labbcat.canterbury.ac.nz/maonze/transcript?ag_id=869#ew_0_552981,0.14,140,4.941642423,,
2373,ea,g_876;em_12_87370;n_15003-n_15004;p_169;#=ew_69_175251;prefix=24674-;[0]=ew_0_555558,L1H03M,L1,197.87,197.73,https://labbcat.canterbury.ac.nz/maonze/transcript?ag_id=876#ew_0_555558,0.14,140,4.941642423,,
2499,ea,g_908;em_12_89211;n_103266-n_103267;p_173;#=ew_69_177132;prefix=26510-;[0]=ew_0_570903,L1H04M,L1,207.764,207.624,https://labbcat.canterbury.ac.nz/maonze/transcript?ag_id=908#ew_0_570903,0.14,140,4.941642423,,
2556,ea,g_938;em_12_91156;n_104930-n_104931;p_179;#=ew_69_218864;prefix=66119-;[0]=ew_0_585407,R001M,PresentElder,155.251,155.111,https://labbcat.canterbury.ac.nz/maonze/transcript?ag_id=938#ew_0_585407,0.14,140,4.941642423,,
2584,ea,g_946;em_12_91608;n_105286-n_105287;p_181;#=ew_69_220125;prefix=67148-;[0]=ew_0_588936,R002M,PresentElder,163.098,162.958,https://labbcat.canterbury.ac.nz/maonze/transcript?ag_id=946#ew_0_588936,0.14,140,4.941642423,,
2590,ea,g_947;em_12_91653;n_105330-n_105331;p_181;#=ew_69_220800;prefix=67315-;[0]=ew_0_589578,R002M,PresentElder,189.275,189.135,https://labbcat.canterbury.ac.nz/maonze/transcript?ag_id=947#ew_0_589578,0.14,140,4.941642423,,
2641,ea,g_955;em_12_92033;n_105649-n_29851;p_181;#=ew_69_221494;prefix=68383-;[0]=ew_0_594683,R002M,PresentElder,253.453,253.313,https://labbcat.canterbury.ac.nz/maonze/transcript?ag_id=955#ew_0_594683,0.14,140,4.941642423,,
2666,ea,g_963;em_12_92486;n_105984-n_105985;p_183;#=ew_69_221968;prefix=69632-;[0]=ew_0_598685,R003M,PresentElder,201.038,200.898,https://labbcat.canterbury.ac.nz/maonze/transcript?ag_id=963#ew_0_598685,0.14,140,4.941642423,,
2787,ea,g_982;em_12_93747;n_106853-n_106854;p_184;#=ew_69_225359;prefix=72215-;[0]=ew_0_608732,R004M,PresentElder,133.913,133.773,https://labbcat.canterbury.ac.nz/maonze/transcript?ag_id=982#ew_0_608732,0.14,140,4.941642423,,
2890,ia,g_1017;em_12_163692;n_6670806-n_6670813;p_188;#=ew_69_230724;prefix=77156-;[0]=ew_0_1282309,R007M,PresentElder,231.37,231.23,https://labbcat.canterbury.ac.nz/maonze/transcript?ag_id=1017#ew_0_1282309,0.14,140,4.941642423,,
2976,ia,g_1033;em_12_96565;n_108877-n_108878;p_190;#=ew_69_233728;prefix=80562-;[0]=ew_0_637303,R009M,PresentElder,168.514,168.374,https://labbcat.canterbury.ac.nz/maonze/transcript?ag_id=1033#ew_0_637303,0.14,140,4.941642423,,
3053,ia,g_1071;em_12_99583;n_110798-n_110799;p_206;#=ew_69_245755;prefix=91302-;[0]=ew_0_660152,WU06M,Historical,203.662,203.522,https://labbcat.canterbury.ac.nz/maonze/transcript?ag_id=1071#ew_0_660152,0.14,140,4.941642423,,
3348,ia,g_1513;em_12_125612;n_25203-n_25204;p_276;#=ew_69_242027;prefix=88354-;[0]=ew_0_881829,WU03M,Historical,209.615,209.475,https://labbcat.canterbury.ac.nz/maonze/transcript?ag_id=1513#ew_0_881829,0.14,140,4.941642423,,
3471,ia,g_1641;em_12_133268;n_135478-n_135479;p_288;#=ew_69_196652;prefix=44968-;[0]=ew_0_943249,L2H03M,L2,229.798,229.658,https://labbcat.canterbury.ac.nz/maonze/transcript?ag_id=1641#ew_0_943249,0.14,140,4.941642423,,
3483,ia,g_1646;em_12_133525;n_135714-n_135715;p_300;#=ew_69_194032;prefix=42125-;[0]=ew_0_945282,L2H02M,L2,178.353,178.213,https://labbcat.canterbury.ac.nz/maonze/transcript?ag_id=1646#ew_0_945282,0.14,140,4.941642423,,
3489,ia,g_1647;em_12_133616;n_135785-n_135786;p_300;#=ew_69_193402;prefix=42285-;[0]=ew_0_945955,L2H02M,L2,187.143,187.003,https://labbcat.canterbury.ac.nz/maonze/transcript?ag_id=1647#ew_0_945955,0.14,140,4.941642423,,
3868,ia,g_309;em_12_160849;n_5999785-n_5999942;p_81;#=ew_69_186049;prefix=35875-;[0]=ew_0_1240854,L1Y03M,L1,169.393,169.253,https://labbcat.canterbury.ac.nz/maonze/transcript?ag_id=309#ew_0_1240854,0.14,140,4.941642423,,
4003,ia,g_383;em_12_150313;n_4464138-n_62399;p_95;#=ew_69_215117;prefix=62265-;[0]=ew_0_1121938,MU06M,Historical,223.287,223.147,https://labbcat.canterbury.ac.nz/maonze/transcript?ag_id=383#ew_0_1121938,0.14,140,4.941642423,,
4084,ia,g_450;em_12_46549;n_69017-n_69018;p_110;#=ew_69_156699;prefix=06710-;[0]=ew_0_290986,K003M,PresentElder,139.86,139.72,https://labbcat.canterbury.ac.nz/maonze/transcript?ag_id=450#ew_0_290986,0.14,140,4.941642423,,
4157,ia,g_480;em_12_49315;n_71213-n_71214;p_121;#=ew_69_168550;prefix=18176-;[0]=ew_0_308873,K009M,PresentElder,150.483,150.343,https://labbcat.canterbury.ac.nz/maonze/transcript?ag_id=480#ew_0_308873,0.14,140,4.941642423,,
4166,ia,g_483;em_12_161866;n_6176789-n_6176791;p_121;#=ew_69_168242;prefix=18760-;[0]=ew_0_1258345,K009M,PresentElder,160.959,160.819,https://labbcat.canterbury.ac.nz/maonze/transcript?ag_id=483#ew_0_1258345,0.14,140,4.941642423,,
4202,ia,g_494;em_12_51034;n_72498-n_72499;p_122;#=ew_69_169857;prefix=20165-;[0]=ew_0_317698,K010M,PresentElder,131.644,131.504,https://labbcat.canterbury.ac.nz/maonze/transcript?ag_id=494#ew_0_317698,0.14,140,4.941642423,,
4364,ia,g_630;em_12_65860;n_85336-n_85337;p_143;#=ew_69_203673;prefix=51029-;[0]=ew_0_399786,L2Y02M,L2,182.282,182.142,https://labbcat.canterbury.ac.nz/maonze/transcript?ag_id=630#ew_0_399786,0.14,140,4.941642423,,
4583,ia,g_869;em_12_86973;n_101698-n_14903;p_168;#=ew_69_174574;prefix=24044-;[0]=ew_0_552954,L1H02M,L1,226.568,226.428,https://labbcat.canterbury.ac.nz/maonze/transcript?ag_id=869#ew_0_552954,0.14,140,4.941642423,,
4645,ia,g_898;em_12_159871;n_5774263-n_5774278;p_174;#=ew_69_178742;prefix=27708-;[0]=ew_0_1224219,L1H05M,L1,177.18,177.04,https://labbcat.canterbury.ac.nz/maonze/transcript?ag_id=898#ew_0_1224219,0.14,140,4.941642423,,
4673,ia,g_905;em_12_89059;n_103212-n_103213;p_173;#=ew_69_177313;prefix=26814-;[0]=ew_0_569432,L1H04M,L1,219.978,219.838,https://labbcat.canterbury.ac.nz/maonze/transcript?ag_id=905#ew_0_569432,0.14,140,4.941642423,,
4884,ia,g_986;em_12_93906;n_106985-n_16526;p_182;#=ew_69_226397;prefix=72886-;[0]=ew_0_610494,R005M,PresentElder,182.365,182.225,https://labbcat.canterbury.ac.nz/maonze/transcript?ag_id=986#ew_0_610494,0.14,140,4.941642423,,
4890,ia,g_987;em_12_93952;n_107024-n_107025;p_182;#=ew_69_226434;prefix=73078-;[0]=ew_0_611059,R005M,PresentElder,213.848,213.708,https://labbcat.canterbury.ac.nz/maonze/transcript?ag_id=987#ew_0_611059,0.14,140,4.941642423,,
5090,oa,g_1073;em_12_99671;n_110884-n_29971;p_206;#=ew_69_245306;prefix=91625-;[0]=ew_0_661255,WU06M,Historical,133.905,133.765,https://labbcat.canterbury.ac.nz/maonze/transcript?ag_id=1073#ew_0_661255,0.14,140,4.941642423,,
5235,oa,g_132;em_12_8954;n_38433-n_38434;p_284;#=ew_69_209224;prefix=56987-;[0]=ew_0_86554,MU01M,Historical,185.411,185.271,https://labbcat.canterbury.ac.nz/maonze/transcript?ag_id=132#ew_0_86554,0.14,140,4.941642423,,
5256,oa,g_138;em_12_9650;n_39122-n_39123;p_284;#=ew_69_210247;prefix=57851-;[0]=ew_0_93058,MU01M,Historical,227.074,226.934,https://labbcat.canterbury.ac.nz/maonze/transcript?ag_id=138#ew_0_93058,0.14,140,4.941642423,,
5324,oa,g_1521;em_12_126045;n_130089-n_130090;p_284;#=ew_69_210714;prefix=58516-;[0]=ew_0_885960,MU01M,Historical,240.252,240.112,https://labbcat.canterbury.ac.nz/maonze/transcript?ag_id=1521#ew_0_885960,0.14,140,4.941642423,,
5607,oa,g_1854;em_12_150568;n_4610000-n_4610006;p_97;#=ew_69_215415;prefix=63251-;[0]=ew_0_1125438,MU07M,Historical,200.275,200.135,https://labbcat.canterbury.ac.nz/maonze/transcript?ag_id=1854#ew_0_1125438,0.14,140,4.941642423,,
5693,oa,g_1902;em_12_156443;n_5279272-n_5279287;p_333;#=ew_69_239499;prefix=85351-;[0]=ew_0_1186587,R012M,PresentElder,192.163,192.023,https://labbcat.canterbury.ac.nz/maonze/transcript?ag_id=1902#ew_0_1186587,0.14,140,4.941642423,,
5707,oa,g_1906;em_12_156692;n_5283076-n_5283103;p_333;#=ew_69_239317;prefix=86039-;[0]=ew_0_1189818,R012M,PresentElder,153.388,153.248,https://labbcat.canterbury.ac.nz/maonze/transcript?ag_id=1906#ew_0_1189818,0.14,140,4.941642423,,
5711,oa,g_1906;em_12_156713;n_5283149-n_5283170;p_333;#=ew_69_239414;prefix=86068-;[0]=ew_0_1189939,R012M,PresentElder,174.549,174.409,https://labbcat.canterbury.ac.nz/maonze/transcript?ag_id=1906#ew_0_1189939,0.14,140,4.941642423,,
5721,oa,g_1909;em_12_156812;n_5285658-n_5285670;p_333;#=ew_69_241069;prefix=86659-;[0]=ew_0_1192447,R012M,PresentElder,192.717,192.577,https://labbcat.canterbury.ac.nz/maonze/transcript?ag_id=1909#ew_0_1192447,0.14,140,4.941642423,,
5831,oa,g_307;em_12_29971;n_54765-n_54766;p_81;#=ew_69_186563;prefix=35461-;[0]=ew_0_207061,L1Y03M,L1,193.37,193.23,https://labbcat.canterbury.ac.nz/maonze/transcript?ag_id=307#ew_0_207061,0.14,140,4.941642423,,
6113,oa,g_492;em_12_50754;n_72327-n_72328;p_122;#=ew_69_170032;prefix=19923-;[0]=ew_0_316562,K010M,PresentElder,132.282,132.142,https://labbcat.canterbury.ac.nz/maonze/transcript?ag_id=492#ew_0_316562,0.14,140,4.941642423,,
6115,oa,g_492;em_12_50757;n_72330-n_8480;p_122;#=ew_69_170046;prefix=19928-;[0]=ew_0_316580,K010M,PresentElder,137.883,137.743,https://labbcat.canterbury.ac.nz/maonze/transcript?ag_id=492#ew_0_316580,0.14,140,4.941642423,,
6132,oa,g_500;em_12_51950;n_73220-n_73221;p_97;#=ew_69_215575;prefix=63100-;[0]=ew_0_1125142,MU07M,Historical,213.055,212.915,https://labbcat.canterbury.ac.nz/maonze/transcript?ag_id=500#ew_0_1125142,0.14,140,4.941642423,,
6163,oa,g_59;em_12_162206;n_6219108-n_6219061;p_32;#=ew_69_159518;prefix=09799-;[0]=ew_0_1263453,K004M,PresentElder,173.441,173.301,https://labbcat.canterbury.ac.nz/maonze/transcript?ag_id=59#ew_0_1263453,0.14,140,4.941642423,,
6439,oa,g_877;em_12_87438;n_102030-n_15030;p_169;#=ew_69_175374;prefix=24788-;[0]=ew_0_555954,L1H03M,L1,160.924,160.784,https://labbcat.canterbury.ac.nz/maonze/transcript?ag_id=877#ew_0_555954,0.14,140,4.941642423,,
6519,oa,g_926;em_12_90273;n_104093-n_104094;p_179;#=ew_69_217623;prefix=64624-;[0]=ew_0_580096,R001M,PresentElder,245.591,245.451,https://labbcat.canterbury.ac.nz/maonze/transcript?ag_id=926#ew_0_580096,0.14,140,4.941642423,,
6548,oa,g_939;em_12_91257;n_105024-n_105025;p_179;#=ew_69_219152;prefix=66352-;[0]=ew_0_586228,R001M,PresentElder,230.455,230.315,https://labbcat.canterbury.ac.nz/maonze/transcript?ag_id=939#ew_0_586228,0.14,140,4.941642423,,
6640,oa,g_978;em_12_93514;n_6612102-n_16426;p_184;#=ew_69_225114;prefix=71732-;[0]=ew_0_606684,R004M,PresentElder,143.197,143.057,https://labbcat.canterbury.ac.nz/maonze/transcript?ag_id=978#ew_0_606684,0.14,140,4.941642423,,
6727,ua,g_1010;em_12_95426;n_108317-n_108318;p_188;#=ew_69_230146;prefix=76459-;[0]=ew_0_625010,R007M,PresentElder,150.538,150.398,https://labbcat.canterbury.ac.nz/maonze/transcript?ag_id=1010#ew_0_625010,0.14,140,4.941642423,,
6729,ua,g_1010;em_12_95432;n_108319-n_6650528;p_188;#=ew_69_230182;prefix=76476-;[0]=ew_0_625051,R007M,PresentElder,169.716,169.576,https://labbcat.canterbury.ac.nz/maonze/transcript?ag_id=1010#ew_0_625051,0.14,140,4.941642423,,
6749,ua,g_1014;em_12_95721;n_16847-n_16848;p_188;#=ew_69_229672;prefix=76877-;[0]=ew_0_626944,R007M,PresentElder,146.43,146.29,https://labbcat.canterbury.ac.nz/maonze/transcript?ag_id=1014#ew_0_626944,0.14,140,4.941642423,,
7007,ua,g_106;em_12_7314;n_37148-n_37149;p_41;#=ew_69_164072;prefix=14581-;[0]=ew_0_1272810,K007M,PresentElder,226.52,226.38,https://labbcat.canterbury.ac.nz/maonze/transcript?ag_id=106#ew_0_1272810,0.14,140,4.941642423,,
7285,ua,g_12;em_12_913;n_31549-n_31550;p_28;#=ew_69_149514;prefix=00104-;[0]=ew_0_8076,K001M,PresentElder,134.473,134.333,https://labbcat.canterbury.ac.nz/maonze/transcript?ag_id=12#ew_0_8076,0.14,140,4.941642423,,
7358,ua,g_1235;em_12_160132;n_5825187-n_5825203;p_249;#=ew_69_180940;prefix=29938-;[0]=ew_0_1226319,L1H06M,L1,211.58,211.44,https://labbcat.canterbury.ac.nz/maonze/transcript?ag_id=1235#ew_0_1226319,0.14,140,4.941642423,,
7372,ua,g_1239;em_12_111460;n_119214-n_119215;p_249;#=ew_69_180710;prefix=30327-;[0]=ew_0_1227333,L1H06M,L1,224.525,224.385,https://labbcat.canterbury.ac.nz/maonze/transcript?ag_id=1239#ew_0_1227333,0.14,140,4.941642423,,
7394,ua,g_1243;em_12_160352;n_5825897-n_21889;p_249;#=ew_69_181299;prefix=30762-;[0]=ew_0_1229670,L1H06M,L1,132.96,132.82,https://labbcat.canterbury.ac.nz/maonze/transcript?ag_id=1243#ew_0_1229670,0.14,140,4.941642423,,
7518,ua,g_1389;em_12_119093;n_124570-n_124571;p_262;#=ew_69_249431;prefix=94772-;[0]=ew_0_823196,WU08M,Historical,187.663,187.523,https://labbcat.canterbury.ac.nz/maonze/transcript?ag_id=1389#ew_0_823196,0.14,140,4.941642423,,
7525,ua,g_139;em_12_9701;n_39172-n_39173;p_284;#=ew_69_210165;prefix=57986-;[0]=ew_0_93621,MU01M,Historical,227.841,227.701,https://labbcat.canterbury.ac.nz/maonze/transcript?ag_id=139#ew_0_93621,0.14,140,4.941642423,,
7641,ua,g_1526;em_12_126242;n_130259-n_130260;p_287;#=ew_69_228977;prefix=75702-;[0]=ew_0_888806,R006M,PresentElder,165.382,165.242,https://labbcat.canterbury.ac.nz/maonze/transcript?ag_id=1526#ew_0_888806,0.14,140,4.941642423,,
7889,ua,g_1647;em_12_133624;n_135793-n_135794;p_300;#=ew_69_193422;prefix=42305-;[0]=ew_0_946027,L2H02M,L2,214.996,214.856,https://labbcat.canterbury.ac.nz/maonze/transcript?ag_id=1647#ew_0_946027,0.14,140,4.941642423,,
7965,ua,g_1661;em_12_134609;n_6399777-n_136472;p_302;#=ew_69_197607;prefix=45660-;[0]=ew_0_952911,L2H04M,L2,218.115,217.975,https://labbcat.canterbury.ac.nz/maonze/transcript?ag_id=1661#ew_0_952911,0.14,140,4.941642423,,
7981,ua,g_1663;em_12_134713;n_136548-n_136549;p_302;#=ew_69_197446;prefix=45948-;[0]=ew_0_953999,L2H04M,L2,231.86,231.72,https://labbcat.canterbury.ac.nz/maonze/transcript?ag_id=1663#ew_0_953999,0.14,140,4.941642423,,
8006,ua,g_1667;em_12_134890;n_136702-n_136703;p_302;#=ew_69_198065;prefix=46510-;[0]=ew_0_956021,L2H04M,L2,223.543,223.403,https://labbcat.canterbury.ac.nz/maonze/transcript?ag_id=1667#ew_0_956021,0.14,140,4.941642423,,
8076,ua,g_1682;em_12_135709;n_137334-n_27651;p_307;#=ew_69_199453;prefix=47730-;[0]=ew_0_963273,L2H05M,L2,166.764,166.624,https://labbcat.canterbury.ac.nz/maonze/transcript?ag_id=1682#ew_0_963273,0.14,140,4.941642423,,
8286,ua,g_1897;em_12_156004;n_5274425-n_5274442;p_333;#=ew_69_238747;prefix=84787-;[0]=ew_0_1182117,R012M,PresentElder,217.829,217.689,https://labbcat.canterbury.ac.nz/maonze/transcript?ag_id=1897#ew_0_1182117,0.14,140,4.941642423,,
8404,ua,g_1910;em_12_156935;n_5286710-n_5286727;p_333;#=ew_69_240556;prefix=86964-;[0]=ew_0_1193310,R012M,PresentElder,170.068,169.928,https://labbcat.canterbury.ac.nz/maonze/transcript?ag_id=1910#ew_0_1193310,0.14,140,4.941642423,,
8422,ua,g_1913;em_12_157108;n_5290038-n_5290057;p_333;#=ew_69_240264;prefix=87253-;[0]=ew_0_1196226,R012M,PresentElder,189.614,189.474,https://labbcat.canterbury.ac.nz/maonze/transcript?ag_id=1913#ew_0_1196226,0.14,140,4.941642423,,
8479,ua,g_1944;em_12_165779;n_6847406-n_6847412;p_28;#=ew_69_150346;prefix=01471-;[0]=ew_0_1296926,K001M,PresentElder,234.502,234.362,https://labbcat.canterbury.ac.nz/maonze/transcript?ag_id=1944#ew_0_1296926,0.14,140,4.941642423,,
8596,ua,g_307;em_12_160753;n_5999889-n_5999897;p_81;#=ew_69_186486;prefix=35570-;[0]=ew_0_1239506,L1Y03M,L1,137.538,137.398,https://labbcat.canterbury.ac.nz/maonze/transcript?ag_id=307#ew_0_1239506,0.14,140,4.941642423,,
8810,ua,g_349;em_12_33774;n_57900-n_57901;p_87;#=ew_69_211411;prefix=59857-;[0]=ew_0_227379,MU03M,Historical,225.455,225.315,https://labbcat.canterbury.ac.nz/maonze/transcript?ag_id=349#ew_0_227379,0.14,140,4.941642423,,
8921,ua,g_386;em_12_39285;n_63080-n_63081;p_95;#=ew_69_215830;prefix=62891-;[0]=ew_0_249133,MU06M,Historical,243.924,243.784,https://labbcat.canterbury.ac.nz/maonze/transcript?ag_id=386#ew_0_249133,0.14,140,4.941642423,,
9227,ua,g_53;em_12_158367;n_5387911-n_5387918;p_32;#=ew_69_157832;prefix=08386-;[0]=ew_0_1210823,K004M,PresentElder,156.372,156.232,https://labbcat.canterbury.ac.nz/maonze/transcript?ag_id=53#ew_0_1210823,0.14,140,4.941642423,,
9321,ua,g_603;em_12_64274;n_83868-n_83869;p_140;#=ew_69_190766;prefix=39445-;[0]=ew_0_384805,L1Y05M,L1,191.048,190.908,https://labbcat.canterbury.ac.nz/maonze/transcript?ag_id=603#ew_0_384805,0.14,140,4.941642423,,
9332,ua,g_604;em_12_64325;n_83918-n_83919;p_140;#=ew_69_191328;prefix=39648-;[0]=ew_0_385451,L1Y05M,L1,149.157,149.017,https://labbcat.canterbury.ac.nz/maonze/transcript?ag_id=604#ew_0_385451,0.14,140,4.941642423,,
9390,ua,g_612;em_12_64791;n_84357-n_84358;p_142;#=ew_69_182253;prefix=31308-;[0]=ew_0_390073,L1Y01M,L1,167.02,166.88,https://labbcat.canterbury.ac.nz/maonze/transcript?ag_id=612#ew_0_390073,0.14,140,4.941642423,,
9428,ua,g_618;em_12_65056;n_84614-n_84615;p_142;#=ew_69_182873;prefix=32013-;[0]=ew_0_392960,L1Y01M,L1,158.268,158.128,https://labbcat.canterbury.ac.nz/maonze/transcript?ag_id=618#ew_0_392960,0.14,140,4.941642423,,
9749,ua,g_671;em_12_70705;n_89481-n_89482;p_148;#=ew_69_208764;prefix=56609-;[0]=ew_0_425737,L2Y05M,L2,157.747,157.607,https://labbcat.canterbury.ac.nz/maonze/transcript?ag_id=671#ew_0_425737,0.14,140,4.941642423,,
9888,ua,g_862;em_12_159496;n_5656015-n_5656019;p_168;#=ew_69_172905;prefix=22836-;[0]=ew_0_1220393,L1H02M,L1,246.673,246.533,https://labbcat.canterbury.ac.nz/maonze/transcript?ag_id=862#ew_0_1220393,0.14,140,4.941642423,,
9982,ua,g_875;em_12_87293;n_101942-n_101943;p_169;#=ew_69_174939;prefix=24564-;[0]=ew_0_555133,L1H03M,L1,213.282,213.142,https://labbcat.canterbury.ac.nz/maonze/transcript?ag_id=875#ew_0_555133,0.14,140,4.941642423,,
9989,ua,g_876;em_12_87346;n_101973-n_101974;p_169;#=ew_69_175170;prefix=24631-;[0]=ew_0_555434,L1H03M,L1,133.316,133.176,https://labbcat.canterbury.ac.nz/maonze/transcript?ag_id=876#ew_0_555434,0.14,140,4.941642423,,
10005,ua,g_878;em_12_87510;n_102077-n_102078;p_169;#=ew_69_175076;prefix=24882-;[0]=ew_0_556387,L1H03M,L1,178.049,177.909,https://labbcat.canterbury.ac.nz/maonze/transcript?ag_id=878#ew_0_556387,0.14,140,4.941642423,,
10103,ua,g_897;em_12_88626;n_102862-n_102863;p_174;#=ew_69_178688;prefix=27887-;[0]=ew_0_565358,L1H05M,L1,189.048,188.908,https://labbcat.canterbury.ac.nz/maonze/transcript?ag_id=897#ew_0_565358,0.14,140,4.941642423,,
10107,ua,g_897;em_12_88639;n_102875-n_29793;p_174;#=ew_69_178798;prefix=27937-;[0]=ew_0_565517,L1H05M,L1,249.947,249.807,https://labbcat.canterbury.ac.nz/maonze/transcript?ag_id=897#ew_0_565517,0.14,140,4.941642423,,
10194,ua,g_908;em_12_89210;n_103265-n_103266;p_173;#=ew_69_177122;prefix=26507-;[0]=ew_0_570885,L1H04M,L1,200.412,200.272,https://labbcat.canterbury.ac.nz/maonze/transcript?ag_id=908#ew_0_570885,0.14,140,4.941642423,,
10249,ua,g_915;em_12_89433;n_103362-n_103363;p_173;#=ew_69_176858;prefix=25826-;[0]=ew_0_574113,L1H04M,L1,206.822,206.682,https://labbcat.canterbury.ac.nz/maonze/transcript?ag_id=915#ew_0_574113,0.14,140,4.941642423,,
10357,ua,g_940;em_12_91346;n_105074-n_105075;p_179;#=ew_69_219345;prefix=66538-;[0]=ew_0_586906,R001M,PresentElder,240.942,240.802,https://labbcat.canterbury.ac.nz/maonze/transcript?ag_id=940#ew_0_586906,0.14,140,4.941642423,,
10579,ua,g_977;em_12_163547;n_6612129-n_6612130;p_184;#=ew_69_224860;prefix=71612-;[0]=ew_0_1280877,R004M,PresentElder,248.638,248.498,https://labbcat.canterbury.ac.nz/maonze/transcript?ag_id=977#ew_0_1280877,0.14,140,4.941642423,,
10594,ua,g_98;em_12_162681;n_6281711-n_6281800;p_41;#=ew_69_162549;prefix=12960-;[0]=ew_0_1269297,K007M,PresentElder,196.459,196.319,https://labbcat.canterbury.ac.nz/maonze/transcript?ag_id=98#ew_0_1269297,0.14,140,4.941642423,,
3777,ia,g_1942;em_12_165593;n_6841822-n_6841832;p_41;#=ew_69_164823;prefix=15107-;[0]=ew_0_1295057,K007M,PresentElder,64.019,63.879,https://labbcat.canterbury.ac.nz/maonze/transcript?ag_id=1942#ew_0_1295057,0.14,140,4.941642423,,
1,ea,g_10;em_12_691;n_31338-n_31339;p_28;#=ew_69_149750;prefix=00483-;[0]=ew_0_6208,K001M,PresentElder,44.528,44.388,https://labbcat.canterbury.ac.nz/maonze/transcript?ag_id=10#ew_0_6208,0.14,140,4.941642423,,
48,ea,g_1018;em_12_95938;n_17039-n_17040;p_188;#=ew_69_230430;prefix=77220-;[0]=ew_0_628593,R007M,PresentElder,80.963,80.823,https://labbcat.canterbury.ac.nz/maonze/transcript?ag_id=1018#ew_0_628593,0.14,140,4.941642423,,
75,ea,g_1024;em_12_163727;n_6702383-n_6702387;p_190;#=ew_69_232971;prefix=79037-;[0]=ew_0_1282845,R009M,PresentElder,20.504,20.364,https://labbcat.canterbury.ac.nz/maonze/transcript?ag_id=1024#ew_0_1282845,0.14,140,4.941642423,,
96,ea,g_103;em_12_163030;n_6285892-n_6285897;p_41;#=ew_69_164403;prefix=14128-;[0]=ew_0_1274101,K007M,PresentElder,85.238,85.098,https://labbcat.canterbury.ac.nz/maonze/transcript?ag_id=103#ew_0_1274101,0.14,140,4.941642423,,
113,ea,g_1034;em_12_96588;n_108897-n_108898;p_190;#=ew_69_234086;prefix=80685-;[0]=ew_0_637665,R009M,PresentElder,73.965,73.825,https://labbcat.canterbury.ac.nz/maonze/transcript?ag_id=1034#ew_0_637665,0.14,140,4.941642423,,
145,ea,g_104;em_12_7193;n_37034-n_37035;p_41;#=ew_69_164253;prefix=14181-;[0]=ew_0_71636,K007M,PresentElder,32.384,32.244,https://labbcat.canterbury.ac.nz/maonze/transcript?ag_id=104#ew_0_71636,0.14,140,4.941642423,,
161,ea,g_1041;em_12_97068;n_109219-n_109220;p_193;#=ew_69_235946;prefix=82087-;[0]=ew_0_642720,R010M,PresentElder,18.494,18.354,https://labbcat.canterbury.ac.nz/maonze/transcript?ag_id=1041#ew_0_642720,0.14,140,4.941642423,,
162,ea,g_1041;em_12_97086;n_109227-n_7053237;p_193;#=ew_69_236010;prefix=82125-;[0]=ew_0_642868,R010M,PresentElder,80.271,80.131,https://labbcat.canterbury.ac.nz/maonze/transcript?ag_id=1041#ew_0_642868,0.14,140,4.941642423,,
178,ea,g_1045;em_12_97435;n_109367-n_109368;p_193;#=ew_69_236397;prefix=82603-;[0]=ew_0_645882,R010M,PresentElder,83.906,83.766,https://labbcat.canterbury.ac.nz/maonze/transcript?ag_id=1045#ew_0_645882,0.14,140,4.941642423,,
190,ea,g_1049;em_12_97618;n_17657-n_17658;p_201;#=ew_69_241595;prefix=87677-;[0]=ew_0_647958,WU01M,Historical,90.908,90.768,https://labbcat.canterbury.ac.nz/maonze/transcript?ag_id=1049#ew_0_647958,0.14,140,4.941642423,,
208,ea,g_107;em_12_7324;n_37157-n_37158;p_41;#=ew_69_164122;prefix=14653-;[0]=ew_0_73495,K007M,PresentElder,46.878,46.738,https://labbcat.canterbury.ac.nz/maonze/transcript?ag_id=107#ew_0_73495,0.14,140,4.941642423,,
219,ea,g_1074;em_12_99696;n_110905-n_110906;p_208;#=ew_69_245386;prefix=91688-;[0]=ew_0_661460,WU07M,Historical,88.597,88.457,https://labbcat.canterbury.ac.nz/maonze/transcript?ag_id=1074#ew_0_661460,0.14,140,4.941642423,,
222,ea,g_1074;em_12_99698;n_110907-n_110908;p_208;#=ew_69_245402;prefix=91699-;[0]=ew_0_661490,WU07M,Historical,97.169,97.029,https://labbcat.canterbury.ac.nz/maonze/transcript?ag_id=1074#ew_0_661490,0.14,140,4.941642423,,
329,ea,g_1200;em_12_108643;n_117447-n_117448;p_244;#=ew_69_242951;prefix=89076-;[0]=ew_0_724288,WU04M,Historical,97.898,97.758,https://labbcat.canterbury.ac.nz/maonze/transcript?ag_id=1200#ew_0_724288,0.14,140,4.941642423,,
356,ea,g_1207;em_12_109413;n_118202-n_118203;p_244;#=ew_69_243746;prefix=90153-;[0]=ew_0_728302,WU04M,Historical,24.527,24.387,https://labbcat.canterbury.ac.nz/maonze/transcript?ag_id=1207#ew_0_728302,0.14,140,4.941642423,,
393,ea,g_1230;em_12_160242;n_5826888-n_5826906;p_249;#=ew_69_180086;prefix=29452-;[0]=ew_0_1229221,L1H06M,L1,108.475,108.335,https://labbcat.canterbury.ac.nz/maonze/transcript?ag_id=1230#ew_0_1229221,0.14,140,4.941642423,,
402,ea,g_1233;em_12_160025;n_5824538-n_21270;p_249;#=ew_69_180741;prefix=29751-;[0]=ew_0_1228977,L1H06M,L1,80.454,80.314,https://labbcat.canterbury.ac.nz/maonze/transcript?ag_id=1233#ew_0_1228977,0.14,140,4.941642423,,
514,ea,g_1390;em_12_119116;n_124592-n_124593;p_262;#=ew_69_249286;prefix=94865-;[0]=ew_0_823527,WU08M,Historical,103.972,103.832,https://labbcat.canterbury.ac.nz/maonze/transcript?ag_id=1390#ew_0_823527,0.14,140,4.941642423,,
522,ea,g_1395;em_12_119268;n_124728-n_124729;p_262;#=ew_69_249807;prefix=95464-;[0]=ew_0_825836,WU08M,Historical,22.978,22.838,https://labbcat.canterbury.ac.nz/maonze/transcript?ag_id=1395#ew_0_825836,0.14,140,4.941642423,,
523,ea,g_1395;em_12_119271;n_124731-n_124732;p_262;#=ew_69_249832;prefix=95477-;[0]=ew_0_825887,WU08M,Historical,48.225,48.085,https://labbcat.canterbury.ac.nz/maonze/transcript?ag_id=1395#ew_0_825887,0.14,140,4.941642423,,
602,ea,g_1528;em_12_126302;n_130315-n_130316;p_287;#=ew_69_229335;prefix=76002-;[0]=ew_0_889825,R006M,PresentElder,11.061,10.921,https://labbcat.canterbury.ac.nz/maonze/transcript?ag_id=1528#ew_0_889825,0.14,140,4.941642423,,
609,ea,g_1530;em_12_126391;n_25326-n_25327;p_200;#=ew_69_216048;prefix=63438-;[0]=ew_0_890806,MU08M,Historical,80.214,80.074,https://labbcat.canterbury.ac.nz/maonze/transcript?ag_id=1530#ew_0_890806,0.14,140,4.941642423,,
676,ea,g_1626;em_12_132365;n_134707-n_134708;p_299;#=ew_69_192712;prefix=41497-;[0]=ew_0_937351,L2H01M,L2,52.597,52.457,https://labbcat.canterbury.ac.nz/maonze/transcript?ag_id=1626#ew_0_937351,0.14,140,4.941642423,,
712,ea,g_1642;em_12_133293;n_135502-n_135503;p_288;#=ew_69_196404;prefix=45037-;[0]=ew_0_943454,L2H03M,L2,87.431,87.291,https://labbcat.canterbury.ac.nz/maonze/transcript?ag_id=1642#ew_0_943454,0.14,140,4.941642423,,
716,ea,g_1643;em_12_133343;n_135551-n_135552;p_288;#=ew_69_196204;prefix=45148-;[0]=ew_0_943836,L2H03M,L2,23.536,23.396,https://labbcat.canterbury.ac.nz/maonze/transcript?ag_id=1643#ew_0_943836,0.14,140,4.941642423,,
724,ea,g_1645;em_12_133463;n_27081-n_6995986;p_300;#=ew_69_193259;prefix=42008-;[0]=ew_0_944800,L2H02M,L2,29.059,28.919,https://labbcat.canterbury.ac.nz/maonze/transcript?ag_id=1645#ew_0_944800,0.14,140,4.941642423,,
759,ea,g_1653;em_12_134101;n_136126-n_27251;p_300;#=ew_69_194592;prefix=43040-;[0]=ew_0_948847,L2H02M,L2,17.328,17.188,https://labbcat.canterbury.ac.nz/maonze/transcript?ag_id=1653#ew_0_948847,0.14,140,4.941642423,,
852,ea,g_1670;em_12_134987;n_136781-n_136782;p_302;#=ew_69_198152;prefix=46897-;[0]=ew_0_957385,L2H04M,L2,78.411,78.271,https://labbcat.canterbury.ac.nz/maonze/transcript?ag_id=1670#ew_0_957385,0.14,140,4.941642423,,
874,ea,g_1675;em_12_135186;n_136934-n_136935;p_307;#=ew_69_200400;prefix=48681-;[0]=ew_0_959662,L2H05M,L2,105.75,105.61,https://labbcat.canterbury.ac.nz/maonze/transcript?ag_id=1675#ew_0_959662,0.14,140,4.941642423,,
884,ea,g_1677;em_12_135345;n_7003605-n_27547;p_307;#=ew_69_199840;prefix=48415-;[0]=ew_0_960713,L2H05M,L2,112.203,112.063,https://labbcat.canterbury.ac.nz/maonze/transcript?ag_id=1677#ew_0_960713,0.14,140,4.941642423,,
945,ea,g_1840;em_12_148954;n_3847153-n_3847169;p_49;#=ew_69_204486;prefix=52334-;[0]=ew_0_1100494,L2Y03M,L2,74.672,74.532,https://labbcat.canterbury.ac.nz/maonze/transcript?ag_id=1840#ew_0_1100494,0.14,140,4.941642423,,
991,ea,g_1846;em_12_149357;n_3852518-n_3852524;p_49;#=ew_69_205156;prefix=53195-;[0]=ew_0_1105043,L2Y03M,L2,63.618,63.478,https://labbcat.canterbury.ac.nz/maonze/transcript?ag_id=1846#ew_0_1105043,0.14,140,4.941642423,,
1035,ea,g_1881;em_12_154875;n_5256777-n_5256790;p_334;#=ew_69_236890;prefix=83129-;[0]=ew_0_1169202,R011M,PresentElder,62.844,62.704,https://labbcat.canterbury.ac.nz/maonze/transcript?ag_id=1881#ew_0_1169202,0.14,140,4.941642423,,
1047,ea,g_1884;em_12_155089;n_5259599-n_5259610;p_334;#=ew_69_237231;prefix=83396-;[0]=ew_0_1171121,R011M,PresentElder,26.229,26.089,https://labbcat.canterbury.ac.nz/maonze/transcript?ag_id=1884#ew_0_1171121,0.14,140,4.941642423,,
1049,ea,g_1884;em_12_155112;n_5259645-n_5259655;p_334;#=ew_69_237243;prefix=83408-;[0]=ew_0_1171268,R011M,PresentElder,46.418,46.278,https://labbcat.canterbury.ac.nz/maonze/transcript?ag_id=1884#ew_0_1171268,0.14,140,4.941642423,,
1074,ea,g_1899;em_12_156162;n_5275853-n_5275869;p_333;#=ew_69_238072;prefix=84988-;[0]=ew_0_1184167,R012M,PresentElder,62.989,62.849,https://labbcat.canterbury.ac.nz/maonze/transcript?ag_id=1899#ew_0_1184167,0.14,140,4.941642423,,
1214,ea,g_1947;em_12_166055;n_6850409-n_6850425;p_121;#=ew_69_168632;prefix=18389-;[0]=ew_0_1299288,K009M,PresentElder,107.297,107.157,https://labbcat.canterbury.ac.nz/maonze/transcript?ag_id=1947#ew_0_1299288,0.14,140,4.941642423,,
1330,ea,g_309;em_12_30124;n_54900-n_5507;p_81;#=ew_69_185975;prefix=35804-;[0]=ew_0_208251,L1Y03M,L1,124.299,124.159,https://labbcat.canterbury.ac.nz/maonze/transcript?ag_id=309#ew_0_208251,0.14,140,4.941642423,,
1337,ea,g_312;em_12_30413;n_5999809-n_55104;p_81;#=ew_69_186952;prefix=36163-;[0]=ew_0_1238044,L1Y03M,L1,111.363,111.223,https://labbcat.canterbury.ac.nz/maonze/transcript?ag_id=312#ew_0_1238044,0.14,140,4.941642423,,
1359,ea,g_318;em_12_148541;n_3841310-n_3841337;p_89;#=ew_69_187861;prefix=36848-;[0]=ew_0_1095055,L1Y04M,L1,113.619,113.479,https://labbcat.canterbury.ac.nz/maonze/transcript?ag_id=318#ew_0_1095055,0.14,140,4.941642423,,
1369,ea,g_318;em_12_30976;n_55603-n_5638;p_89;#=ew_69_187750;prefix=36789-;[0]=ew_0_213178,L1Y04M,L1,26.008,25.868,https://labbcat.canterbury.ac.nz/maonze/transcript?ag_id=318#ew_0_213178,0.14,140,4.941642423,,
1384,ea,g_320;em_12_31387;n_55984-n_55985;p_89;#=ew_69_188274;prefix=37129-;[0]=ew_0_214494,L1Y04M,L1,123.044,122.904,https://labbcat.canterbury.ac.nz/maonze/transcript?ag_id=320#ew_0_214494,0.14,140,4.941642423,,
1406,ea,g_323;em_12_32122;n_5759-n_56628;p_89;#=ew_69_188832;prefix=37625-;[0]=ew_0_216555,L1Y04M,L1,43.637,43.497,https://labbcat.canterbury.ac.nz/maonze/transcript?ag_id=323#ew_0_216555,0.14,140,4.941642423,,
1412,ea,g_324;em_12_32510;n_5847-n_3841647;p_89;#=ew_69_188435;prefix=37810-;[0]=ew_0_217544,L1Y04M,L1,119.182,119.042,https://labbcat.canterbury.ac.nz/maonze/transcript?ag_id=324#ew_0_217544,0.14,140,4.941642423,,
1457,ea,g_334;em_12_33277;n_57528-n_57529;p_85;#=ew_69_184964;prefix=34186-;[0]=ew_0_221336,L1Y02M,L1,44.956,44.816,https://labbcat.canterbury.ac.nz/maonze/transcript?ag_id=334#ew_0_221336,0.14,140,4.941642423,,
1484,ea,g_341;em_12_33488;n_57703-n_57704;p_85;#=ew_69_184394;prefix=33743-;[0]=ew_0_224151,L1Y02M,L1,66.351,66.211,https://labbcat.canterbury.ac.nz/maonze/transcript?ag_id=341#ew_0_224151,0.14,140,4.941642423,,
1490,ea,g_343;em_12_33545;n_57746-n_57747;p_85;#=ew_69_185261;prefix=34526-;[0]=ew_0_224892,L1Y02M,L1,43.133,42.993,https://labbcat.canterbury.ac.nz/maonze/transcript?ag_id=343#ew_0_224892,0.14,140,4.941642423,,
1531,ea,g_370;em_12_35984;n_59809-n_59810;p_92;#=ew_69_213874;prefix=60842-;[0]=ew_0_238879,MU04M,Historical,50.712,50.572,https://labbcat.canterbury.ac.nz/maonze/transcript?ag_id=370#ew_0_238879,0.14,140,4.941642423,,
1535,ea,g_370;em_12_36005;n_59830-n_59831;p_92;#=ew_69_213914;prefix=60881-;[0]=ew_0_239013,MU04M,Historical,110.892,110.752,https://labbcat.canterbury.ac.nz/maonze/transcript?ag_id=370#ew_0_239013,0.14,140,4.941642423,,
1602,ea,g_450;em_12_46526;n_68998-n_68999;p_110;#=ew_69_156582;prefix=06644-;[0]=ew_0_290768,K003M,PresentElder,55.886,55.746,https://labbcat.canterbury.ac.nz/maonze/transcript?ag_id=450#ew_0_290768,0.14,140,4.941642423,,
1606,ea,g_451;em_12_46643;n_69107-n_69108;p_110;#=ew_69_156312;prefix=06983-;[0]=ew_0_291742,K003M,PresentElder,58.918,58.778,https://labbcat.canterbury.ac.nz/maonze/transcript?ag_id=451#ew_0_291742,0.14,140,4.941642423,,
1648,ea,g_462;em_12_47627;n_69741-n_7945;p_112;#=ew_69_162326;prefix=12416-;[0]=ew_0_1211051,K006M,PresentElder,122.268,122.128,https://labbcat.canterbury.ac.nz/maonze/transcript?ag_id=462#ew_0_1211051,0.14,140,4.941642423,,
1716,ea,g_482;em_12_49437;n_71317-n_71318;p_121;#=ew_69_168972;prefix=18551-;[0]=ew_0_309992,K009M,PresentElder,115.856,115.716,https://labbcat.canterbury.ac.nz/maonze/transcript?ag_id=482#ew_0_309992,0.14,140,4.941642423,,
1719,ea,g_483;em_12_49564;n_71411-n_71412;p_121;#=ew_69_168132;prefix=18701-;[0]=ew_0_310599,K009M,PresentElder,69.594,69.454,https://labbcat.canterbury.ac.nz/maonze/transcript?ag_id=483#ew_0_310599,0.14,140,4.941642423,,
1738,ea,g_490;em_12_50425;n_72068-n_72069;p_122;#=ew_69_170287;prefix=19606-;[0]=ew_0_315017,K010M,PresentElder,104.241,104.101,https://labbcat.canterbury.ac.nz/maonze/transcript?ag_id=490#ew_0_315017,0.14,140,4.941642423,,
1882,ea,g_602;em_12_64197;n_83792-n_83793;p_140;#=ew_69_190089;prefix=39132-;[0]=ew_0_383833,L1Y05M,L1,86.143,86.003,https://labbcat.canterbury.ac.nz/maonze/transcript?ag_id=602#ew_0_383833,0.14,140,4.941642423,,
1910,ea,g_608;em_12_64577;n_10382-n_84153;p_140;#=ew_69_190388;prefix=40292-;[0]=ew_0_387859,L1Y05M,L1,8.51,8.37,https://labbcat.canterbury.ac.nz/maonze/transcript?ag_id=608#ew_0_387859,0.14,140,4.941642423,,
1943,ea,g_615;em_12_64926;n_84489-n_84490;p_142;#=ew_69_182575;prefix=31650-;[0]=ew_0_391429,L1Y01M,L1,124.636,124.496,https://labbcat.canterbury.ac.nz/maonze/transcript?ag_id=615#ew_0_391429,0.14,140,4.941642423,,
1957,ea,g_618;em_12_65044;n_84602-n_84603;p_142;#=ew_69_182758;prefix=31965-;[0]=ew_0_392777,L1Y01M,L1,92.7,92.56,https://labbcat.canterbury.ac.nz/maonze/transcript?ag_id=618#ew_0_392777,0.14,140,4.941642423,,
1962,ea,g_620;em_12_65103;n_84659-n_84660;p_142;#=ew_69_182290;prefix=32176-;[0]=ew_0_393526,L1Y01M,L1,25.539,25.399,https://labbcat.canterbury.ac.nz/maonze/transcript?ag_id=620#ew_0_393526,0.14,140,4.941642423,,
1984,ea,g_625;em_12_65299;n_84819-n_84820;p_142;#=ew_69_183171;prefix=32737-;[0]=ew_0_395936,L1Y01M,L1,51.888,51.748,https://labbcat.canterbury.ac.nz/maonze/transcript?ag_id=625#ew_0_395936,0.14,140,4.941642423,,
2051,ea,g_634;em_12_66327;n_85769-n_85770;p_143;#=ew_69_203896;prefix=51969-;[0]=ew_0_403384,L2Y02M,L2,10.292,10.152,https://labbcat.canterbury.ac.nz/maonze/transcript?ag_id=634#ew_0_403384,0.14,140,4.941642423,,
2066,ea,g_638;em_12_66698;n_86037-n_86038;p_145;#=ew_69_200829;prefix=49491-;[0]=ew_0_406314,L2Y01M,L2,46.553,46.413,https://labbcat.canterbury.ac.nz/maonze/transcript?ag_id=638#ew_0_406314,0.14,140,4.941642423,,
2076,ea,g_645;em_12_67174;n_86384-n_86385;p_145;#=ew_69_201959;prefix=50164-;[0]=ew_0_411522,L2Y01M,L2,85.382,85.242,https://labbcat.canterbury.ac.nz/maonze/transcript?ag_id=645#ew_0_411522,0.14,140,4.941642423,,
2187,ea,g_672;em_12_70736;n_89505-n_89506;p_148;#=ew_69_208371;prefix=56699-;[0]=ew_0_426217,L2Y05M,L2,90.97,90.83,https://labbcat.canterbury.ac.nz/maonze/transcript?ag_id=672#ew_0_426217,0.14,140,4.941642423,,
2287,ea,g_857;em_12_86002;n_100986-n_100987;p_167;#=ew_69_172354;prefix=21995-;[0]=ew_0_545465,L1H01M,L1,61.857,61.717,https://labbcat.canterbury.ac.nz/maonze/transcript?ag_id=857#ew_0_545465,0.14,140,4.941642423,,
2302,ea,g_859;em_12_86177;n_101153-n_101154;p_167;#=ew_69_172429;prefix=22311-;[0]=ew_0_546649,L1H01M,L1,17.285,17.145,https://labbcat.canterbury.ac.nz/maonze/transcript?ag_id=859#ew_0_546649,0.14,140,4.941642423,,
2314,ea,g_863;em_12_86399;n_101304-n_101305;p_168;#=ew_69_172923;prefix=22852-;[0]=ew_0_548471,L1H02M,L1,24.164,24.024,https://labbcat.canterbury.ac.nz/maonze/transcript?ag_id=863#ew_0_548471,0.14,140,4.941642423,,
2316,ea,g_863;em_12_86413;n_101316-n_101317;p_168;#=ew_69_172955;prefix=22884-;[0]=ew_0_548602,L1H02M,L1,77.181,77.041,https://labbcat.canterbury.ac.nz/maonze/transcript?ag_id=863#ew_0_548602,0.14,140,4.941642423,,
2336,ea,g_867;em_12_86717;n_101540-n_101541;p_168;#=ew_69_174336;prefix=23537-;[0]=ew_0_551029,L1H02M,L1,24.63,24.49,https://labbcat.canterbury.ac.nz/maonze/transcript?ag_id=867#ew_0_551029,0.14,140,4.941642423,,
2337,ea,g_867;em_12_86717;n_101540-n_101541;p_168;#=ew_69_174340;prefix=23539-;[0]=ew_0_551034,L1H02M,L1,26.26,26.12,https://labbcat.canterbury.ac.nz/maonze/transcript?ag_id=867#ew_0_551034,0.14,140,4.941642423,,
2351,ea,g_868;em_12_86847;n_101618-n_101619;p_168;#=ew_69_174123;prefix=23794-;[0]=ew_0_552074,L1H02M,L1,118.617,118.477,https://labbcat.canterbury.ac.nz/maonze/transcript?ag_id=868#ew_0_552074,0.14,140,4.941642423,,
2352,ea,g_868;em_12_86848;n_101619-n_101620;p_168;#=ew_69_174124;prefix=23795-;[0]=ew_0_552078,L1H02M,L1,120.629,120.489,https://labbcat.canterbury.ac.nz/maonze/transcript?ag_id=868#ew_0_552078,0.14,140,4.941642423,,
2356,ea,g_869;em_12_86939;n_101670-n_14897;p_168;#=ew_69_174390;prefix=23964-;[0]=ew_0_552658,L1H02M,L1,108.992,108.852,https://labbcat.canterbury.ac.nz/maonze/transcript?ag_id=869#ew_0_552658,0.14,140,4.941642423,,
2399,ea,g_891;em_12_88303;n_102581-n_102582;p_174;#=ew_69_178878;prefix=28813-;[0]=ew_0_561526,L1H05M,L1,46.479,46.339,https://labbcat.canterbury.ac.nz/maonze/transcript?ag_id=891#ew_0_561526,0.14,140,4.941642423,,
2427,ea,g_896;em_12_88555;n_5774412-n_102795;p_174;#=ew_69_178167;prefix=27991-;[0]=ew_0_564519,L1H05M,L1,104.328,104.188,https://labbcat.canterbury.ac.nz/maonze/transcript?ag_id=896#ew_0_564519,0.14,140,4.941642423,,
2501,ea,g_910;em_12_89264;n_15581-n_103288;p_173;#=ew_69_176164;prefix=26204-;[0]=ew_0_571638,L1H04M,L1,48.578,48.438,https://labbcat.canterbury.ac.nz/maonze/transcript?ag_id=910#ew_0_571638,0.14,140,4.941642423,,
2512,ea,g_915;em_12_89422;n_15673-n_103354;p_173;#=ew_69_176762;prefix=25772-;[0]=ew_0_573920,L1H04M,L1,116.931,116.791,https://labbcat.canterbury.ac.nz/maonze/transcript?ag_id=915#ew_0_573920,0.14,140,4.941642423,,
2542,ea,g_936;em_12_90961;n_104749-n_104750;p_179;#=ew_69_218267;prefix=65695-;[0]=ew_0_583930,R001M,PresentElder,88.579,88.439,https://labbcat.canterbury.ac.nz/maonze/transcript?ag_id=936#ew_0_583930,0.14,140,4.941642423,,
2549,ea,g_937;em_12_91036;n_104821-n_104822;p_179;#=ew_69_218564;prefix=65871-;[0]=ew_0_584517,R001M,PresentElder,64.679,64.539,https://labbcat.canterbury.ac.nz/maonze/transcript?ag_id=937#ew_0_584517,0.14,140,4.941642423,,
2632,ea,g_954;em_12_91959;n_105580-n_105581;p_181;#=ew_69_221204;prefix=68034-;[0]=ew_0_593561,R002M,PresentElder,34.44,34.3,https://labbcat.canterbury.ac.nz/maonze/transcript?ag_id=954#ew_0_593561,0.14,140,4.941642423,,
2637,ea,g_955;em_12_92008;n_105625-n_105629;p_181;#=ew_69_221237;prefix=68252-;[0]=ew_0_1279083,R002M,PresentElder,69.941,69.801,https://labbcat.canterbury.ac.nz/maonze/transcript?ag_id=955#ew_0_1279083,0.14,140,4.941642423,,
2679,ea,g_968;em_12_92766;n_106171-n_106172;p_183;#=ew_69_223172;prefix=70176-;[0]=ew_0_601100,R003M,PresentElder,30.774,30.634,https://labbcat.canterbury.ac.nz/maonze/transcript?ag_id=968#ew_0_601100,0.14,140,4.941642423,,
2702,ea,g_971;em_12_92933;n_106309-n_106310;p_184;#=ew_69_223558;prefix=70561-;[0]=ew_0_602508,R004M,PresentElder,92.464,92.324,https://labbcat.canterbury.ac.nz/maonze/transcript?ag_id=971#ew_0_602508,0.14,140,4.941642423,,
2710,ea,g_972;em_12_92977;n_106346-n_106347;p_184;#=ew_69_223698;prefix=70670-;[0]=ew_0_602913,R004M,PresentElder,41.113,40.973,https://labbcat.canterbury.ac.nz/maonze/transcript?ag_id=972#ew_0_602913,0.14,140,4.941642423,,
2726,ea,g_974;em_12_93137;n_106467-n_106468;p_184;#=ew_69_224082;prefix=70998-;[0]=ew_0_604097,R004M,PresentElder,51.372,51.232,https://labbcat.canterbury.ac.nz/maonze/transcript?ag_id=974#ew_0_604097,0.14,140,4.941642423,,
2749,ea,g_978;em_12_93489;n_106674-n_106675;p_184;#=ew_69_225058;prefix=71678-;[0]=ew_0_606492,R004M,PresentElder,73.766,73.626,https://labbcat.canterbury.ac.nz/maonze/transcript?ag_id=978#ew_0_606492,0.14,140,4.941642423,,
2766,ea,g_98;em_12_6870;n_36717-n_36718;p_41;#=ew_69_162431;prefix=12852-;[0]=ew_0_66708,K007M,PresentElder,16.866,16.726,https://labbcat.canterbury.ac.nz/maonze/transcript?ag_id=98#ew_0_66708,0.14,140,4.941642423,,
2821,ea,g_99;em_12_162828;n_6281855-n_6281860;p_41;#=ew_69_163371;prefix=13237-;[0]=ew_0_1269446,K007M,PresentElder,67.241,67.101,https://labbcat.canterbury.ac.nz/maonze/transcript?ag_id=99#ew_0_1269446,0.14,140,4.941642423,,
2828,ea,g_990;em_12_94054;n_107109-n_107110;p_182;#=ew_69_226742;prefix=73405-;[0]=ew_0_612218,R005M,PresentElder,35.345,35.205,https://labbcat.canterbury.ac.nz/maonze/transcript?ag_id=990#ew_0_612218,0.14,140,4.941642423,,
2836,ea,g_993;em_12_94190;n_107225-n_107226;p_182;#=ew_69_227130;prefix=73752-;[0]=ew_0_613927,R005M,PresentElder,96.182,96.042,https://labbcat.canterbury.ac.nz/maonze/transcript?ag_id=993#ew_0_613927,0.14,140,4.941642423,,
2884,ia,g_1015;em_12_95752;n_16870-n_16871;p_188;#=ew_69_230473;prefix=76914-;[0]=ew_0_627100,R007M,PresentElder,15.861,15.721,https://labbcat.canterbury.ac.nz/maonze/transcript?ag_id=1015#ew_0_627100,0.14,140,4.941642423,,
2906,ia,g_1023;em_12_163730;n_6702162-n_6702169;p_190;#=ew_69_232585;prefix=78897-;[0]=ew_0_1282692,R009M,PresentElder,35.447,35.307,https://labbcat.canterbury.ac.nz/maonze/transcript?ag_id=1023#ew_0_1282692,0.14,140,4.941642423,,
2915,ia,g_1025;em_12_96196;n_108634-n_108635;p_190;#=ew_69_232385;prefix=79290-;[0]=ew_0_632077,R009M,PresentElder,111.856,111.716,https://labbcat.canterbury.ac.nz/maonze/transcript?ag_id=1025#ew_0_632077,0.14,140,4.941642423,,
2918,ia,g_1026;em_12_96233;n_108656-n_108657;p_190;#=ew_69_232433;prefix=79422-;[0]=ew_0_632619,R009M,PresentElder,80.028,79.888,https://labbcat.canterbury.ac.nz/maonze/transcript?ag_id=1026#ew_0_632619,0.14,140,4.941642423,,
2925,ia,g_1027;em_12_96262;n_108676-n_108677;p_190;#=ew_69_232718;prefix=79522-;[0]=ew_0_633078,R009M,PresentElder,13.24,13.1,https://labbcat.canterbury.ac.nz/maonze/transcript?ag_id=1027#ew_0_633078,0.14,140,4.941642423,,
2935,ia,g_1028;em_12_96325;n_108708-n_108709;p_190;#=ew_69_233113;prefix=79732-;[0]=ew_0_633884,R009M,PresentElder,73.187,73.047,https://labbcat.canterbury.ac.nz/maonze/transcript?ag_id=1028#ew_0_633884,0.14,140,4.941642423,,
2960,ia,g_1031;em_12_96451;n_108793-n_108794;p_190;#=ew_69_233937;prefix=80189-;[0]=ew_0_635678,R009M,PresentElder,16.087,15.947,https://labbcat.canterbury.ac.nz/maonze/transcript?ag_id=1031#ew_0_635678,0.14,140,4.941642423,,
2996,ia,g_1038;em_12_96801;n_109050-n_109051;p_193;#=ew_69_235022;prefix=81520-;[0]=ew_0_640420,R010M,PresentElder,28.063,27.923,https://labbcat.canterbury.ac.nz/maonze/transcript?ag_id=1038#ew_0_640420,0.14,140,4.941642423,,
2997,ia,g_1038;em_12_96818;n_109061-n_109062;p_193;#=ew_69_235127;prefix=81560-;[0]=ew_0_640558,R010M,PresentElder,77.658,77.518,https://labbcat.canterbury.ac.nz/maonze/transcript?ag_id=1038#ew_0_640558,0.14,140,4.941642423,,
2999,ia,g_1039;em_12_96917;n_17378-n_109123;p_193;#=ew_69_235553;prefix=81757-;[0]=ew_0_641419,R010M,PresentElder,97.678,97.538,https://labbcat.canterbury.ac.nz/maonze/transcript?ag_id=1039#ew_0_641419,0.14,140,4.941642423,,
3013,ia,g_1043;em_12_97346;n_17593-n_17594;p_193;#=ew_69_235754;prefix=82351-;[0]=ew_0_644583,R010M,PresentElder,71.92,71.78,https://labbcat.canterbury.ac.nz/maonze/transcript?ag_id=1043#ew_0_644583,0.14,140,4.941642423,,
3104,ia,g_1086;em_12_100395;n_111496-n_111497;p_208;#=ew_69_247410;prefix=93214-;[0]=ew_0_667769,WU07M,Historical,96.191,96.051,https://labbcat.canterbury.ac.nz/maonze/transcript?ag_id=1086#ew_0_667769,0.14,140,4.941642423,,
3109,ia,g_1087;em_12_100439;n_111538-n_111539;p_208;#=ew_69_247652;prefix=93305-;[0]=ew_0_668181,WU07M,Historical,24.805,24.665,https://labbcat.canterbury.ac.nz/maonze/transcript?ag_id=1087#ew_0_668181,0.14,140,4.941642423,,
3122,ia,g_1089;em_12_100539;n_111612-n_111613;p_208;#=ew_69_247673;prefix=93530-;[0]=ew_0_669154,WU07M,Historical,22.245,22.105,https://labbcat.canterbury.ac.nz/maonze/transcript?ag_id=1089#ew_0_669154,0.14,140,4.941642423,,
3227,ia,g_1209;em_12_109621;n_118406-n_118407;p_244;#=ew_69_243836;prefix=90476-;[0]=ew_0_729513,WU04M,Historical,82.824,82.684,https://labbcat.canterbury.ac.nz/maonze/transcript?ag_id=1209#ew_0_729513,0.14,140,4.941642423,,
3253,ia,g_1242;em_12_111631;n_21846-n_21847;p_249;#=ew_69_181260;prefix=30615-;[0]=ew_0_1227432,L1H06M,L1,81.654,81.514,https://labbcat.canterbury.ac.nz/maonze/transcript?ag_id=1242#ew_0_1227432,0.14,140,4.941642423,,
3396,ia,g_16;em_12_1242;n_31869-n_31870;p_19;#=ew_69_152236;prefix=02239-;[0]=ew_0_10810,K002M,PresentElder,98.505,98.365,https://labbcat.canterbury.ac.nz/maonze/transcript?ag_id=16#ew_0_10810,0.14,140,4.941642423,,
3422,ia,g_1622;em_12_132093;n_134511-n_134512;p_299;#=ew_69_191693;prefix=41095-;[0]=ew_0_935541,L2H01M,L2,111.377,111.237,https://labbcat.canterbury.ac.nz/maonze/transcript?ag_id=1622#ew_0_935541,0.14,140,4.941642423,,
3487,ia,g_1647;em_12_133597;n_135772-n_135773;p_300;#=ew_69_193357;prefix=42244-;[0]=ew_0_945780,L2H02M,L2,117.961,117.821,https://labbcat.canterbury.ac.nz/maonze/transcript?ag_id=1647#ew_0_945780,0.14,140,4.941642423,,
3561,ia,g_1673;em_12_163158;n_6398850-n_6398859;p_302;#=ew_69_198145;prefix=47297-;[0]=ew_0_1276292,L2H04M,L2,47.191,47.051,https://labbcat.canterbury.ac.nz/maonze/transcript?ag_id=1673#ew_0_1276292,0.14,140,4.941642423,,
3626,ia,g_1854;em_12_150559;n_4609593-n_4609600;p_97;#=ew_69_215387;prefix=63226-;[0]=ew_0_1125638,MU07M,Historical,52.644,52.504,https://labbcat.canterbury.ac.nz/maonze/transcript?ag_id=1854#ew_0_1125638,0.14,140,4.941642423,,
3632,ia,g_1857;em_12_150749;n_4612892-n_4612906;p_97;#=ew_69_215971;prefix=63402-;[0]=ew_0_1126759,MU07M,Historical,38.613,38.473,https://labbcat.canterbury.ac.nz/maonze/transcript?ag_id=1857#ew_0_1126759,0.14,140,4.941642423,,
3660,ia,g_1888;em_12_155438;n_5263418-n_5263438;p_334;#=ew_69_237712;prefix=83748-;[0]=ew_0_1174898,R011M,PresentElder,50.092,49.952,https://labbcat.canterbury.ac.nz/maonze/transcript?ag_id=1888#ew_0_1174898,0.14,140,4.941642423,,
3668,ia,g_1895;em_12_155800;n_5270303-n_5270317;p_334;#=ew_69_238513;prefix=84363-;[0]=ew_0_1180050,R011M,PresentElder,46.142,46.002,https://labbcat.canterbury.ac.nz/maonze/transcript?ag_id=1895#ew_0_1180050,0.14,140,4.941642423,,
3718,ia,g_1908;em_12_156808;n_5284333-n_5284356;p_333;#=ew_69_240999;prefix=86471-;[0]=ew_0_1191195,R012M,PresentElder,111.186,111.046,https://labbcat.canterbury.ac.nz/maonze/transcript?ag_id=1908#ew_0_1191195,0.14,140,4.941642423,,
3779,ia,g_1943;em_12_165623;n_6845782-n_6845795;p_19;#=ew_69_151814;prefix=02573-;[0]=ew_0_1295921,K002M,PresentElder,38.92,38.78,https://labbcat.canterbury.ac.nz/maonze/transcript?ag_id=1943#ew_0_1295921,0.14,140,4.941642423,,
3817,ia,g_22;em_12_1811;n_32428-n_32429;p_19;#=ew_69_153392;prefix=04096-;[0]=ew_0_15514,K002M,PresentElder,71.468,71.328,https://labbcat.canterbury.ac.nz/maonze/transcript?ag_id=22#ew_0_15514,0.14,140,4.941642423,,
3881,ia,g_318;em_12_148541;n_3841310-n_3841337;p_89;#=ew_69_187865;prefix=36851-;[0]=ew_0_1095088,L1Y04M,L1,114.529,114.389,https://labbcat.canterbury.ac.nz/maonze/transcript?ag_id=318#ew_0_1095088,0.14,140,4.941642423,,
4116,ia,g_463;em_12_47697;n_7983-n_69769;p_112;#=ew_69_160933;prefix=11588-;[0]=ew_0_298623,K006M,PresentElder,23.738,23.598,https://labbcat.canterbury.ac.nz/maonze/transcript?ag_id=463#ew_0_298623,0.14,140,4.941642423,,
4130,ia,g_468;em_12_48356;n_70360-n_70361;p_120;#=ew_69_166206;prefix=16243-;[0]=ew_0_301876,K008M,PresentElder,122.075,121.935,https://labbcat.canterbury.ac.nz/maonze/transcript?ag_id=468#ew_0_301876,0.14,140,4.941642423,,
4156,ia,g_480;em_12_49301;n_71201-n_8155;p_121;#=ew_69_168472;prefix=18131-;[0]=ew_0_308715,K009M,PresentElder,69.455,69.315,https://labbcat.canterbury.ac.nz/maonze/transcript?ag_id=480#ew_0_308715,0.14,140,4.941642423,,
4209,ia,g_495;em_12_51157;n_72581-n_8629;p_122;#=ew_69_170626;prefix=20276-;[0]=ew_0_318189,K010M,PresentElder,22.511,22.371,https://labbcat.canterbury.ac.nz/maonze/transcript?ag_id=495#ew_0_318189,0.14,140,4.941642423,,
4282,ia,g_599;em_12_64022;n_83620-n_83621;p_140;#=ew_69_189690;prefix=38663-;[0]=ew_0_381991,L1Y05M,L1,96.806,96.666,https://labbcat.canterbury.ac.nz/maonze/transcript?ag_id=599#ew_0_381991,0.14,140,4.941642423,,
4303,ia,g_604;em_12_64307;n_83900-n_83901;p_140;#=ew_69_191181;prefix=39566-;[0]=ew_0_385219,L1Y05M,L1,53.158,53.018,https://labbcat.canterbury.ac.nz/maonze/transcript?ag_id=604#ew_0_385219,0.14,140,4.941642423,,
4355,ia,g_625;em_12_65306;n_84826-n_84827;p_142;#=ew_69_183200;prefix=32764-;[0]=ew_0_396011,L1Y01M,L1,82.245,82.105,https://labbcat.canterbury.ac.nz/maonze/transcript?ag_id=625#ew_0_396011,0.14,140,4.941642423,,
4440,ia,g_668;em_12_70581;n_89370-n_89371;p_148;#=ew_69_208145;prefix=56038-;[0]=ew_0_423500,L2Y05M,L2,43.43,43.29,https://labbcat.canterbury.ac.nz/maonze/transcript?ag_id=668#ew_0_423500,0.14,140,4.941642423,,
4512,ia,g_855;em_12_85874;n_100869-n_100870;p_167;#=ew_69_172051;prefix=21675-;[0]=ew_0_544385,L1H01M,L1,98.555,98.415,https://labbcat.canterbury.ac.nz/maonze/transcript?ag_id=855#ew_0_544385,0.14,140,4.941642423,,
4597,ia,g_883;em_12_87831;n_102276-n_102277;p_169;#=ew_69_175763;prefix=25264-;[0]=ew_0_558350,L1H03M,L1,66.975,66.835,https://labbcat.canterbury.ac.nz/maonze/transcript?ag_id=883#ew_0_558350,0.14,140,4.941642423,,
4602,ia,g_886;em_12_88047;n_102386-n_102387;p_169;#=ew_69_175704;prefix=25479-;[0]=ew_0_559524,L1H03M,L1,70.847,70.707,https://labbcat.canterbury.ac.nz/maonze/transcript?ag_id=886#ew_0_559524,0.14,140,4.941642423,,
4604,ia,g_886;em_12_88062;n_102395-n_102396;p_169;#=ew_69_175713;prefix=25488-;[0]=ew_0_559612,L1H03M,L1,125.163,125.023,https://labbcat.canterbury.ac.nz/maonze/transcript?ag_id=886#ew_0_559612,0.14,140,4.941642423,,
4655,ia,g_899;em_12_88720;n_102942-n_102943;p_173;#=ew_69_177608;prefix=27236-;[0]=ew_0_566302,L1H04M,L1,102.846,102.706,https://labbcat.canterbury.ac.nz/maonze/transcript?ag_id=899#ew_0_566302,0.14,140,4.941642423,,
4669,ia,g_904;em_12_159836;n_5773803-n_5773813;p_174;#=ew_69_178346;prefix=27492-;[0]=ew_0_1224048,L1H05M,L1,108.304,108.164,https://labbcat.canterbury.ac.nz/maonze/transcript?ag_id=904#ew_0_1224048,0.14,140,4.941642423,,
4716,ia,g_930;em_12_90618;n_104433-n_7029538;p_179;#=ew_69_217986;prefix=65235-;[0]=ew_0_582136,R001M,PresentElder,71.221,71.081,https://labbcat.canterbury.ac.nz/maonze/transcript?ag_id=930#ew_0_582136,0.14,140,4.941642423,,
4726,ia,g_935;em_12_90832;n_104632-n_104633;p_179;#=ew_69_218259;prefix=65471-;[0]=ew_0_583142,R001M,PresentElder,23.39,23.25,https://labbcat.canterbury.ac.nz/maonze/transcript?ag_id=935#ew_0_583142,0.14,140,4.941642423,,
4734,ia,g_936;em_12_90921;n_104715-n_104716;p_179;#=ew_69_218190;prefix=65633-;[0]=ew_0_583704,R001M,PresentElder,8.875,8.735,https://labbcat.canterbury.ac.nz/maonze/transcript?ag_id=936#ew_0_583704,0.14,140,4.941642423,,
4754,ia,g_940;em_12_91301;n_105053-n_105054;p_179;#=ew_69_219259;prefix=66456-;[0]=ew_0_586577,R001M,PresentElder,121.815,121.675,https://labbcat.canterbury.ac.nz/maonze/transcript?ag_id=940#ew_0_586577,0.14,140,4.941642423,,
4758,ia,g_942;em_12_91449;n_105151-n_105152;p_179;#=ew_69_219414;prefix=66758-;[0]=ew_0_587662,R001M,PresentElder,83.41,83.27,https://labbcat.canterbury.ac.nz/maonze/transcript?ag_id=942#ew_0_587662,0.14,140,4.941642423,,
4797,ia,g_956;em_12_92054;n_105661-n_105662;p_181;#=ew_69_221036;prefix=68448-;[0]=ew_0_594906,R002M,PresentElder,112.318,112.178,https://labbcat.canterbury.ac.nz/maonze/transcript?ag_id=956#ew_0_594906,0.14,140,4.941642423,,
4883,ia,g_986;em_12_93893;n_106974-n_106975;p_182;#=ew_69_226189;prefix=72825-;[0]=ew_0_610321,R005M,PresentElder,106.852,106.712,https://labbcat.canterbury.ac.nz/maonze/transcript?ag_id=986#ew_0_610321,0.14,140,4.941642423,,
4888,ia,g_987;em_12_93937;n_107011-n_7043147;p_182;#=ew_69_226206;prefix=73008-;[0]=ew_0_610858,R005M,PresentElder,123.5,123.36,https://labbcat.canterbury.ac.nz/maonze/transcript?ag_id=987#ew_0_610858,0.14,140,4.941642423,,
4926,ia,g_995;em_12_94283;n_107305-n_107306;p_182;#=ew_69_226591;prefix=74078-;[0]=ew_0_615020,R005M,PresentElder,70.199,70.059,https://labbcat.canterbury.ac.nz/maonze/transcript?ag_id=995#ew_0_615020,0.14,140,4.941642423,,
4964,oa,g_1018;em_12_95942;n_17043-n_17044;p_188;#=ew_69_230442;prefix=77231-;[0]=ew_0_628630,R007M,PresentElder,100.316,100.176,https://labbcat.canterbury.ac.nz/maonze/transcript?ag_id=1018#ew_0_628630,0.14,140,4.941642423,,
5073,oa,g_1051;em_12_97716;n_109544-n_109545;p_203;#=ew_69_241684;prefix=87755-;[0]=ew_0_648842,WU02M,Historical,34.926,34.786,https://labbcat.canterbury.ac.nz/maonze/transcript?ag_id=1051#ew_0_648842,0.14,140,4.941642423,,
5091,oa,g_1074;em_12_99682;n_110891-n_110892;p_208;#=ew_69_245327;prefix=91651-;[0]=ew_0_661310,WU07M,Historical,34.685,34.545,https://labbcat.canterbury.ac.nz/maonze/transcript?ag_id=1074#ew_0_661310,0.14,140,4.941642423,,
5095,oa,g_1076;em_12_99810;n_111003-n_111004;p_208;#=ew_69_246136;prefix=91913-;[0]=ew_0_662549,WU07M,Historical,75.36,75.22,https://labbcat.canterbury.ac.nz/maonze/transcript?ag_id=1076#ew_0_662549,0.14,140,4.941642423,,
5124,oa,g_1086;em_12_100380;n_111481-n_111482;p_208;#=ew_69_247369;prefix=93178-;[0]=ew_0_667650,WU07M,Historical,47.273,47.133,https://labbcat.canterbury.ac.nz/maonze/transcript?ag_id=1086#ew_0_667650,0.14,140,4.941642423,,
5136,oa,g_1088;em_12_100527;n_111607-n_18450;p_208;#=ew_69_247619;prefix=93511-;[0]=ew_0_669064,WU07M,Historical,116.206,116.066,https://labbcat.canterbury.ac.nz/maonze/transcript?ag_id=1088#ew_0_669064,0.14,140,4.941642423,,
5173,oa,g_1200;em_12_108646;n_117450-n_117451;p_244;#=ew_69_242989;prefix=89090-;[0]=ew_0_724313,WU04M,Historical,107.59,107.45,https://labbcat.canterbury.ac.nz/maonze/transcript?ag_id=1200#ew_0_724313,0.14,140,4.941642423,,
5185,oa,g_1205;em_12_109193;n_117992-n_4689498;p_244;#=ew_69_244219;prefix=89789-;[0]=ew_0_727055,WU04M,Historical,20.846,20.706,https://labbcat.canterbury.ac.nz/maonze/transcript?ag_id=1205#ew_0_727055,0.14,140,4.941642423,,
5241,oa,g_134;em_12_9086;n_38563-n_38564;p_284;#=ew_69_209310;prefix=57284-;[0]=ew_0_87824,MU01M,Historical,45.394,45.254,https://labbcat.canterbury.ac.nz/maonze/transcript?ag_id=134#ew_0_87824,0.14,140,4.941642423,,
5263,oa,g_1384;em_12_118904;n_124400-n_124401;p_262;#=ew_69_248213;prefix=94062-;[0]=ew_0_820533,WU08M,Historical,57.947,57.807,https://labbcat.canterbury.ac.nz/maonze/transcript?ag_id=1384#ew_0_820533,0.14,140,4.941642423,,
5363,oa,g_1528;em_12_126316;n_130329-n_130330;p_287;#=ew_69_229398;prefix=76063-;[0]=ew_0_890051,R006M,PresentElder,110.519,110.379,https://labbcat.canterbury.ac.nz/maonze/transcript?ag_id=1528#ew_0_890051,0.14,140,4.941642423,,
5394,oa,g_1621;em_12_132006;n_134443-n_6993106;p_299;#=ew_69_191682;prefix=40986-;[0]=ew_0_934984,L2H01M,L2,100.957,100.817,https://labbcat.canterbury.ac.nz/maonze/transcript?ag_id=1621#ew_0_934984,0.14,140,4.941642423,,
5409,oa,g_1626;em_12_132382;n_26941-n_134717;p_299;#=ew_69_192750;prefix=41514-;[0]=ew_0_937467,L2H01M,L2,107.204,107.064,https://labbcat.canterbury.ac.nz/maonze/transcript?ag_id=1626#ew_0_937467,0.14,140,4.941642423,,
5494,oa,g_1669;em_12_134951;n_27470-n_136757;p_302;#=ew_69_198484;prefix=46729-;[0]=ew_0_956794,L2H04M,L2,79.772,79.632,https://labbcat.canterbury.ac.nz/maonze/transcript?ag_id=1669#ew_0_956794,0.14,140,4.941642423,,
5510,oa,g_1678;em_12_135388;n_137112-n_137113;p_307;#=ew_69_199804;prefix=48278-;[0]=ew_0_961069,L2H05M,L2,36.209,36.069,https://labbcat.canterbury.ac.nz/maonze/transcript?ag_id=1678#ew_0_961069,0.14,140,4.941642423,,
5790,oa,g_1947;em_12_166019;n_6850313-n_6850327;p_121;#=ew_69_168584;prefix=18365-;[0]=ew_0_1299146,K009M,PresentElder,67.471,67.331,https://labbcat.canterbury.ac.nz/maonze/transcript?ag_id=1947#ew_0_1299146,0.14,140,4.941642423,,
5815,oa,g_27;em_12_2218;n_32825-n_32826;p_19;#=ew_69_154771;prefix=05120-;[0]=ew_0_18743,K002M,PresentElder,70.725,70.585,https://labbcat.canterbury.ac.nz/maonze/transcript?ag_id=27#ew_0_18743,0.14,140,4.941642423,,
5863,oa,g_318;em_12_31008;n_55633-n_55635;p_89;#=ew_69_187815;prefix=36821-;[0]=ew_0_213265,L1Y04M,L1,63.174,63.034,https://labbcat.canterbury.ac.nz/maonze/transcript?ag_id=318#ew_0_213265,0.14,140,4.941642423,,
5903,oa,g_330;em_12_33212;n_57477-n_57478;p_85;#=ew_69_185381;prefix=34449-;[0]=ew_0_220483,L1Y02M,L1,122.061,121.921,https://labbcat.canterbury.ac.nz/maonze/transcript?ag_id=330#ew_0_220483,0.14,140,4.941642423,,
5915,oa,g_337;em_12_33373;n_57603-n_57604;p_85;#=ew_69_184802;prefix=33902-;[0]=ew_0_222556,L1Y02M,L1,71.664,71.524,https://labbcat.canterbury.ac.nz/maonze/transcript?ag_id=337#ew_0_222556,0.14,140,4.941642423,,
5956,oa,g_369;em_12_35859;n_59685-n_59686;p_92;#=ew_69_212951;prefix=60584-;[0]=ew_0_238092,MU04M,Historical,42.603,42.463,https://labbcat.canterbury.ac.nz/maonze/transcript?ag_id=369#ew_0_238092,0.14,140,4.941642423,,
5972,oa,g_372;em_12_36286;n_60102-n_4458730;p_92;#=ew_69_213628;prefix=61145-;[0]=ew_0_240659,MU04M,Historical,62.058,61.918,https://labbcat.canterbury.ac.nz/maonze/transcript?ag_id=372#ew_0_240659,0.14,140,4.941642423,,
5973,oa,g_372;em_12_36300;n_60116-n_4458743;p_92;#=ew_69_213644;prefix=61161-;[0]=ew_0_240724,MU04M,Historical,90.775,90.635,https://labbcat.canterbury.ac.nz/maonze/transcript?ag_id=372#ew_0_240724,0.14,140,4.941642423,,
6098,oa,g_484;em_12_49694;n_71514-n_71515;p_121;#=ew_69_168960;prefix=18899-;[0]=ew_0_311328,K009M,PresentElder,82.387,82.247,https://labbcat.canterbury.ac.nz/maonze/transcript?ag_id=484#ew_0_311328,0.14,140,4.941642423,,
6104,oa,g_489;em_12_50244;n_71938-n_71939;p_122;#=ew_69_169983;prefix=19472-;[0]=ew_0_314318,K010M,PresentElder,111.304,111.164,https://labbcat.canterbury.ac.nz/maonze/transcript?ag_id=489#ew_0_314318,0.14,140,4.941642423,,
6181,oa,g_602;em_12_64188;n_83783-n_83784;p_140;#=ew_69_190042;prefix=39109-;[0]=ew_0_383745,L1Y05M,L1,43.76,43.62,https://labbcat.canterbury.ac.nz/maonze/transcript?ag_id=602#ew_0_383745,0.14,140,4.941642423,,
6192,oa,g_605;em_12_64372;n_83964-n_83965;p_140;#=ew_69_190886;prefix=39829-;[0]=ew_0_386059,L1Y05M,L1,67.895,67.755,https://labbcat.canterbury.ac.nz/maonze/transcript?ag_id=605#ew_0_386059,0.14,140,4.941642423,,
6262,oa,g_632;em_12_66089;n_85549-n_85550;p_143;#=ew_69_203190;prefix=51480-;[0]=ew_0_401512,L2Y02M,L2,53.498,53.358,https://labbcat.canterbury.ac.nz/maonze/transcript?ag_id=632#ew_0_401512,0.14,140,4.941642423,,
6324,oa,g_664;em_12_70438;n_89233-n_89234;p_148;#=ew_69_207209;prefix=55314-;[0]=ew_0_421069,L2Y05M,L2,33.656,33.516,https://labbcat.canterbury.ac.nz/maonze/transcript?ag_id=664#ew_0_421069,0.14,140,4.941642423,,
6335,oa,g_669;em_12_70623;n_89405-n_89406;p_148;#=ew_69_208742;prefix=56248-;[0]=ew_0_424209,L2Y05M,L2,57.638,57.498,https://labbcat.canterbury.ac.nz/maonze/transcript?ag_id=669#ew_0_424209,0.14,140,4.941642423,,
6387,oa,g_859;em_12_86188;n_101162-n_101163;p_167;#=ew_69_172462;prefix=22324-;[0]=ew_0_546734,L1H01M,L1,50.063,49.923,https://labbcat.canterbury.ac.nz/maonze/transcript?ag_id=859#ew_0_546734,0.14,140,4.941642423,,
6402,oa,g_864;em_12_159586;n_5715832-n_5715839;p_168;#=ew_69_173649;prefix=23149-;[0]=ew_0_1220854,L1H02M,L1,17.035,16.895,https://labbcat.canterbury.ac.nz/maonze/transcript?ag_id=864#ew_0_1220854,0.14,140,4.941642423,,
6433,oa,g_873;em_12_87204;n_101867-n_101868;p_168;#=ew_69_174293;prefix=24419-;[0]=ew_0_554589,L1H02M,L1,90.399,90.259,https://labbcat.canterbury.ac.nz/maonze/transcript?ag_id=873#ew_0_554589,0.14,140,4.941642423,,
6437,oa,g_877;em_12_87398;n_102006-n_15015;p_169;#=ew_69_175311;prefix=24732-;[0]=ew_0_1225685,L1H03M,L1,51.51,51.37,https://labbcat.canterbury.ac.nz/maonze/transcript?ag_id=877#ew_0_1225685,0.14,140,4.941642423,,
6508,oa,g_909;em_12_89224;n_103272-n_15557;p_173;#=ew_69_176278;prefix=26313-;[0]=ew_0_571090,L1H04M,L1,49.805,49.665,https://labbcat.canterbury.ac.nz/maonze/transcript?ag_id=909#ew_0_571090,0.14,140,4.941642423,,
6537,oa,g_935;em_12_90832;n_104632-n_104633;p_179;#=ew_69_218261;prefix=65472-;[0]=ew_0_583143,R001M,PresentElder,23.61,23.47,https://labbcat.canterbury.ac.nz/maonze/transcript?ag_id=935#ew_0_583143,0.14,140,4.941642423,,
6540,oa,g_936;em_12_90933;n_104727-n_104728;p_179;#=ew_69_218209;prefix=65652-;[0]=ew_0_583776,R001M,PresentElder,34.929,34.789,https://labbcat.canterbury.ac.nz/maonze/transcript?ag_id=936#ew_0_583776,0.14,140,4.941642423,,
6577,oa,g_949;em_12_91727;n_105389-n_105390;p_181;#=ew_69_220480;prefix=67565-;[0]=ew_0_590597,R002M,PresentElder,99.671,99.531,https://labbcat.canterbury.ac.nz/maonze/transcript?ag_id=949#ew_0_590597,0.14,140,4.941642423,,
6580,oa,g_950;em_12_91779;n_105434-n_105435;p_181;#=ew_69_220334;prefix=67785-;[0]=ew_0_591360,R002M,PresentElder,110.234,110.094,https://labbcat.canterbury.ac.nz/maonze/transcript?ag_id=950#ew_0_591360,0.14,140,4.941642423,,
6592,oa,g_958;em_12_92106;n_105701-n_105702;p_183;#=ew_69_221572;prefix=68705-;[0]=ew_0_595280,R003M,PresentElder,44.181,44.041,https://labbcat.canterbury.ac.nz/maonze/transcript?ag_id=958#ew_0_595280,0.14,140,4.941642423,,
6605,oa,g_968;em_12_92779;n_7036355-n_106185;p_183;#=ew_69_223209;prefix=70211-;[0]=ew_0_601229,R003M,PresentElder,87.355,87.215,https://labbcat.canterbury.ac.nz/maonze/transcript?ag_id=968#ew_0_601229,0.14,140,4.941642423,,
6617,oa,g_972;em_12_92967;n_16231-n_106341;p_184;#=ew_69_223664;prefix=70653-;[0]=ew_0_602838,R004M,PresentElder,9.452,9.312,https://labbcat.canterbury.ac.nz/maonze/transcript?ag_id=972#ew_0_602838,0.14,140,4.941642423,,
6618,oa,g_972;em_12_92971;n_16233-n_106343;p_184;#=ew_69_223668;prefix=70655-;[0]=ew_0_602849,R004M,PresentElder,18.768,18.628,https://labbcat.canterbury.ac.nz/maonze/transcript?ag_id=972#ew_0_602849,0.14,140,4.941642423,,
6652,oa,g_981;em_12_93671;n_106804-n_106805;p_184;#=ew_69_224680;prefix=72065-;[0]=ew_0_608071,R004M,PresentElder,88.257,88.117,https://labbcat.canterbury.ac.nz/maonze/transcript?ag_id=981#ew_0_608071,0.14,140,4.941642423,,
6653,oa,g_981;em_12_93674;n_106807-n_106808;p_184;#=ew_69_224699;prefix=72071-;[0]=ew_0_608099,R004M,PresentElder,98.87,98.73,https://labbcat.canterbury.ac.nz/maonze/transcript?ag_id=981#ew_0_608099,0.14,140,4.941642423,,
6675,ua,g_10;em_12_695;n_31342-n_31343;p_28;#=ew_69_149794;prefix=00497-;[0]=ew_0_6239,K001M,PresentElder,59.297,59.157,https://labbcat.canterbury.ac.nz/maonze/transcript?ag_id=10#ew_0_6239,0.14,140,4.941642423,,
6726,ua,g_1010;em_12_95409;n_108308-n_16703;p_188;#=ew_69_230089;prefix=76430-;[0]=ew_0_624893,R007M,PresentElder,97.771,97.631,https://labbcat.canterbury.ac.nz/maonze/transcript?ag_id=1010#ew_0_624893,0.14,140,4.941642423,,
6770,ua,g_1019;em_12_95975;n_17076-n_17077;p_188;#=ew_69_230316;prefix=77288-;[0]=ew_0_628881,R007M,PresentElder,81.767,81.627,https://labbcat.canterbury.ac.nz/maonze/transcript?ag_id=1019#ew_0_628881,0.14,140,4.941642423,,
6797,ua,g_1023;em_12_96113;n_108571-n_17142;p_190;#=ew_69_232689;prefix=78956-;[0]=ew_0_630736,R009M,PresentElder,119.526,119.386,https://labbcat.canterbury.ac.nz/maonze/transcript?ag_id=1023#ew_0_630736,0.14,140,4.941642423,,
6803,ua,g_1024;em_12_96153;n_6702396-n_108603;p_190;#=ew_69_233126;prefix=79126-;[0]=ew_0_631387,R009M,PresentElder,119.117,118.977,https://labbcat.canterbury.ac.nz/maonze/transcript?ag_id=1024#ew_0_631387,0.14,140,4.941642423,,
6847,ua,g_1031;em_12_96476;n_108810-n_108811;p_190;#=ew_69_234166;prefix=80274-;[0]=ew_0_636011,R009M,PresentElder,125.653,125.513,https://labbcat.canterbury.ac.nz/maonze/transcript?ag_id=1031#ew_0_636011,0.14,140,4.941642423,,
6858,ua,g_1033;em_12_96550;n_108866-n_108867;p_190;#=ew_69_233645;prefix=80525-;[0]=ew_0_637134,R009M,PresentElder,89.634,89.494,https://labbcat.canterbury.ac.nz/maonze/transcript?ag_id=1033#ew_0_637134,0.14,140,4.941642423,,
6944,ua,g_1041;em_12_97099;n_109233-n_109234;p_193;#=ew_69_236090;prefix=82153-;[0]=ew_0_642981,R010M,PresentElder,120.215,120.075,https://labbcat.canterbury.ac.nz/maonze/transcript?ag_id=1041#ew_0_642981,0.14,140,4.941642423,,
6970,ua,g_1045;em_12_97429;n_109361-n_109362;p_193;#=ew_69_236360;prefix=82573-;[0]=ew_0_645782,R010M,PresentElder,51.067,50.927,https://labbcat.canterbury.ac.nz/maonze/transcript?ag_id=1045#ew_0_645782,0.14,140,4.941642423,,
6972,ua,g_1045;em_12_97436;n_109368-n_17608;p_193;#=ew_69_236417;prefix=82613-;[0]=ew_0_645903,R010M,PresentElder,92.629,92.489,https://labbcat.canterbury.ac.nz/maonze/transcript?ag_id=1045#ew_0_645903,0.14,140,4.941642423,,
7002,ua,g_1051;em_12_97729;n_109557-n_109558;p_203;#=ew_69_241720;prefix=87790-;[0]=ew_0_648926,WU02M,Historical,102.612,102.472,https://labbcat.canterbury.ac.nz/maonze/transcript?ag_id=1051#ew_0_648926,0.14,140,4.941642423,,
7050,ua,g_1073;em_12_99645;n_110858-n_110859;p_206;#=ew_69_245217;prefix=91538-;[0]=ew_0_660969,WU06M,Historical,20.183,20.043,https://labbcat.canterbury.ac.nz/maonze/transcript?ag_id=1073#ew_0_660969,0.14,140,4.941642423,,
7098,ua,g_1080;em_12_99996;n_111165-n_111166;p_208;#=ew_69_246524;prefix=92296-;[0]=ew_0_664132,WU07M,Historical,30.727,30.587,https://labbcat.canterbury.ac.nz/maonze/transcript?ag_id=1080#ew_0_664132,0.14,140,4.941642423,,
7230,ua,g_116;em_12_8323;n_37881-n_37882;p_43;#=ew_69_211877;prefix=58971-;[0]=ew_0_80625,MU02M,Historical,38.633,38.493,https://labbcat.canterbury.ac.nz/maonze/transcript?ag_id=116#ew_0_80625,0.14,140,4.941642423,,
7378,ua,g_1240;em_12_111468;n_21694-n_21695;p_249;#=ew_69_181110;prefix=30363-;[0]=ew_0_745194,L1H06M,L1,32.365,32.225,https://labbcat.canterbury.ac.nz/maonze/transcript?ag_id=1240#ew_0_745194,0.14,140,4.941642423,,
7430,ua,g_134;em_12_9086;n_38563-n_38564;p_284;#=ew_69_209308;prefix=57282-;[0]=ew_0_87820,MU01M,Historical,44.584,44.444,https://labbcat.canterbury.ac.nz/maonze/transcript?ag_id=134#ew_0_87820,0.14,140,4.941642423,,
7443,ua,g_137;em_12_9577;n_39050-n_39051;p_284;#=ew_69_210081;prefix=57588-;[0]=ew_0_92054,MU01M,Historical,37.87,37.73,https://labbcat.canterbury.ac.nz/maonze/transcript?ag_id=137#ew_0_92054,0.14,140,4.941642423,,
7444,ua,g_137;em_12_9585;n_39058-n_39059;p_284;#=ew_69_210134;prefix=57606-;[0]=ew_0_92159,MU01M,Historical,81.845,81.705,https://labbcat.canterbury.ac.nz/maonze/transcript?ag_id=137#ew_0_92159,0.14,140,4.941642423,,
7445,ua,g_137;em_12_9586;n_39059-n_39060;p_284;#=ew_69_210143;prefix=57609-;[0]=ew_0_92174,MU01M,Historical,87.514,87.374,https://labbcat.canterbury.ac.nz/maonze/transcript?ag_id=137#ew_0_92174,0.14,140,4.941642423,,
7471,ua,g_1372;em_12_118264;n_123811-n_6613434;p_287;#=ew_69_227803;prefix=74736-;[0]=ew_0_814235,R006M,PresentElder,118.133,117.993,https://labbcat.canterbury.ac.nz/maonze/transcript?ag_id=1372#ew_0_814235,0.14,140,4.941642423,,
7516,ua,g_1389;em_12_119083;n_4711654-n_124561;p_262;#=ew_69_249221;prefix=94726-;[0]=ew_0_823035,WU08M,Historical,115.06,114.92,https://labbcat.canterbury.ac.nz/maonze/transcript?ag_id=1389#ew_0_823035,0.14,140,4.941642423,,
7549,ua,g_1396;em_12_119310;n_124765-n_124766;p_262;#=ew_69_249873;prefix=95608-;[0]=ew_0_826427,WU08M,Historical,95.124,94.984,https://labbcat.canterbury.ac.nz/maonze/transcript?ag_id=1396#ew_0_826427,0.14,140,4.941642423,,
7581,ua,g_1514;em_12_125624;n_25209-n_129747;p_276;#=ew_69_241891;prefix=88197-;[0]=ew_0_881918,WU03M,Historical,24.625,24.485,https://labbcat.canterbury.ac.nz/maonze/transcript?ag_id=1514#ew_0_881918,0.14,140,4.941642423,,
7636,ua,g_1525;em_12_126186;n_130212-n_130213;p_287;#=ew_69_228693;prefix=75505-;[0]=ew_0_888034,R006M,PresentElder,75.799,75.659,https://labbcat.canterbury.ac.nz/maonze/transcript?ag_id=1525#ew_0_888034,0.14,140,4.941642423,,
7731,ua,g_1618;em_12_131797;n_26796-n_134277;p_299;#=ew_69_192285;prefix=40636-;[0]=ew_0_933345,L2H01M,L2,113.681,113.541,https://labbcat.canterbury.ac.nz/maonze/transcript?ag_id=1618#ew_0_933345,0.14,140,4.941642423,,
7793,ua,g_1629;em_12_132527;n_134801-n_134802;p_299;#=ew_69_192869;prefix=41761-;[0]=ew_0_938498,L2H01M,L2,59.27,59.13,https://labbcat.canterbury.ac.nz/maonze/transcript?ag_id=1629#ew_0_938498,0.14,140,4.941642423,,
7822,ua,g_1636;em_12_132892;n_135129-n_135130;p_288;#=ew_69_195237;prefix=44238-;[0]=ew_0_1275593,L2H03M,L2,67.017,66.877,https://labbcat.canterbury.ac.nz/maonze/transcript?ag_id=1636#ew_0_1275593,0.14,140,4.941642423,,
7827,ua,g_1637;em_12_132972;n_135204-n_135205;p_288;#=ew_69_195851;prefix=44361-;[0]=ew_0_940964,L2H03M,L2,108.21,108.07,https://labbcat.canterbury.ac.nz/maonze/transcript?ag_id=1637#ew_0_940964,0.14,140,4.941642423,,
7859,ua,g_1642;em_12_133287;n_135496-n_135497;p_288;#=ew_69_196377;prefix=45025-;[0]=ew_0_943407,L2H03M,L2,61.495,61.355,https://labbcat.canterbury.ac.nz/maonze/transcript?ag_id=1642#ew_0_943407,0.14,140,4.941642423,,
7902,ua,g_1649;em_12_133765;n_135890-n_135891;p_300;#=ew_69_193572;prefix=42535-;[0]=ew_0_946968,L2H02M,L2,116.638,116.498,https://labbcat.canterbury.ac.nz/maonze/transcript?ag_id=1649#ew_0_946968,0.14,140,4.941642423,,
7919,ua,g_1651;em_12_133902;n_135993-n_135994;p_300;#=ew_69_193769;prefix=42764-;[0]=ew_0_1275141,L2H02M,L2,13.391,13.251,https://labbcat.canterbury.ac.nz/maonze/transcript?ag_id=1651#ew_0_1275141,0.14,140,4.941642423,,
7937,ua,g_1655;em_12_134282;n_136256-n_136257;p_300;#=ew_69_194320;prefix=43321-;[0]=ew_0_949984,L2H02M,L2,74.018,73.878,https://labbcat.canterbury.ac.nz/maonze/transcript?ag_id=1655#ew_0_949984,0.14,140,4.941642423,,
8037,ua,g_1671;em_12_135015;n_136813-n_136808;p_302;#=ew_69_198784;prefix=47034-;[0]=ew_0_957870,L2H04M,L2,93.132,92.992,https://labbcat.canterbury.ac.nz/maonze/transcript?ag_id=1671#ew_0_957870,0.14,140,4.941642423,,
8088,ua,g_1688;em_12_136040;n_137515-n_27801;p_307;#=ew_69_199747;prefix=48011-;[0]=ew_0_965672,L2H05M,L2,55.297,55.157,https://labbcat.canterbury.ac.nz/maonze/transcript?ag_id=1688#ew_0_965672,0.14,140,4.941642423,,
8265,ua,g_1893;em_12_155726;n_5268336-n_5268351;p_334;#=ew_69_237899;prefix=84166-;[0]=ew_0_1178295,R011M,PresentElder,103.824,103.684,https://labbcat.canterbury.ac.nz/maonze/transcript?ag_id=1893#ew_0_1178295,0.14,140,4.941642423,,
8501,ua,g_1946;em_12_165984;n_6849434-n_6849446;p_121;#=ew_69_167554;prefix=17175-;[0]=ew_0_1298402,K009M,PresentElder,91.284,91.144,https://labbcat.canterbury.ac.nz/maonze/transcript?ag_id=1946#ew_0_1298402,0.14,140,4.941642423,,
8551,ua,g_27;em_12_2205;n_32812-n_32813;p_19;#=ew_69_154738;prefix=05091-;[0]=ew_0_18620,K002M,PresentElder,16.033,15.893,https://labbcat.canterbury.ac.nz/maonze/transcript?ag_id=27#ew_0_18620,0.14,140,4.941642423,,
8582,ua,g_305;em_12_29778;n_5449-n_54611;p_81;#=ew_69_186662;prefix=35074-;[0]=ew_0_1264626,L1Y03M,L1,121.722,121.582,https://labbcat.canterbury.ac.nz/maonze/transcript?ag_id=305#ew_0_1264626,0.14,140,4.941642423,,
8590,ua,g_306;em_12_29884;n_54702-n_54703;p_81;#=ew_69_186047;prefix=35270-;[0]=ew_0_1241124,L1Y03M,L1,55.331,55.191,https://labbcat.canterbury.ac.nz/maonze/transcript?ag_id=306#ew_0_1241124,0.14,140,4.941642423,,
8597,ua,g_307;em_12_160760;n_5999830-n_5999836;p_81;#=ew_69_186439;prefix=35542-;[0]=ew_0_1240878,L1Y03M,L1,110.133,109.993,https://labbcat.canterbury.ac.nz/maonze/transcript?ag_id=307#ew_0_1240878,0.14,140,4.941642423,,
8632,ua,g_315;em_12_30591;n_55236-n_55238;p_89;#=ew_69_187346;prefix=36433-;[0]=ew_0_1094547,L1Y04M,L1,98.964,98.824,https://labbcat.canterbury.ac.nz/maonze/transcript?ag_id=315#ew_0_1094547,0.14,140,4.941642423,,
8646,ua,g_318;em_12_30986;n_55611-n_55613;p_89;#=ew_69_187771;prefix=36799-;[0]=ew_0_1094538,L1Y04M,L1,37.661,37.521,https://labbcat.canterbury.ac.nz/maonze/transcript?ag_id=318#ew_0_1094538,0.14,140,4.941642423,,
8708,ua,g_326;em_12_33004;n_57301-n_57303;p_89;#=ew_69_188651;prefix=38091-;[0]=ew_0_218780,L1Y04M,L1,95.351,95.211,https://labbcat.canterbury.ac.nz/maonze/transcript?ag_id=326#ew_0_218780,0.14,140,4.941642423,,
8716,ua,g_330;em_12_33200;n_57465-n_57466;p_85;#=ew_69_185276;prefix=34400-;[0]=ew_0_1243120,L1Y02M,L1,47.489,47.349,https://labbcat.canterbury.ac.nz/maonze/transcript?ag_id=330#ew_0_1243120,0.14,140,4.941642423,,
8748,ua,g_338;em_12_171842;n_7087717-n_6032281;p_85;#=ew_69_185193;prefix=34358-;[0]=ew_0_1243187,L1Y02M,L1,116.928,116.788,https://labbcat.canterbury.ac.nz/maonze/transcript?ag_id=338#ew_0_1243187,0.14,140,4.941642423,,
8888,ua,g_378;em_12_37465;n_61268-n_4462723;p_94;#=ew_69_214560;prefix=61937-;[0]=ew_0_1235014,MU05M,Historical,105.748,105.608,https://labbcat.canterbury.ac.nz/maonze/transcript?ag_id=378#ew_0_1235014,0.14,140,4.941642423,,
8892,ua,g_380;em_12_37997;n_61799-n_61801;p_94;#=ew_69_214446;prefix=62052-;[0]=ew_0_245243,MU05M,Historical,103.463,103.323,https://labbcat.canterbury.ac.nz/maonze/transcript?ag_id=380#ew_0_245243,0.14,140,4.941642423,,
8897,ua,g_383;em_12_38509;n_62307-n_62308;p_95;#=ew_69_214965;prefix=62168-;[0]=ew_0_246331,MU06M,Historical,75.589,75.449,https://labbcat.canterbury.ac.nz/maonze/transcript?ag_id=383#ew_0_246331,0.14,140,4.941642423,,
8929,ua,g_41;em_12_3294;n_33663-n_33664;p_276;#=ew_69_242444;prefix=88485-;[0]=ew_0_27497,WU03M,Historical,84.097,83.957,https://labbcat.canterbury.ac.nz/maonze/transcript?ag_id=41#ew_0_27497,0.14,140,4.941642423,,
8995,ua,g_453;em_12_46891;n_69298-n_69299;p_110;#=ew_69_156946;prefix=07454-;[0]=ew_0_293690,K003M,PresentElder,12.987,12.847,https://labbcat.canterbury.ac.nz/maonze/transcript?ag_id=453#ew_0_293690,0.14,140,4.941642423,,
9083,ua,g_476;em_12_49120;n_71041-n_71042;p_121;#=ew_69_167046;prefix=17423-;[0]=ew_0_1258862,K009M,PresentElder,81.255,81.115,https://labbcat.canterbury.ac.nz/maonze/transcript?ag_id=476#ew_0_1258862,0.14,140,4.941642423,,
9102,ua,g_480;em_12_49309;n_71207-n_71208;p_121;#=ew_69_168514;prefix=18158-;[0]=ew_0_308814,K009M,PresentElder,119.35,119.21,https://labbcat.canterbury.ac.nz/maonze/transcript?ag_id=480#ew_0_308814,0.14,140,4.941642423,,
9141,ua,g_487;em_12_49890;n_71699-n_71700;p_122;#=ew_69_169379;prefix=19270-;[0]=ew_0_313047,K010M,PresentElder,107.63,107.49,https://labbcat.canterbury.ac.nz/maonze/transcript?ag_id=487#ew_0_313047,0.14,140,4.941642423,,
9144,ua,g_487;em_12_49893;n_71702-n_71703;p_122;#=ew_69_169384;prefix=19273-;[0]=ew_0_313057,K010M,PresentElder,114.43,114.29,https://labbcat.canterbury.ac.nz/maonze/transcript?ag_id=487#ew_0_313057,0.14,140,4.941642423,,
9176,ua,g_492;em_12_50701;n_8467-n_72287;p_122;#=ew_69_169739;prefix=19860-;[0]=ew_0_1098193,K010M,PresentElder,22.762,22.622,https://labbcat.canterbury.ac.nz/maonze/transcript?ag_id=492#ew_0_1098193,0.14,140,4.941642423,,
9199,ua,g_5;em_12_160;n_30825-n_30826;p_28;#=ew_69_150887;prefix=01756-;[0]=ew_0_1110716,K001M,PresentElder,95.348,95.208,https://labbcat.canterbury.ac.nz/maonze/transcript?ag_id=5#ew_0_1110716,0.14,140,4.941642423,,
9269,ua,g_59;em_12_162200;n_6219094-n_6219095;p_32;#=ew_69_159435;prefix=09754-;[0]=ew_0_1263807,K004M,PresentElder,70.253,70.113,https://labbcat.canterbury.ac.nz/maonze/transcript?ag_id=59#ew_0_1263807,0.14,140,4.941642423,,
9295,ua,g_600;em_12_64070;n_83667-n_83668;p_140;#=ew_69_189746;prefix=38770-;[0]=ew_0_382459,L1Y05M,L1,28.802,28.662,https://labbcat.canterbury.ac.nz/maonze/transcript?ag_id=600#ew_0_382459,0.14,140,4.941642423,,
9297,ua,g_600;em_12_64076;n_83673-n_83674;p_140;#=ew_69_189778;prefix=38786-;[0]=ew_0_1248652,L1Y05M,L1,65.197,65.057,https://labbcat.canterbury.ac.nz/maonze/transcript?ag_id=600#ew_0_1248652,0.14,140,4.941642423,,
9329,ua,g_604;em_12_64311;n_83904-n_83905;p_140;#=ew_69_191201;prefix=39575-;[0]=ew_0_385250,L1Y05M,L1,72.42,72.28,https://labbcat.canterbury.ac.nz/maonze/transcript?ag_id=604#ew_0_385250,0.14,140,4.941642423,,
9400,ua,g_614;em_12_64856;n_84420-n_84421;p_142;#=ew_69_181894;prefix=31475-;[0]=ew_0_390721,L1Y01M,L1,28.687,28.547,https://labbcat.canterbury.ac.nz/maonze/transcript?ag_id=614#ew_0_390721,0.14,140,4.941642423,,
9442,ua,g_621;em_12_65164;n_84711-n_84712;p_142;#=ew_69_183050;prefix=32303-;[0]=ew_0_1244932,L1Y01M,L1,97.621,97.481,https://labbcat.canterbury.ac.nz/maonze/transcript?ag_id=621#ew_0_1244932,0.14,140,4.941642423,,
9447,ua,g_623;em_12_65230;n_84773-n_84774;p_142;#=ew_69_183508;prefix=32456-;[0]=ew_0_395045,L1Y01M,L1,51.674,51.534,https://labbcat.canterbury.ac.nz/maonze/transcript?ag_id=623#ew_0_395045,0.14,140,4.941642423,,
9448,ua,g_623;em_12_65230;n_84773-n_84774;p_142;#=ew_69_183510;prefix=32458-;[0]=ew_0_395049,L1Y01M,L1,53.024,52.884,https://labbcat.canterbury.ac.nz/maonze/transcript?ag_id=623#ew_0_395049,0.14,140,4.941642423,,
9485,ua,g_626;em_12_65350;n_84869-n_84870;p_142;#=ew_69_183735;prefix=32922-;[0]=ew_0_396543,L1Y01M,L1,93.157,93.017,https://labbcat.canterbury.ac.nz/maonze/transcript?ag_id=626#ew_0_396543,0.14,140,4.941642423,,
9748,ua,g_671;em_12_70697;n_89475-n_89476;p_148;#=ew_69_208681;prefix=56569-;[0]=ew_0_425576,L2Y05M,L2,88.793,88.653,https://labbcat.canterbury.ac.nz/maonze/transcript?ag_id=671#ew_0_425576,0.14,140,4.941642423,,
9754,ua,g_672;em_12_70737;n_89506-n_89507;p_148;#=ew_69_208380;prefix=56707-;[0]=ew_0_426238,L2Y05M,L2,99.174,99.034,https://labbcat.canterbury.ac.nz/maonze/transcript?ag_id=672#ew_0_426238,0.14,140,4.941642423,,
9763,ua,g_77;em_12_5356;n_35451-n_35452;p_37;#=ew_69_160637;prefix=10286-;[0]=ew_0_1093204,K005M,PresentElder,11.037,10.897,https://labbcat.canterbury.ac.nz/maonze/transcript?ag_id=77#ew_0_1093204,0.14,140,4.941642423,,
9773,ua,g_8;em_12_467;n_31121-n_31122;p_28;#=ew_69_149647;prefix=01068-;[0]=ew_0_1231446,K001M,PresentElder,75.082,74.942,https://labbcat.canterbury.ac.nz/maonze/transcript?ag_id=8#ew_0_1231446,0.14,140,4.941642423,,
9786,ua,g_81;em_12_5564;n_35639-n_35640;p_37;#=ew_69_160248;prefix=10660-;[0]=ew_0_1092333,K005M,PresentElder,128.09,127.95,https://labbcat.canterbury.ac.nz/maonze/transcript?ag_id=81#ew_0_1092333,0.14,140,4.941642423,,
9788,ua,g_82;em_12_5609;n_35668-n_35669;p_37;#=ew_69_160123;prefix=10722-;[0]=ew_0_56138,K005M,PresentElder,121.739,121.599,https://labbcat.canterbury.ac.nz/maonze/transcript?ag_id=82#ew_0_56138,0.14,140,4.941642423,,
9796,ua,g_83;em_12_5642;n_35700-n_35701;p_37;#=ew_69_160271;prefix=10867-;[0]=ew_0_1092152,K005M,PresentElder,8.967,8.827,https://labbcat.canterbury.ac.nz/maonze/transcript?ag_id=83#ew_0_1092152,0.14,140,4.941642423,,
9798,ua,g_83;em_12_5645;n_35703-n_6951060;p_37;#=ew_69_160360;prefix=10895-;[0]=ew_0_56718,K005M,PresentElder,30.918,30.778,https://labbcat.canterbury.ac.nz/maonze/transcript?ag_id=83#ew_0_56718,0.14,140,4.941642423,,
9811,ua,g_848;em_12_85379;n_100396-n_100397;p_167;#=ew_69_170812;prefix=20645-;[0]=ew_0_540282,L1H01M,L1,59.694,59.554,https://labbcat.canterbury.ac.nz/maonze/transcript?ag_id=848#ew_0_540282,0.14,140,4.941642423,,
9875,ua,g_861;em_12_86279;n_101224-n_14705;p_168;#=ew_69_173169;prefix=22551-;[0]=ew_0_547360,L1H02M,L1,98.135,97.995,https://labbcat.canterbury.ac.nz/maonze/transcript?ag_id=861#ew_0_547360,0.14,140,4.941642423,,
9956,ua,g_87;em_12_5838;n_35884-n_35885;p_37;#=ew_69_160976;prefix=11491-;[0]=ew_0_1091971,K005M,PresentElder,5.953,5.813,https://labbcat.canterbury.ac.nz/maonze/transcript?ag_id=87#ew_0_1091971,0.14,140,4.941642423,,
9970,ua,g_871;em_12_87090;n_101774-n_101775;p_168;#=ew_69_173863;prefix=24234-;[0]=ew_0_553803,L1H02M,L1,42.757,42.617,https://labbcat.canterbury.ac.nz/maonze/transcript?ag_id=871#ew_0_553803,0.14,140,4.941642423,,
9986,ua,g_876;em_12_87321;n_101958-n_14987;p_169;#=ew_69_175056;prefix=24601-;[0]=ew_0_1225030,L1H03M,L1,44.326,44.186,https://labbcat.canterbury.ac.nz/maonze/transcript?ag_id=876#ew_0_1225030,0.14,140,4.941642423,,
10004,ua,g_878;em_12_87496;n_102065-n_102066;p_169;#=ew_69_174996;prefix=24856-;[0]=ew_0_556288,L1H03M,L1,117.026,116.886,https://labbcat.canterbury.ac.nz/maonze/transcript?ag_id=878#ew_0_556288,0.14,140,4.941642423,,
10111,ua,g_898;em_12_88650;n_102885-n_102886;p_174;#=ew_69_178573;prefix=27623-;[0]=ew_0_565664,L1H05M,L1,56.277,56.137,https://labbcat.canterbury.ac.nz/maonze/transcript?ag_id=898#ew_0_565664,0.14,140,4.941642423,,
10150,ua,g_903;em_12_159860;n_5773291-n_5773299;p_174;#=ew_69_177879;prefix=27365-;[0]=ew_0_1223690,L1H05M,L1,104.93,104.79,https://labbcat.canterbury.ac.nz/maonze/transcript?ag_id=903#ew_0_1223690,0.14,140,4.941642423,,
10163,ua,g_905;em_12_89041;n_103198-n_103199;p_173;#=ew_69_177235;prefix=26774-;[0]=ew_0_569221,L1H04M,L1,118.981,118.841,https://labbcat.canterbury.ac.nz/maonze/transcript?ag_id=905#ew_0_569221,0.14,140,4.941642423,,
10167,ua,g_906;em_12_89074;n_103219-n_15463;p_173;#=ew_69_176891;prefix=26651-;[0]=ew_0_569527,L1H04M,L1,24.428,24.288,https://labbcat.canterbury.ac.nz/maonze/transcript?ag_id=906#ew_0_569527,0.14,140,4.941642423,,
10201,ua,g_909;em_12_89237;n_103275-n_103276;p_173;#=ew_69_176304;prefix=26338-;[0]=ew_0_571257,L1H04M,L1,120.934,120.794,https://labbcat.canterbury.ac.nz/maonze/transcript?ag_id=909#ew_0_571257,0.14,140,4.941642423,,
10214,ua,g_911;em_12_89296;n_103301-n_103302;p_173;#=ew_69_176608;prefix=26078-;[0]=ew_0_572134,L1H04M,L1,48.337,48.197,https://labbcat.canterbury.ac.nz/maonze/transcript?ag_id=911#ew_0_572134,0.14,140,4.941642423,,
10238,ua,g_913;em_12_89379;n_15650-n_103334;p_173;#=ew_69_176443;prefix=25909-;[0]=ew_0_573292,L1H04M,L1,102.05,101.91,https://labbcat.canterbury.ac.nz/maonze/transcript?ag_id=913#ew_0_573292,0.14,140,4.941642423,,
10247,ua,g_915;em_12_89423;n_103354-n_103355;p_173;#=ew_69_176766;prefix=25774-;[0]=ew_0_573936,L1H04M,L1,123.674,123.534,https://labbcat.canterbury.ac.nz/maonze/transcript?ag_id=915#ew_0_573936,0.14,140,4.941642423,,
10311,ua,g_936;em_12_90959;n_104747-n_104748;p_179;#=ew_69_218256;prefix=65688-;[0]=ew_0_583906,R001M,PresentElder,82.682,82.542,https://labbcat.canterbury.ac.nz/maonze/transcript?ag_id=936#ew_0_583906,0.14,140,4.941642423,,
10373,ua,g_942;em_12_91455;n_105157-n_105158;p_179;#=ew_69_219435;prefix=66779-;[0]=ew_0_587721,R001M,PresentElder,107.052,106.912,https://labbcat.canterbury.ac.nz/maonze/transcript?ag_id=942#ew_0_587721,0.14,140,4.941642423,,
10394,ua,g_947;em_12_91641;n_105318-n_105319;p_181;#=ew_69_220748;prefix=67269-;[0]=ew_0_589415,R002M,PresentElder,118.384,118.244,https://labbcat.canterbury.ac.nz/maonze/transcript?ag_id=947#ew_0_589415,0.14,140,4.941642423,,
10453,ua,g_956;em_12_92056;n_105663-n_105664;p_181;#=ew_69_221048;prefix=68454-;[0]=ew_0_594922,R002M,PresentElder,122.903,122.763,https://labbcat.canterbury.ac.nz/maonze/transcript?ag_id=956#ew_0_594922,0.14,140,4.941642423,,
10467,ua,g_959;em_12_92188;n_105782-n_105783;p_183;#=ew_69_221927;prefix=68856-;[0]=ew_0_595881,R003M,PresentElder,72.645,72.505,https://labbcat.canterbury.ac.nz/maonze/transcript?ag_id=959#ew_0_595881,0.14,140,4.941642423,,
10474,ua,g_960;em_12_92236;n_105824-n_105825;p_183;#=ew_69_222210;prefix=69001-;[0]=ew_0_596427,R003M,PresentElder,26.678,26.538,https://labbcat.canterbury.ac.nz/maonze/transcript?ag_id=960#ew_0_596427,0.14,140,4.941642423,,
10500,ua,g_964;em_12_92513;n_106007-n_106008;p_183;#=ew_69_222952;prefix=69688-;[0]=ew_0_598944,R003M,PresentElder,26.151,26.011,https://labbcat.canterbury.ac.nz/maonze/transcript?ag_id=964#ew_0_598944,0.14,140,4.941642423,,
10546,ua,g_971;em_12_92938;n_106314-n_106315;p_184;#=ew_69_223576;prefix=70579-;[0]=ew_0_602558,R004M,PresentElder,111.338,111.198,https://labbcat.canterbury.ac.nz/maonze/transcript?ag_id=971#ew_0_602558,0.14,140,4.941642423,,
10566,ua,g_974;em_12_93154;n_106484-n_106485;p_184;#=ew_69_224217;prefix=71058-;[0]=ew_0_604260,R004M,PresentElder,116.001,115.861,https://labbcat.canterbury.ac.nz/maonze/transcript?ag_id=974#ew_0_604260,0.14,140,4.941642423,,
10677,ua,g_990;em_12_94058;n_107113-n_107114;p_182;#=ew_69_226787;prefix=73425-;[0]=ew_0_612292,R005M,PresentElder,63.56,63.42,https://labbcat.canterbury.ac.nz/maonze/transcript?ag_id=990#ew_0_612292,0.14,140,4.941642423,,
14,ea,g_1007;em_12_95245;n_16641-n_108206;p_284;#=ew_69_210428;prefix=58103-;[0]=ew_0_623425,MU01M,Historical,1.17,1.03,https://labbcat.canterbury.ac.nz/maonze/transcript?ag_id=1007#ew_0_623425,0.14,140,4.941642423,,
74,ea,g_1024;em_12_163724;n_6702367-n_6702371;p_190;#=ew_69_232963;prefix=79030-;[0]=ew_0_1282793,R009M,PresentElder,7.579,7.439,https://labbcat.canterbury.ac.nz/maonze/transcript?ag_id=1024#ew_0_1282793,0.14,140,4.941642423,,
76,ea,g_1024;em_12_96134;n_17148-n_108586;p_190;#=ew_69_232961;prefix=79028-;[0]=ew_0_631010,R009M,PresentElder,3.77,3.63,https://labbcat.canterbury.ac.nz/maonze/transcript?ag_id=1024#ew_0_631010,0.14,140,4.941642423,,
116,ea,g_1035;em_12_96617;n_17290-n_6740053;p_190;#=ew_69_234471;prefix=80829-;[0]=ew_0_638186,R009M,PresentElder,2.51,2.37,https://labbcat.canterbury.ac.nz/maonze/transcript?ag_id=1035#ew_0_638186,0.14,140,4.941642423,,
1396,ea,g_322;em_12_148706;n_3842156-n_3842182;p_89;#=ew_69_188999;prefix=37598-;[0]=ew_0_1095225,L1Y04M,L1,7.06,6.92,https://labbcat.canterbury.ac.nz/maonze/transcript?ag_id=322#ew_0_1095225,0.14,140,4.941642423,,
2475,ea,g_902;em_12_88874;n_15423-n_103062;p_173;#=ew_69_177374;prefix=26935-;[0]=ew_0_567429,L1H04M,L1,0.82,0.68,https://labbcat.canterbury.ac.nz/maonze/transcript?ag_id=902#ew_0_567429,0.14,140,4.941642423,,
2572,ea,g_941;em_12_91350;n_105077-n_105078;p_179;#=ew_69_219635;prefix=66547-;[0]=ew_0_586929,R001M,PresentElder,6.503,6.363,https://labbcat.canterbury.ac.nz/maonze/transcript?ag_id=941#ew_0_586929,0.14,140,4.941642423,,
2697,ea,g_971;em_12_92915;n_106291-n_106292;p_184;#=ew_69_223487;prefix=70493-;[0]=ew_0_602326,R004M,PresentElder,3.416,3.276,https://labbcat.canterbury.ac.nz/maonze/transcript?ag_id=971#ew_0_602326,0.14,140,4.941642423,,
3019,ia,g_1045;em_12_97422;n_109354-n_109355;p_193;#=ew_69_236320;prefix=82538-;[0]=ew_0_645665,R010M,PresentElder,7.963,7.823,https://labbcat.canterbury.ac.nz/maonze/transcript?ag_id=1045#ew_0_645665,0.14,140,4.941642423,,
4068,ia,g_448;em_12_46265;n_7610-n_68751;p_110;#=ew_69_155067;prefix=06281-;[0]=ew_0_288675,K003M,PresentElder,3.71,3.57,https://labbcat.canterbury.ac.nz/maonze/transcript?ag_id=448#ew_0_288675,0.14,140,4.941642423,,
4081,ia,g_450;em_12_46511;n_7620-n_68984;p_110;#=ew_69_156522;prefix=06615-;[0]=ew_0_290661,K003M,PresentElder,2.58,2.44,https://labbcat.canterbury.ac.nz/maonze/transcript?ag_id=450#ew_0_290661,0.14,140,4.941642423,,
4616,ia,g_891;em_12_88293;n_15331-n_102576;p_174;#=ew_69_178850;prefix=28785-;[0]=ew_0_561387,L1H05M,L1,2.01,1.87,https://labbcat.canterbury.ac.nz/maonze/transcript?ag_id=891#ew_0_561387,0.14,140,4.941642423,,
4832,ia,g_971;em_12_92915;n_106291-n_106292;p_184;#=ew_69_223491;prefix=70496-;[0]=ew_0_602337,R004M,PresentElder,6.436,6.296,https://labbcat.canterbury.ac.nz/maonze/transcript?ag_id=971#ew_0_602337,0.14,140,4.941642423,,
4931,oa,g_100;em_12_6973;n_742-n_36819;p_41;#=ew_69_162558;prefix=13265-;[0]=ew_0_68319,K007M,PresentElder,5.72,5.58,https://labbcat.canterbury.ac.nz/maonze/transcript?ag_id=100#ew_0_68319,0.14,140,4.941642423,,
5809,oa,g_24;em_12_1975;n_32590-n_32591;p_19;#=ew_69_154291;prefix=04507-;[0]=ew_0_16802,K002M,PresentElder,4.123,3.983,https://labbcat.canterbury.ac.nz/maonze/transcript?ag_id=24#ew_0_16802,0.14,140,4.941642423,,
6156,oa,g_57;em_12_3997;n_34323-n_34324;p_32;#=ew_69_158673;prefix=09158-;[0]=ew_0_38549,K004M,PresentElder,6.864,6.724,https://labbcat.canterbury.ac.nz/maonze/transcript?ag_id=57#ew_0_38549,0.14,140,4.941642423,,
6204,oa,g_610;em_12_64660;n_10389-n_84229;p_142;#=ew_69_181906;prefix=30950-;[0]=ew_0_388619,L1Y01M,L1,1.65,1.51,https://labbcat.canterbury.ac.nz/maonze/transcript?ag_id=610#ew_0_388619,0.14,140,4.941642423,,
6211,oa,g_612;em_12_64749;n_84315-n_84316;p_142;#=ew_69_182026;prefix=31203-;[0]=ew_0_389607,L1Y01M,L1,5.393,5.253,https://labbcat.canterbury.ac.nz/maonze/transcript?ag_id=612#ew_0_389607,0.14,140,4.941642423,,
6216,oa,g_616;em_12_64942;n_84504-n_84505;p_142;#=ew_69_182362;prefix=31689-;[0]=ew_0_391590,L1Y01M,L1,4.374,4.234,https://labbcat.canterbury.ac.nz/maonze/transcript?ag_id=616#ew_0_391590,0.14,140,4.941642423,,
6312,oa,g_660;em_12_69948;n_88797-n_88798;p_146;#=ew_69_206451;prefix=54817-;[0]=ew_0_418964,L2Y04M,L2,7.154,7.014,https://labbcat.canterbury.ac.nz/maonze/transcript?ag_id=660#ew_0_418964,0.14,140,4.941642423,,
8453,ua,g_1942;em_12_165550;n_6841579-n_6841604;p_41;#=ew_69_164766;prefix=14868-;[0]=ew_0_1295406,K007M,PresentElder,2.29,2.15,https://labbcat.canterbury.ac.nz/maonze/transcript?ag_id=1942#ew_0_1295406,0.14,140,4.941642423,,
1814,ea,g_53;em_12_3777;n_34109-n_34110;p_32;#=ew_69_157664;prefix=08266-;[0]=ew_0_35101,K004M,PresentElder,11.825,11.685,https://labbcat.canterbury.ac.nz/maonze/transcript?ag_id=53#ew_0_35101,0.14,140,4.941642423,,
2487,ea,g_906;em_12_89069;n_103218-n_15459;p_173;#=ew_69_176887;prefix=26648-;[0]=ew_0_569512,L1H04M,L1,15.774,15.634,https://labbcat.canterbury.ac.nz/maonze/transcript?ag_id=906#ew_0_569512,0.14,140,4.941642423,,
5018,oa,g_1033;em_12_96536;n_17274-n_108855;p_190;#=ew_69_233527;prefix=80465-;[0]=ew_0_636913,R009M,PresentElder,9.2,9.06,https://labbcat.canterbury.ac.nz/maonze/transcript?ag_id=1033#ew_0_636913,0.14,140,4.941642423,,
5225,oa,g_1243;em_12_111661;n_5825619-n_21869;p_249;#=ew_69_181159;prefix=30712-;[0]=ew_0_1228883,L1H06M,L1,11.068,10.928,https://labbcat.canterbury.ac.nz/maonze/transcript?ag_id=1243#ew_0_1228883,0.14,140,4.941642423,,
6468,oa,g_893;em_12_159840;n_5774245-n_5774257;p_174;#=ew_69_179277;prefix=28451-;[0]=ew_0_1223670,L1H05M,L1,14.1,13.96,https://labbcat.canterbury.ac.nz/maonze/transcript?ag_id=893#ew_0_1223670,0.14,140,4.941642423,,
7066,ua,g_1076;em_12_99795;n_110988-n_110989;p_208;#=ew_69_245986;prefix=91878-;[0]=ew_0_662397,WU07M,Historical,14.338,14.198,https://labbcat.canterbury.ac.nz/maonze/transcript?ag_id=1076#ew_0_662397,0.14,140,4.941642423,,
7873,ua,g_1644;em_12_133402;n_135605-n_135606;p_288;#=ew_69_196161;prefix=45278-;[0]=ew_0_944296,L2H03M,L2,15.604,15.464,https://labbcat.canterbury.ac.nz/maonze/transcript?ag_id=1644#ew_0_944296,0.14,140,4.941642423,,
10530,ua,g_97;em_12_6810;n_36658-n_36659;p_41;#=ew_69_163002;prefix=12604-;[0]=ew_0_65801,K007M,PresentElder,11.443,11.303,https://labbcat.canterbury.ac.nz/maonze/transcript?ag_id=97#ew_0_65801,0.14,140,4.941642423,,
1737,ea,g_490;em_12_50388;n_72037-n_8404;p_122;#=ew_69_170250;prefix=19573-;[0]=ew_0_314866,K010M,PresentElder,31.185,31.045,https://labbcat.canterbury.ac.nz/maonze/transcript?ag_id=490#ew_0_314866,0.14,140,4.941642423,,
2080,ea,g_649;em_12_67364;n_86542-n_86543;p_146;#=ew_69_205637;prefix=53659-;[0]=ew_0_413054,L2Y04M,L2,23.801,23.661,https://labbcat.canterbury.ac.nz/maonze/transcript?ag_id=649#ew_0_413054,0.14,140,4.941642423,,
4885,ia,g_987;em_12_93923;n_106997-n_106998;p_182;#=ew_69_225979;prefix=72954-;[0]=ew_0_610700,R005M,PresentElder,32.123,31.983,https://labbcat.canterbury.ac.nz/maonze/transcript?ag_id=987#ew_0_610700,0.14,140,4.941642423,,
4997,oa,g_1026;em_12_96223;n_108651-n_17172;p_190;#=ew_69_232365;prefix=79394-;[0]=ew_0_632494,R009M,PresentElder,31.592,31.452,https://labbcat.canterbury.ac.nz/maonze/transcript?ag_id=1026#ew_0_632494,0.14,140,4.941642423,,
5844,oa,g_312;em_12_30378;n_55083-n_5567;p_81;#=ew_69_186921;prefix=36137-;[0]=ew_0_210345,L1Y03M,L1,20.496,20.356,https://labbcat.canterbury.ac.nz/maonze/transcript?ag_id=312#ew_0_210345,0.14,140,4.941642423,,
8706,ua,g_326;em_12_32937;n_57242-n_57243;p_89;#=ew_69_188547;prefix=38048-;[0]=ew_0_218601,L1Y04M,L1,27.025,26.885,https://labbcat.canterbury.ac.nz/maonze/transcript?ag_id=326#ew_0_218601,0.14,140,4.941642423,,
3385,ia,g_1542;em_12_127037;n_130711-n_25646;p_291;#=ew_69_216458;prefix=63763-;[0]=ew_0_896871,MU09M,Historical,35.733,35.593,https://labbcat.canterbury.ac.nz/maonze/transcript?ag_id=1542#ew_0_896871,0.14,140,4.941642423,,
4893,ia,g_988;em_12_93976;n_107042-n_107043;p_182;#=ew_69_225696;prefix=73163-;[0]=ew_0_611333,R005M,PresentElder,63.91,63.77,https://labbcat.canterbury.ac.nz/maonze/transcript?ag_id=988#ew_0_611333,0.14,140,4.941642423,,
5245,oa,g_1371;em_12_118212;n_123762-n_23819;p_287;#=ew_69_228122;prefix=74876-;[0]=ew_0_813430,R006M,PresentElder,54.23,54.09,https://labbcat.canterbury.ac.nz/maonze/transcript?ag_id=1371#ew_0_813430,0.14,140,4.941642423,,
73,ea,g_1023;em_12_96122;n_108576-n_108577;p_190;#=ew_69_232719;prefix=78972-;[0]=ew_0_630794,R009M,PresentElder,168.058,167.918,https://labbcat.canterbury.ac.nz/maonze/transcript?ag_id=1023#ew_0_630794,0.14,140,4.941642423,,
103,ea,g_1030;em_12_96443;n_108788-n_108789;p_190;#=ew_69_234252;prefix=80156-;[0]=ew_0_635575,R009M,PresentElder,202.862,202.722,https://labbcat.canterbury.ac.nz/maonze/transcript?ag_id=1030#ew_0_635575,0.14,140,4.941642423,,
124,ea,g_1036;em_12_96687;n_108975-n_108976;p_193;#=ew_69_235079;prefix=81204-;[0]=ew_0_639236,R010M,PresentElder,154.285,154.145,https://labbcat.canterbury.ac.nz/maonze/transcript?ag_id=1036#ew_0_639236,0.14,140,4.941642423,,
128,ea,g_1037;em_12_96768;n_17331-n_109028;p_193;#=ew_69_235378;prefix=81441-;[0]=ew_0_640136,R010M,PresentElder,214.131,213.991,https://labbcat.canterbury.ac.nz/maonze/transcript?ag_id=1037#ew_0_640136,0.14,140,4.941642423,,
147,ea,g_104;em_12_7223;n_37064-n_37065;p_41;#=ew_69_164585;prefix=14295-;[0]=ew_0_72065,K007M,PresentElder,195.267,195.127,https://labbcat.canterbury.ac.nz/maonze/transcript?ag_id=104#ew_0_72065,0.14,140,4.941642423,,
159,ea,g_1040;em_12_97059;n_17424-n_109212;p_193;#=ew_69_234840;prefix=82051-;[0]=ew_0_642630,R010M,PresentElder,261.007,260.867,https://labbcat.canterbury.ac.nz/maonze/transcript?ag_id=1040#ew_0_642630,0.14,140,4.941642423,,
246,ea,g_1079;em_12_99986;n_4698851-n_111157;p_208;#=ew_69_246217;prefix=92287-;[0]=ew_0_664064,WU07M,Historical,164.909,164.769,https://labbcat.canterbury.ac.nz/maonze/transcript?ag_id=1079#ew_0_664064,0.14,140,4.941642423,,
304,ea,g_11;em_12_861;n_31507-n_31508;p_28;#=ew_69_149410;prefix=00439-;[0]=ew_0_7655,K001M,PresentElder,307.116,306.976,https://labbcat.canterbury.ac.nz/maonze/transcript?ag_id=11#ew_0_7655,0.14,140,4.941642423,,
322,ea,g_1199;em_12_108594;n_117401-n_117402;p_244;#=ew_69_243515;prefix=88999-;[0]=ew_0_724044,WU04M,Historical,241.6,241.46,https://labbcat.canterbury.ac.nz/maonze/transcript?ag_id=1199#ew_0_724044,0.14,140,4.941642423,,
339,ea,g_1201;em_12_108787;n_117590-n_117591;p_244;#=ew_69_243401;prefix=89324-;[0]=ew_0_725017,WU04M,Historical,190.262,190.122,https://labbcat.canterbury.ac.nz/maonze/transcript?ag_id=1201#ew_0_725017,0.14,140,4.941642423,,
476,ea,g_1371;em_12_118226;n_123774-n_123775;p_287;#=ew_69_228151;prefix=74905-;[0]=ew_0_813666,R006M,PresentElder,150.134,149.994,https://labbcat.canterbury.ac.nz/maonze/transcript?ag_id=1371#ew_0_813666,0.14,140,4.941642423,,
538,ea,g_15;em_12_1201;n_31829-n_31830;p_19;#=ew_69_151445;prefix=02133-;[0]=ew_0_10355,K002M,PresentElder,194.993,194.853,https://labbcat.canterbury.ac.nz/maonze/transcript?ag_id=15#ew_0_10355,0.14,140,4.941642423,,
740,ea,g_1648;em_12_133688;n_135836-n_135837;p_300;#=ew_69_193645;prefix=42409-;[0]=ew_0_946446,L2H02M,L2,152.527,152.387,https://labbcat.canterbury.ac.nz/maonze/transcript?ag_id=1648#ew_0_946446,0.14,140,4.941642423,,
777,ea,g_1655;em_12_134327;n_27324-n_136279;p_300;#=ew_69_194432;prefix=43364-;[0]=ew_0_950266,L2H02M,L2,192.313,192.173,https://labbcat.canterbury.ac.nz/maonze/transcript?ag_id=1655#ew_0_950266,0.14,140,4.941642423,,
859,ea,g_1671;em_12_135027;n_136819-n_6399614;p_302;#=ew_69_198811;prefix=47059-;[0]=ew_0_1276815,L2H04M,L2,136.361,136.221,https://labbcat.canterbury.ac.nz/maonze/transcript?ag_id=1671#ew_0_1276815,0.14,140,4.941642423,,
942,ea,g_1839;em_12_148929;n_3846803-n_3846818;p_49;#=ew_69_204165;prefix=52260-;[0]=ew_0_1100195,L2Y03M,L2,231.974,231.834,https://labbcat.canterbury.ac.nz/maonze/transcript?ag_id=1839#ew_0_1100195,0.14,140,4.941642423,,
975,ea,g_1844;em_12_149265;n_3851211-n_3851229;p_49;#=ew_69_204863;prefix=52984-;[0]=ew_0_1103931,L2Y03M,L2,265.883,265.743,https://labbcat.canterbury.ac.nz/maonze/transcript?ag_id=1844#ew_0_1103931,0.14,140,4.941642423,,
982,ea,g_1845;em_12_149319;n_3851939-n_3851959;p_49;#=ew_69_205043;prefix=53090-;[0]=ew_0_1104551,L2Y03M,L2,236.702,236.562,https://labbcat.canterbury.ac.nz/maonze/transcript?ag_id=1845#ew_0_1104551,0.14,140,4.941642423,,
997,ea,g_1846;em_12_149375;n_3852759-n_3852771;p_49;#=ew_69_205187;prefix=53225-;[0]=ew_0_1105250,L2Y03M,L2,155.04,154.9,https://labbcat.canterbury.ac.nz/maonze/transcript?ag_id=1846#ew_0_1105250,0.14,140,4.941642423,,
1055,ea,g_1888;em_12_155406;n_5264236-n_5264249;p_334;#=ew_69_237836;prefix=83840-;[0]=ew_0_1174620,R011M,PresentElder,289.99,289.85,https://labbcat.canterbury.ac.nz/maonze/transcript?ag_id=1888#ew_0_1174620,0.14,140,4.941642423,,
1124,ea,g_1909;em_12_156875;n_5285630-n_5285658;p_333;#=ew_69_241059;prefix=86654-;[0]=ew_0_1192216,R012M,PresentElder,186.402,186.262,https://labbcat.canterbury.ac.nz/maonze/transcript?ag_id=1909#ew_0_1192216,0.14,140,4.941642423,,
1128,ea,g_1910;em_12_156900;n_5286798-n_5286814;p_333;#=ew_69_240585;prefix=86769-;[0]=ew_0_1192538,R012M,PresentElder,202.713,202.573,https://labbcat.canterbury.ac.nz/maonze/transcript?ag_id=1910#ew_0_1192538,0.14,140,4.941642423,,
1164,ea,g_1942;em_12_165573;n_6842121-n_6842139;p_41;#=ew_69_164896;prefix=15096-;[0]=ew_0_1295442,K007M,PresentElder,148.195,148.055,https://labbcat.canterbury.ac.nz/maonze/transcript?ag_id=1942#ew_0_1295442,0.14,140,4.941642423,,
1206,ea,g_1947;em_12_166025;n_6850507-n_6850523;p_121;#=ew_69_168693;prefix=18420-;[0]=ew_0_1299325,K009M,PresentElder,138.795,138.655,https://labbcat.canterbury.ac.nz/maonze/transcript?ag_id=1947#ew_0_1299325,0.14,140,4.941642423,,
1210,ea,g_1947;em_12_166036;n_6850527-n_6850548;p_121;#=ew_69_168700;prefix=18425-;[0]=ew_0_1299139,K009M,PresentElder,150.345,150.205,https://labbcat.canterbury.ac.nz/maonze/transcript?ag_id=1947#ew_0_1299139,0.14,140,4.941642423,,
1217,ea,g_20;em_12_1621;n_32240-n_32241;p_19;#=ew_69_153787;prefix=03633-;[0]=ew_0_14055,K002M,PresentElder,152.325,152.185,https://labbcat.canterbury.ac.nz/maonze/transcript?ag_id=20#ew_0_14055,0.14,140,4.941642423,,
1220,ea,g_20;em_12_1675;n_32294-n_32295;p_19;#=ew_69_153978;prefix=03778-;[0]=ew_0_14457,K002M,PresentElder,345.183,345.043,https://labbcat.canterbury.ac.nz/maonze/transcript?ag_id=20#ew_0_14457,0.14,140,4.941642423,,
1258,ea,g_24;em_12_2057;n_32672-n_32673;p_19;#=ew_69_154521;prefix=04719-;[0]=ew_0_17491,K002M,PresentElder,314.402,314.262,https://labbcat.canterbury.ac.nz/maonze/transcript?ag_id=24#ew_0_17491,0.14,140,4.941642423,,
1262,ea,g_24;em_12_2081;n_32696-n_32697;p_19;#=ew_69_154602;prefix=04799-;[0]=ew_0_17709,K002M,PresentElder,401.839,401.699,https://labbcat.canterbury.ac.nz/maonze/transcript?ag_id=24#ew_0_17709,0.14,140,4.941642423,,
1263,ea,g_24;em_12_2084;n_32699-n_28931;p_19;#=ew_69_154611;prefix=04808-;[0]=ew_0_17727,K002M,PresentElder,410.661,410.521,https://labbcat.canterbury.ac.nz/maonze/transcript?ag_id=24#ew_0_17727,0.14,140,4.941642423,,
1274,ea,g_25;em_12_2178;n_32787-n_32788;p_19;#=ew_69_154261;prefix=05027-;[0]=ew_0_18443,K002M,PresentElder,314.913,314.773,https://labbcat.canterbury.ac.nz/maonze/transcript?ag_id=25#ew_0_18443,0.14,140,4.941642423,,
1301,ea,g_304;em_12_162355;n_6240829-n_6240831;p_81;#=ew_69_185853;prefix=35003-;[0]=ew_0_1265907,L1Y03M,L1,245.087,244.947,https://labbcat.canterbury.ac.nz/maonze/transcript?ag_id=304#ew_0_1265907,0.14,140,4.941642423,,
1331,ea,g_309;em_12_30126;n_5508-n_54901;p_81;#=ew_69_186006;prefix=35817-;[0]=ew_0_208281,L1Y03M,L1,134.975,134.835,https://labbcat.canterbury.ac.nz/maonze/transcript?ag_id=309#ew_0_208281,0.14,140,4.941642423,,
1348,ea,g_316;em_12_30706;n_55347-n_55348;p_89;#=ew_69_187482;prefix=36554-;[0]=ew_0_212090,L1Y04M,L1,160.706,160.566,https://labbcat.canterbury.ac.nz/maonze/transcript?ag_id=316#ew_0_212090,0.14,140,4.941642423,,
1357,ea,g_317;em_12_148883;n_3842493-n_3842515;p_89;#=ew_69_187714;prefix=36766-;[0]=ew_0_1097970,L1Y04M,L1,224.714,224.574,https://labbcat.canterbury.ac.nz/maonze/transcript?ag_id=317#ew_0_1097970,0.14,140,4.941642423,,
1393,ea,g_321;em_12_31673;n_56248-n_5690;p_89;#=ew_69_188166;prefix=37350-;[0]=ew_0_215348,L1Y04M,L1,201.51,201.37,https://labbcat.canterbury.ac.nz/maonze/transcript?ag_id=321#ew_0_215348,0.14,140,4.941642423,,
1417,ea,g_325;em_12_32775;n_57129-n_57131;p_89;#=ew_69_188593;prefix=37942-;[0]=ew_0_218083,L1Y04M,L1,112.064,111.924,https://labbcat.canterbury.ac.nz/maonze/transcript?ag_id=325#ew_0_218083,0.14,140,4.941642423,,
1419,ea,g_325;em_12_32888;n_57210-n_57212;p_89;#=ew_69_188782;prefix=38013-;[0]=ew_0_218447,L1Y04M,L1,236.738,236.598,https://labbcat.canterbury.ac.nz/maonze/transcript?ag_id=325#ew_0_218447,0.14,140,4.941642423,,
1441,ea,g_328;em_12_33160;n_57441-n_57442;p_85;#=ew_69_184593;prefix=33684-;[0]=ew_0_219868,L1Y02M,L1,161.67,161.53,https://labbcat.canterbury.ac.nz/maonze/transcript?ag_id=328#ew_0_219868,0.14,140,4.941642423,,
1469,ea,g_337;em_12_33384;n_57614-n_57615;p_85;#=ew_69_184848;prefix=33947-;[0]=ew_0_222726,L1Y02M,L1,141.207,141.067,https://labbcat.canterbury.ac.nz/maonze/transcript?ag_id=337#ew_0_222726,0.14,140,4.941642423,,
1541,ea,g_370;em_12_36055;n_59880-n_59881;p_92;#=ew_69_214122;prefix=61005-;[0]=ew_0_239348,MU04M,Historical,279.789,279.649,https://labbcat.canterbury.ac.nz/maonze/transcript?ag_id=370#ew_0_239348,0.14,140,4.941642423,,
1551,ea,g_378;em_12_150268;n_61402-n_4462549;p_94;#=ew_69_214644;prefix=62015-;[0]=ew_0_1121254,MU05M,Historical,275.133,274.993,https://labbcat.canterbury.ac.nz/maonze/transcript?ag_id=378#ew_0_1121254,0.14,140,4.941642423,,
1593,ea,g_447;em_12_169713;n_6945284-n_6945285;p_110;#=ew_69_155975;prefix=06198-;[0]=ew_0_1326495,K003M,PresentElder,257.96,257.82,https://labbcat.canterbury.ac.nz/maonze/transcript?ag_id=447#ew_0_1326495,0.14,140,4.941642423,,
1610,ea,g_452;em_12_161419;n_6126057-n_6126059;p_110;#=ew_69_157307;prefix=07436-;[0]=ew_0_1253807,K003M,PresentElder,235.279,235.139,https://labbcat.canterbury.ac.nz/maonze/transcript?ag_id=452#ew_0_1253807,0.14,140,4.941642423,,
1614,ea,g_452;em_12_161482;n_6126121-n_6126124;p_110;#=ew_69_157345;prefix=07397-;[0]=ew_0_1253490,K003M,PresentElder,390.632,390.492,https://labbcat.canterbury.ac.nz/maonze/transcript?ag_id=452#ew_0_1253490,0.14,140,4.941642423,,
1618,ea,g_452;em_12_46804;n_69237-n_69238;p_110;#=ew_69_157281;prefix=07346-;[0]=ew_0_293015,K003M,PresentElder,179.482,179.342,https://labbcat.canterbury.ac.nz/maonze/transcript?ag_id=452#ew_0_293015,0.14,140,4.941642423,,
1692,ea,g_476;em_12_161893;n_6176271-n_6176274;p_121;#=ew_69_167235;prefix=17483-;[0]=ew_0_1258607,K009M,PresentElder,227.19,227.05,https://labbcat.canterbury.ac.nz/maonze/transcript?ag_id=476#ew_0_1258607,0.14,140,4.941642423,,
1749,ea,g_492;em_12_50794;n_72357-n_72358;p_122;#=ew_69_170181;prefix=19973-;[0]=ew_0_316751,K010M,PresentElder,226.259,226.119,https://labbcat.canterbury.ac.nz/maonze/transcript?ag_id=492#ew_0_316751,0.14,140,4.941642423,,
1780,ea,g_5;em_12_218;n_30879-n_30880;p_28;#=ew_69_151038;prefix=01898-;[0]=ew_0_2486,K001M,PresentElder,262.572,262.432,https://labbcat.canterbury.ac.nz/maonze/transcript?ag_id=5#ew_0_2486,0.14,140,4.941642423,,
1781,ea,g_5;em_12_221;n_30882-n_30883;p_28;#=ew_69_151051;prefix=01908-;[0]=ew_0_2508,K001M,PresentElder,272.447,272.307,https://labbcat.canterbury.ac.nz/maonze/transcript?ag_id=5#ew_0_2508,0.14,140,4.941642423,,
1783,ea,g_5;em_12_236;n_30897-n_28912;p_28;#=ew_69_151136;prefix=01946-;[0]=ew_0_2612,K001M,PresentElder,320.614,320.474,https://labbcat.canterbury.ac.nz/maonze/transcript?ag_id=5#ew_0_2612,0.14,140,4.941642423,,
1788,ea,g_51;em_12_3712;n_34046-n_34047;p_32;#=ew_69_157465;prefix=07936-;[0]=ew_0_33932,K004M,PresentElder,190.557,190.417,https://labbcat.canterbury.ac.nz/maonze/transcript?ag_id=51#ew_0_33932,0.14,140,4.941642423,,
1803,ea,g_52;em_12_3758;n_34091-n_34092;p_32;#=ew_69_158104;prefix=08189-;[0]=ew_0_34775,K004M,PresentElder,256.01,255.87,https://labbcat.canterbury.ac.nz/maonze/transcript?ag_id=52#ew_0_34775,0.14,140,4.941642423,,
1840,ea,g_56;em_12_162031;n_6215582-n_6215583;p_32;#=ew_69_158472;prefix=09105-;[0]=ew_0_1260823,K004M,PresentElder,110.564,110.424,https://labbcat.canterbury.ac.nz/maonze/transcript?ag_id=56#ew_0_1260823,0.14,140,4.941642423,,
1856,ea,g_58;em_12_162176;n_6217251-n_6217252;p_32;#=ew_69_159704;prefix=09569-;[0]=ew_0_1262122,K004M,PresentElder,128.492,128.352,https://labbcat.canterbury.ac.nz/maonze/transcript?ag_id=58#ew_0_1262122,0.14,140,4.941642423,,
1897,ea,g_605;em_12_64389;n_83981-n_83982;p_140;#=ew_69_190947;prefix=39885-;[0]=ew_0_386284,L1Y05M,L1,167.815,167.675,https://labbcat.canterbury.ac.nz/maonze/transcript?ag_id=605#ew_0_386284,0.14,140,4.941642423,,
1898,ea,g_605;em_12_64405;n_83997-n_83998;p_140;#=ew_69_191006;prefix=39944-;[0]=ew_0_386471,L1Y05M,L1,246.683,246.543,https://labbcat.canterbury.ac.nz/maonze/transcript?ag_id=605#ew_0_386471,0.14,140,4.941642423,,
1996,ea,g_628;em_12_65495;n_84999-n_85000;p_143;#=ew_69_202445;prefix=50464-;[0]=ew_0_397690,L2Y02M,L2,133.512,133.372,https://labbcat.canterbury.ac.nz/maonze/transcript?ag_id=628#ew_0_397690,0.14,140,4.941642423,,
2002,ea,g_629;em_12_161290;n_6120064-n_6120071;p_143;#=ew_69_203060;prefix=50836-;[0]=ew_0_1251226,L2Y02M,L2,295.228,295.088,https://labbcat.canterbury.ac.nz/maonze/transcript?ag_id=629#ew_0_1251226,0.14,140,4.941642423,,
2017,ea,g_630;em_12_65897;n_85371-n_85372;p_143;#=ew_69_203732;prefix=51083-;[0]=ew_0_400020,L2Y02M,L2,276.453,276.313,https://labbcat.canterbury.ac.nz/maonze/transcript?ag_id=630#ew_0_400020,0.14,140,4.941642423,,
2138,ea,g_668;em_12_70586;n_89375-n_89376;p_148;#=ew_69_208183;prefix=56073-;[0]=ew_0_423594,L2Y05M,L2,80.814,80.674,https://labbcat.canterbury.ac.nz/maonze/transcript?ag_id=668#ew_0_423594,0.14,140,4.941642423,,
2152,ea,g_669;em_12_70645;n_89427-n_89428;p_148;#=ew_69_208885;prefix=56327-;[0]=ew_0_424616,L2Y05M,L2,238.487,238.347,https://labbcat.canterbury.ac.nz/maonze/transcript?ag_id=669#ew_0_424616,0.14,140,4.941642423,,
2209,ea,g_80;em_12_5535;n_35612-n_35613;p_37;#=ew_69_160254;prefix=10584-;[0]=ew_0_1092323,K005M,PresentElder,165.006,164.866,https://labbcat.canterbury.ac.nz/maonze/transcript?ag_id=80#ew_0_1092323,0.14,140,4.941642423,,
2220,ea,g_83;em_12_5662;n_35720-n_35721;p_37;#=ew_69_160519;prefix=10970-;[0]=ew_0_57007,K005M,PresentElder,135.183,135.043,https://labbcat.canterbury.ac.nz/maonze/transcript?ag_id=83#ew_0_57007,0.14,140,4.941642423,,
2223,ea,g_83;em_12_5686;n_35740-n_35741;p_37;#=ew_69_160617;prefix=11050-;[0]=ew_0_57399,K005M,PresentElder,288.351,288.211,https://labbcat.canterbury.ac.nz/maonze/transcript?ag_id=83#ew_0_57399,0.14,140,4.941642423,,
2251,ea,g_852;em_12_85667;n_100676-n_100677;p_167;#=ew_69_171050;prefix=21273-;[0]=ew_0_542773,L1H01M,L1,160.136,159.996,https://labbcat.canterbury.ac.nz/maonze/transcript?ag_id=852#ew_0_542773,0.14,140,4.941642423,,
2313,ea,g_863;em_12_159618;n_14752-n_5715441;p_168;#=ew_69_173012;prefix=22952-;[0]=ew_0_1221119,L1H02M,L1,165.027,164.887,https://labbcat.canterbury.ac.nz/maonze/transcript?ag_id=863#ew_0_1221119,0.14,140,4.941642423,,
2334,ea,g_867;em_12_159469;n_5655214-n_5655229;p_168;#=ew_69_174766;prefix=23720-;[0]=ew_0_1220192,L1H02M,L1,249.575,249.435,https://labbcat.canterbury.ac.nz/maonze/transcript?ag_id=867#ew_0_1220192,0.14,140,4.941642423,,
2467,ea,g_900;em_12_88811;n_103025-n_103026;p_173;#=ew_69_177793;prefix=27186-;[0]=ew_0_566919,L1H04M,L1,240.052,239.912,https://labbcat.canterbury.ac.nz/maonze/transcript?ag_id=900#ew_0_566919,0.14,140,4.941642423,,
2485,ea,g_905;em_12_89043;n_103200-n_103201;p_173;#=ew_69_177246;prefix=26779-;[0]=ew_0_569245,L1H04M,L1,128.594,128.454,https://labbcat.canterbury.ac.nz/maonze/transcript?ag_id=905#ew_0_569245,0.14,140,4.941642423,,
2527,ea,g_928;em_12_90467;n_104285-n_104286;p_179;#=ew_69_217928;prefix=64986-;[0]=ew_0_581315,R001M,PresentElder,295.006,294.866,https://labbcat.canterbury.ac.nz/maonze/transcript?ag_id=928#ew_0_581315,0.14,140,4.941642423,,
2634,ea,g_955;em_12_163341;n_6536285-n_6536287;p_181;#=ew_69_221378;prefix=68317-;[0]=ew_0_1278867,R002M,PresentElder,162.011,161.871,https://labbcat.canterbury.ac.nz/maonze/transcript?ag_id=955#ew_0_1278867,0.14,140,4.941642423,,
2678,ea,g_967;em_12_92741;n_7036276-n_16188;p_183;#=ew_69_223066;prefix=70145-;[0]=ew_0_601001,R003M,PresentElder,206.998,206.858,https://labbcat.canterbury.ac.nz/maonze/transcript?ag_id=967#ew_0_601001,0.14,140,4.941642423,,
2696,ea,g_970;em_12_92902;n_106279-n_106280;p_184;#=ew_69_223444;prefix=70455-;[0]=ew_0_602214,R004M,PresentElder,204.565,204.425,https://labbcat.canterbury.ac.nz/maonze/transcript?ag_id=970#ew_0_602214,0.14,140,4.941642423,,
2716,ea,g_972;em_12_93036;n_106397-n_106398;p_184;#=ew_69_224016;prefix=70778-;[0]=ew_0_603340,R004M,PresentElder,218.988,218.848,https://labbcat.canterbury.ac.nz/maonze/transcript?ag_id=972#ew_0_603340,0.14,140,4.941642423,,
2790,ea,g_982;em_12_93753;n_106859-n_106860;p_184;#=ew_69_225388;prefix=72240-;[0]=ew_0_608797,R004M,PresentElder,162.506,162.366,https://labbcat.canterbury.ac.nz/maonze/transcript?ag_id=982#ew_0_608797,0.14,140,4.941642423,,
2846,ia,g_10;em_12_718;n_31365-n_31366;p_28;#=ew_69_149928;prefix=00551-;[0]=ew_0_6441,K001M,PresentElder,141.726,141.586,https://labbcat.canterbury.ac.nz/maonze/transcript?ag_id=10#ew_0_6441,0.14,140,4.941642423,,
2847,ia,g_10;em_12_718;n_31365-n_31366;p_28;#=ew_69_149931;prefix=00553-;[0]=ew_0_6444,K001M,PresentElder,142.896,142.756,https://labbcat.canterbury.ac.nz/maonze/transcript?ag_id=10#ew_0_6444,0.14,140,4.941642423,,
2902,ia,g_1021;em_12_96051;n_17123-n_6670595;p_188;#=ew_69_230912;prefix=77517-;[0]=ew_0_629836,R007M,PresentElder,311.688,311.548,https://labbcat.canterbury.ac.nz/maonze/transcript?ag_id=1021#ew_0_629836,0.14,140,4.941642423,,
2913,ia,g_1024;em_12_96168;n_108613-n_108614;p_190;#=ew_69_233252;prefix=79187-;[0]=ew_0_631585,R009M,PresentElder,179.702,179.562,https://labbcat.canterbury.ac.nz/maonze/transcript?ag_id=1024#ew_0_631585,0.14,140,4.941642423,,
2965,ia,g_1031;em_12_96490;n_108822-n_108823;p_190;#=ew_69_234303;prefix=80320-;[0]=ew_0_636191,R009M,PresentElder,192.541,192.401,https://labbcat.canterbury.ac.nz/maonze/transcript?ag_id=1031#ew_0_636191,0.14,140,4.941642423,,
2967,ia,g_1031;em_12_96497;n_108829-n_29927;p_190;#=ew_69_234352;prefix=80346-;[0]=ew_0_636309,R009M,PresentElder,235.98,235.84,https://labbcat.canterbury.ac.nz/maonze/transcript?ag_id=1031#ew_0_636309,0.14,140,4.941642423,,
3009,ia,g_1041;em_12_97182;n_109253-n_109254;p_193;#=ew_69_236242;prefix=82195-;[0]=ew_0_643481,R010M,PresentElder,273.027,272.887,https://labbcat.canterbury.ac.nz/maonze/transcript?ag_id=1041#ew_0_643481,0.14,140,4.941642423,,
3256,ia,g_13;em_12_1016;n_31651-n_31652;p_19;#=ew_69_152650;prefix=03411-;[0]=ew_0_8914,K002M,PresentElder,160.766,160.626,https://labbcat.canterbury.ac.nz/maonze/transcript?ag_id=13#ew_0_8914,0.14,140,4.941642423,,
3289,ia,g_138;em_12_9639;n_39111-n_39112;p_284;#=ew_69_210110;prefix=57805-;[0]=ew_0_92913,MU01M,Historical,159.993,159.853,https://labbcat.canterbury.ac.nz/maonze/transcript?ag_id=138#ew_0_92913,0.14,140,4.941642423,,
3315,ia,g_139;em_12_9686;n_39157-n_39158;p_284;#=ew_69_210020;prefix=57936-;[0]=ew_0_93406,MU01M,Historical,145.505,145.365,https://labbcat.canterbury.ac.nz/maonze/transcript?ag_id=139#ew_0_93406,0.14,140,4.941642423,,
3401,ia,g_16;em_12_1294;n_31921-n_31922;p_19;#=ew_69_152366;prefix=02363-;[0]=ew_0_11328,K002M,PresentElder,338.671,338.531,https://labbcat.canterbury.ac.nz/maonze/transcript?ag_id=16#ew_0_11328,0.14,140,4.941642423,,
3634,ia,g_1868;em_12_153965;n_5221803-n_5221823;p_334;#=ew_69_237197;prefix=83547-;[0]=ew_0_1157916,R011M,PresentElder,202.004,201.864,https://labbcat.canterbury.ac.nz/maonze/transcript?ag_id=1868#ew_0_1157916,0.14,140,4.941642423,,
3635,ia,g_1868;em_12_153994;n_5221606-n_5221617;p_334;#=ew_69_237158;prefix=83567-;[0]=ew_0_1157241,R011M,PresentElder,144.375,144.235,https://labbcat.canterbury.ac.nz/maonze/transcript?ag_id=1868#ew_0_1157241,0.14,140,4.941642423,,
3636,ia,g_1868;em_12_154004;n_5221592-n_5221603;p_334;#=ew_69_237152;prefix=83601-;[0]=ew_0_1157279,R011M,PresentElder,140.539,140.399,https://labbcat.canterbury.ac.nz/maonze/transcript?ag_id=1868#ew_0_1157279,0.14,140,4.941642423,,
3654,ia,g_1888;em_12_155402;n_5264119-n_5264141;p_334;#=ew_69_237766;prefix=83802-;[0]=ew_0_1174345,R011M,PresentElder,255.558,255.418,https://labbcat.canterbury.ac.nz/maonze/transcript?ag_id=1888#ew_0_1174345,0.14,140,4.941642423,,
3665,ia,g_1894;em_12_155740;n_5269926-n_5269940;p_334;#=ew_69_238053;prefix=84205-;[0]=ew_0_1179201,R011M,PresentElder,259.652,259.512,https://labbcat.canterbury.ac.nz/maonze/transcript?ag_id=1894#ew_0_1179201,0.14,140,4.941642423,,
3741,ia,g_1911;em_12_156997;n_5288236-n_5288253;p_333;#=ew_69_240786;prefix=87074-;[0]=ew_0_1194029,R012M,PresentElder,310.063,309.923,https://labbcat.canterbury.ac.nz/maonze/transcript?ag_id=1911#ew_0_1194029,0.14,140,4.941642423,,
3784,ia,g_1944;em_12_165761;n_6847183-n_6847192;p_28;#=ew_69_150287;prefix=01414-;[0]=ew_0_1296531,K001M,PresentElder,168.702,168.562,https://labbcat.canterbury.ac.nz/maonze/transcript?ag_id=1944#ew_0_1296531,0.14,140,4.941642423,,
3820,ia,g_22;em_12_1862;n_32479-n_32480;p_19;#=ew_69_153663;prefix=04236-;[0]=ew_0_15944,K002M,PresentElder,286.394,286.254,https://labbcat.canterbury.ac.nz/maonze/transcript?ag_id=22#ew_0_15944,0.14,140,4.941642423,,
3963,ia,g_367;em_12_35612;n_59440-n_59442;p_92;#=ew_69_212495;prefix=60321-;[0]=ew_0_1123816,MU04M,Historical,174.619,174.479,https://labbcat.canterbury.ac.nz/maonze/transcript?ag_id=367#ew_0_1123816,0.14,140,4.941642423,,
3993,ia,g_375;em_12_36995;n_60802-n_60803;p_92;#=ew_69_213392;prefix=61600-;[0]=ew_0_1118047,MU04M,Historical,219.408,219.268,https://labbcat.canterbury.ac.nz/maonze/transcript?ag_id=375#ew_0_1118047,0.14,140,4.941642423,,
4006,ia,g_383;em_12_38568;n_62366-n_62367;p_95;#=ew_69_215040;prefix=62231-;[0]=ew_0_246590,MU06M,Historical,178.493,178.353,https://labbcat.canterbury.ac.nz/maonze/transcript?ag_id=383#ew_0_246590,0.14,140,4.941642423,,
4065,ia,g_448;em_12_161485;n_6125924-n_6125926;p_110;#=ew_69_155410;prefix=06456-;[0]=ew_0_1253664,K003M,PresentElder,254.462,254.322,https://labbcat.canterbury.ac.nz/maonze/transcript?ag_id=448#ew_0_1253664,0.14,140,4.941642423,,
4095,ia,g_452;em_12_161434;n_6126136-n_6126138;p_110;#=ew_69_157369;prefix=07421-;[0]=ew_0_1253226,K003M,PresentElder,415.603,415.463,https://labbcat.canterbury.ac.nz/maonze/transcript?ag_id=452#ew_0_1253226,0.14,140,4.941642423,,
4128,ia,g_467;em_12_48303;n_70308-n_70309;p_120;#=ew_69_166129;prefix=16184-;[0]=ew_0_301615,K008M,PresentElder,305.034,304.894,https://labbcat.canterbury.ac.nz/maonze/transcript?ag_id=467#ew_0_301615,0.14,140,4.941642423,,
4151,ia,g_479;em_12_49261;n_71169-n_71170;p_121;#=ew_69_168007;prefix=17991-;[0]=ew_0_308242,K009M,PresentElder,147.753,147.613,https://labbcat.canterbury.ac.nz/maonze/transcript?ag_id=479#ew_0_308242,0.14,140,4.941642423,,
4181,ia,g_484;em_12_49729;n_71549-n_71550;p_121;#=ew_69_169233;prefix=19036-;[0]=ew_0_311822,K009M,PresentElder,275.128,274.988,https://labbcat.canterbury.ac.nz/maonze/transcript?ag_id=484#ew_0_311822,0.14,140,4.941642423,,
4198,ia,g_491;em_12_50671;n_72265-n_72266;p_122;#=ew_69_169858;prefix=19846-;[0]=ew_0_316126,K010M,PresentElder,283.61,283.47,https://labbcat.canterbury.ac.nz/maonze/transcript?ag_id=491#ew_0_316126,0.14,140,4.941642423,,
4243,ia,g_55;em_12_161976;n_6214562-n_6214563;p_32;#=ew_69_158817;prefix=08890-;[0]=ew_0_1260209,K004M,PresentElder,188.69,188.55,https://labbcat.canterbury.ac.nz/maonze/transcript?ag_id=55#ew_0_1260209,0.14,140,4.941642423,,
4250,ia,g_55;em_12_162011;n_6214571-n_6214572;p_32;#=ew_69_158874;prefix=08918-;[0]=ew_0_1259785,K004M,PresentElder,235.756,235.616,https://labbcat.canterbury.ac.nz/maonze/transcript?ag_id=55#ew_0_1259785,0.14,140,4.941642423,,
4277,ia,g_598;em_12_63956;n_83555-n_83556;p_140;#=ew_69_189523;prefix=38504-;[0]=ew_0_381420,L1Y05M,L1,128.339,128.199,https://labbcat.canterbury.ac.nz/maonze/transcript?ag_id=598#ew_0_381420,0.14,140,4.941642423,,
4365,ia,g_630;em_12_65938;n_85410-n_85411;p_143;#=ew_69_203829;prefix=51175-;[0]=ew_0_1251350,L2Y02M,L2,377.335,377.195,https://labbcat.canterbury.ac.nz/maonze/transcript?ag_id=630#ew_0_1251350,0.14,140,4.941642423,,
4366,ia,g_630;em_12_65939;n_85411-n_85412;p_143;#=ew_69_203835;prefix=51181-;[0]=ew_0_1250724,L2Y02M,L2,380.335,380.195,https://labbcat.canterbury.ac.nz/maonze/transcript?ag_id=630#ew_0_1250724,0.14,140,4.941642423,,
4473,ia,g_76;em_12_160496;n_5958163-n_5958170;p_37;#=ew_69_159988;prefix=10238-;[0]=ew_0_1236221,K005M,PresentElder,266.383,266.243,https://labbcat.canterbury.ac.nz/maonze/transcript?ag_id=76#ew_0_1236221,0.14,140,4.941642423,,
4548,ia,g_863;em_12_86417;n_101320-n_14744;p_168;#=ew_69_172963;prefix=22892-;[0]=ew_0_548636,L1H02M,L1,93.826,93.686,https://labbcat.canterbury.ac.nz/maonze/transcript?ag_id=863#ew_0_548636,0.14,140,4.941642423,,
4571,ia,g_867;em_12_86797;n_101586-n_101587;p_168;#=ew_69_174786;prefix=23667-;[0]=ew_0_551716,L1H02M,L1,274.811,274.671,https://labbcat.canterbury.ac.nz/maonze/transcript?ag_id=867#ew_0_551716,0.14,140,4.941642423,,
4588,ia,g_876;em_12_87363;n_101986-n_101987;p_169;#=ew_69_175228;prefix=24661-;[0]=ew_0_555521,L1H03M,L1,181.826,181.686,https://labbcat.canterbury.ac.nz/maonze/transcript?ag_id=876#ew_0_555521,0.14,140,4.941642423,,
4672,ia,g_904;em_12_89010;n_103172-n_103173;p_174;#=ew_69_178433;prefix=27574-;[0]=ew_0_568931,L1H05M,L1,228.963,228.823,https://labbcat.canterbury.ac.nz/maonze/transcript?ag_id=904#ew_0_568931,0.14,140,4.941642423,,
4712,ia,g_928;em_12_90471;n_104289-n_104290;p_179;#=ew_69_217947;prefix=64994-;[0]=ew_0_581338,R001M,PresentElder,305.74,305.6,https://labbcat.canterbury.ac.nz/maonze/transcript?ag_id=928#ew_0_581338,0.14,140,4.941642423,,
4843,ia,g_972;em_12_93031;n_106392-n_106393;p_184;#=ew_69_223997;prefix=70772-;[0]=ew_0_603317,R004M,PresentElder,207.926,207.786,https://labbcat.canterbury.ac.nz/maonze/transcript?ag_id=972#ew_0_603317,0.14,140,4.941642423,,
4919,ia,g_991;em_12_94122;n_107167-n_107168;p_182;#=ew_69_226816;prefix=73667-;[0]=ew_0_613086,R005M,PresentElder,220.171,220.031,https://labbcat.canterbury.ac.nz/maonze/transcript?ag_id=991#ew_0_613086,0.14,140,4.941642423,,
4953,oa,g_1013;em_12_95670;n_16813-n_16814;p_188;#=ew_69_230061;prefix=76838-;[0]=ew_0_626687,R007M,PresentElder,251.093,250.953,https://labbcat.canterbury.ac.nz/maonze/transcript?ag_id=1013#ew_0_626687,0.14,140,4.941642423,,
4989,oa,g_1024;em_12_96176;n_108617-n_108618;p_190;#=ew_69_233302;prefix=79213-;[0]=ew_0_631705,R009M,PresentElder,219.403,219.263,https://labbcat.canterbury.ac.nz/maonze/transcript?ag_id=1024#ew_0_631705,0.14,140,4.941642423,,
5000,oa,g_1027;em_12_96304;n_108696-n_17205;p_190;#=ew_69_232929;prefix=79655-;[0]=ew_0_633642,R009M,PresentElder,197.986,197.846,https://labbcat.canterbury.ac.nz/maonze/transcript?ag_id=1027#ew_0_633642,0.14,140,4.941642423,,
5023,oa,g_1033;em_12_96564;n_108876-n_108877;p_190;#=ew_69_233712;prefix=80554-;[0]=ew_0_637287,R009M,PresentElder,164.083,163.943,https://labbcat.canterbury.ac.nz/maonze/transcript?ag_id=1033#ew_0_637287,0.14,140,4.941642423,,
5142,oa,g_1090;em_12_100616;n_111659-n_111660;p_208;#=ew_69_248044;prefix=93705-;[0]=ew_0_669818,WU07M,Historical,134.01,133.87,https://labbcat.canterbury.ac.nz/maonze/transcript?ag_id=1090#ew_0_669818,0.14,140,4.941642423,,
5169,oa,g_12;em_12_947;n_31583-n_31584;p_28;#=ew_69_149668;prefix=00180-;[0]=ew_0_8384,K001M,PresentElder,265.756,265.616,https://labbcat.canterbury.ac.nz/maonze/transcript?ag_id=12#ew_0_8384,0.14,140,4.941642423,,
5191,oa,g_1208;em_12_109565;n_118353-n_118354;p_244;#=ew_69_243672;prefix=90387-;[0]=ew_0_729178,WU04M,Historical,185.761,185.621,https://labbcat.canterbury.ac.nz/maonze/transcript?ag_id=1208#ew_0_729178,0.14,140,4.941642423,,
5236,oa,g_132;em_12_8955;n_38434-n_38435;p_284;#=ew_69_209225;prefix=56988-;[0]=ew_0_86557,MU01M,Historical,186.825,186.685,https://labbcat.canterbury.ac.nz/maonze/transcript?ag_id=132#ew_0_86557,0.14,140,4.941642423,,
5270,oa,g_1387;em_12_119024;n_124510-n_124511;p_262;#=ew_69_248870;prefix=94529-;[0]=ew_0_822261,WU08M,Historical,207.503,207.363,https://labbcat.canterbury.ac.nz/maonze/transcript?ag_id=1387#ew_0_822261,0.14,140,4.941642423,,
5317,oa,g_1518;em_12_125859;n_129923-n_129924;p_287;#=ew_69_227931;prefix=74219-;[0]=ew_0_884056,R006M,PresentElder,197.646,197.506,https://labbcat.canterbury.ac.nz/maonze/transcript?ag_id=1518#ew_0_884056,0.14,140,4.941642423,,
5482,oa,g_1665;em_12_134802;n_27446-n_136632;p_302;#=ew_69_197725;prefix=46191-;[0]=ew_0_954916,L2H04M,L2,157.801,157.661,https://labbcat.canterbury.ac.nz/maonze/transcript?ag_id=1665#ew_0_954916,0.14,140,4.941642423,,
5496,oa,g_1670;em_12_163162;n_6399243-n_30573;p_302;#=ew_69_198284;prefix=46990-;[0]=ew_0_1276554,L2H04M,L2,221.857,221.717,https://labbcat.canterbury.ac.nz/maonze/transcript?ag_id=1670#ew_0_1276554,0.14,140,4.941642423,,
5572,oa,g_1840;em_12_149006;n_3847789-n_3847804;p_49;#=ew_69_204710;prefix=52434-;[0]=ew_0_1101021,L2Y03M,L2,306.274,306.134,https://labbcat.canterbury.ac.nz/maonze/transcript?ag_id=1840#ew_0_1101021,0.14,140,4.941642423,,
5609,oa,g_1855;em_12_150619;n_4611063-n_4611078;p_97;#=ew_69_215902;prefix=63292-;[0]=ew_0_1126115,MU07M,Historical,159.707,159.567,https://labbcat.canterbury.ac.nz/maonze/transcript?ag_id=1855#ew_0_1126115,0.14,140,4.941642423,,
5635,oa,g_1888;em_12_155368;n_5264026-n_5264053;p_334;#=ew_69_237739;prefix=83775-;[0]=ew_0_1174672,R011M,PresentElder,234.981,234.841,https://labbcat.canterbury.ac.nz/maonze/transcript?ag_id=1888#ew_0_1174672,0.14,140,4.941642423,,
5667,oa,g_1898;em_12_156051;n_5275108-n_5275127;p_333;#=ew_69_238234;prefix=84894-;[0]=ew_0_1182988,R012M,PresentElder,148.552,148.412,https://labbcat.canterbury.ac.nz/maonze/transcript?ag_id=1898#ew_0_1182988,0.14,140,4.941642423,,
5679,oa,g_19;em_12_1574;n_32194-n_32195;p_19;#=ew_69_152965;prefix=03069-;[0]=ew_0_13759,K002M,PresentElder,404.558,404.418,https://labbcat.canterbury.ac.nz/maonze/transcript?ag_id=19#ew_0_13759,0.14,140,4.941642423,,
5714,oa,g_1908;em_12_156748;n_5284815-n_5284833;p_333;#=ew_69_241229;prefix=86393-;[0]=ew_0_1191103,R012M,PresentElder,268.072,267.932,https://labbcat.canterbury.ac.nz/maonze/transcript?ag_id=1908#ew_0_1191103,0.14,140,4.941642423,,
5727,oa,g_1909;em_12_156873;n_5285750-n_5285758;p_333;#=ew_69_241109;prefix=86679-;[0]=ew_0_1192408,R012M,PresentElder,223.637,223.497,https://labbcat.canterbury.ac.nz/maonze/transcript?ag_id=1909#ew_0_1192408,0.14,140,4.941642423,,
5803,oa,g_22;em_12_1840;n_32457-n_32458;p_19;#=ew_69_153562;prefix=04173-;[0]=ew_0_15745,K002M,PresentElder,187.628,187.488,https://labbcat.canterbury.ac.nz/maonze/transcript?ag_id=22#ew_0_15745,0.14,140,4.941642423,,
5839,oa,g_311;em_12_160645;n_5999438-n_5999582;p_81;#=ew_69_187240;prefix=36116-;[0]=ew_0_1238340,L1Y03M,L1,236.457,236.317,https://labbcat.canterbury.ac.nz/maonze/transcript?ag_id=311#ew_0_1238340,0.14,140,4.941642423,,
5934,oa,g_349;em_12_33788;n_57914-n_29245;p_87;#=ew_69_211454;prefix=59896-;[0]=ew_0_227504,MU03M,Historical,310.59,310.45,https://labbcat.canterbury.ac.nz/maonze/transcript?ag_id=349#ew_0_227504,0.14,140,4.941642423,,
5967,oa,g_370;em_12_36099;n_59924-n_59925;p_92;#=ew_69_214285;prefix=61087-;[0]=ew_0_239612,MU04M,Historical,410.926,410.786,https://labbcat.canterbury.ac.nz/maonze/transcript?ag_id=370#ew_0_239612,0.14,140,4.941642423,,
5975,oa,g_372;em_12_36344;n_4458811-n_60161;p_92;#=ew_69_213718;prefix=61204-;[0]=ew_0_240897,MU04M,Historical,170.607,170.467,https://labbcat.canterbury.ac.nz/maonze/transcript?ag_id=372#ew_0_240897,0.14,140,4.941642423,,
6032,oa,g_447;em_12_46245;n_68731-n_68732;p_110;#=ew_69_156069;prefix=06234-;[0]=ew_0_288492,K003M,PresentElder,298.634,298.494,https://labbcat.canterbury.ac.nz/maonze/transcript?ag_id=447#ew_0_288492,0.14,140,4.941642423,,
6038,oa,g_450;em_12_169776;n_6946242-n_6946243;p_110;#=ew_69_156900;prefix=06902-;[0]=ew_0_1327038,K003M,PresentElder,372.602,372.462,https://labbcat.canterbury.ac.nz/maonze/transcript?ag_id=450#ew_0_1327038,0.14,140,4.941642423,,
6066,oa,g_469;em_12_48557;n_70534-n_70535;p_120;#=ew_69_166418;prefix=16452-;[0]=ew_0_302833,K008M,PresentElder,258.289,258.149,https://labbcat.canterbury.ac.nz/maonze/transcript?ag_id=469#ew_0_302833,0.14,140,4.941642423,,
6096,oa,g_483;em_12_49597;n_8213-n_8214;p_121;#=ew_69_168211;prefix=18747-;[0]=ew_0_310759,K009M,PresentElder,141.182,141.042,https://labbcat.canterbury.ac.nz/maonze/transcript?ag_id=483#ew_0_310759,0.14,140,4.941642423,,
6149,oa,g_54;em_12_161941;n_6213634-n_6213613;p_32;#=ew_69_158263;prefix=08694-;[0]=ew_0_1258981,K004M,PresentElder,164.486,164.346,https://labbcat.canterbury.ac.nz/maonze/transcript?ag_id=54#ew_0_1258981,0.14,140,4.941642423,,
6151,oa,g_56;em_12_162030;n_6215594-n_6215595;p_32;#=ew_69_158529;prefix=09041-;[0]=ew_0_1260826,K004M,PresentElder,195.113,194.973,https://labbcat.canterbury.ac.nz/maonze/transcript?ag_id=56#ew_0_1260826,0.14,140,4.941642423,,
6226,oa,g_618;em_12_65060;n_84618-n_29514;p_142;#=ew_69_182912;prefix=32029-;[0]=ew_0_392998,L1Y01M,L1,173.914,173.774,https://labbcat.canterbury.ac.nz/maonze/transcript?ag_id=618#ew_0_392998,0.14,140,4.941642423,,
6303,oa,g_645;em_12_67199;n_86409-n_10736;p_145;#=ew_69_202095;prefix=50273-;[0]=ew_0_411879,L2Y01M,L2,260.481,260.341,https://labbcat.canterbury.ac.nz/maonze/transcript?ag_id=645#ew_0_411879,0.14,140,4.941642423,,
6385,oa,g_858;em_12_86154;n_101131-n_101132;p_167;#=ew_69_172380;prefix=22264-;[0]=ew_0_546473,L1H01M,L1,270.02,269.88,https://labbcat.canterbury.ac.nz/maonze/transcript?ag_id=858#ew_0_546473,0.14,140,4.941642423,,
6420,oa,g_869;em_12_86982;n_101703-n_29765;p_168;#=ew_69_174616;prefix=24060-;[0]=ew_0_553027,L1H02M,L1,252.647,252.507,https://labbcat.canterbury.ac.nz/maonze/transcript?ag_id=869#ew_0_553027,0.14,140,4.941642423,,
6463,oa,g_890;em_12_88287;n_102570-n_102571;p_174;#=ew_69_179096;prefix=28993-;[0]=ew_0_1223973,L1H05M,L1,157.089,156.949,https://labbcat.canterbury.ac.nz/maonze/transcript?ag_id=890#ew_0_1223973,0.14,140,4.941642423,,
6520,oa,g_926;em_12_90277;n_104097-n_104098;p_179;#=ew_69_217650;prefix=64635-;[0]=ew_0_580129,R001M,PresentElder,255.363,255.223,https://labbcat.canterbury.ac.nz/maonze/transcript?ag_id=926#ew_0_580129,0.14,140,4.941642423,,
6567,oa,g_947;em_12_91664;n_105339-n_105340;p_181;#=ew_69_220845;prefix=67358-;[0]=ew_0_589745,R002M,PresentElder,265.387,265.247,https://labbcat.canterbury.ac.nz/maonze/transcript?ag_id=947#ew_0_589745,0.14,140,4.941642423,,
6730,ua,g_1010;em_12_95436;n_108321-n_108322;p_188;#=ew_69_230192;prefix=76481-;[0]=ew_0_625078,R007M,PresentElder,190.176,190.036,https://labbcat.canterbury.ac.nz/maonze/transcript?ag_id=1010#ew_0_625078,0.14,140,4.941642423,,
6744,ua,g_1013;em_12_95630;n_108442-n_108443;p_188;#=ew_69_229891;prefix=76800-;[0]=ew_0_626479,R007M,PresentElder,137.523,137.383,https://labbcat.canterbury.ac.nz/maonze/transcript?ag_id=1013#ew_0_626479,0.14,140,4.941642423,,
6767,ua,g_1018;em_12_95954;n_17055-n_17056;p_188;#=ew_69_230463;prefix=77252-;[0]=ew_0_628714,R007M,PresentElder,137.726,137.586,https://labbcat.canterbury.ac.nz/maonze/transcript?ag_id=1018#ew_0_628714,0.14,140,4.941642423,,
6777,ua,g_102;em_12_162940;n_6285999-n_6286004;p_41;#=ew_69_163535;prefix=13821-;[0]=ew_0_1273950,K007M,PresentElder,142.529,142.389,https://labbcat.canterbury.ac.nz/maonze/transcript?ag_id=102#ew_0_1273950,0.14,140,4.941642423,,
6853,ua,g_1032;em_12_163746;n_6739984-n_6739989;p_190;#=ew_69_233584;prefix=80460-;[0]=ew_0_1283109,R009M,PresentElder,222.547,222.407,https://labbcat.canterbury.ac.nz/maonze/transcript?ag_id=1032#ew_0_1283109,0.14,140,4.941642423,,
6989,ua,g_1048;em_12_97594;n_4016237-n_109489;p_193;#=ew_69_236820;prefix=83112-;[0]=ew_0_647689,R010M,PresentElder,222.368,222.228,https://labbcat.canterbury.ac.nz/maonze/transcript?ag_id=1048#ew_0_647689,0.14,140,4.941642423,,
7016,ua,g_107;em_12_163116;n_6288651-n_6288654;p_41;#=ew_69_164496;prefix=14686-;[0]=ew_0_1270541,K007M,PresentElder,232.88,232.74,https://labbcat.canterbury.ac.nz/maonze/transcript?ag_id=107#ew_0_1270541,0.14,140,4.941642423,,
7161,ua,g_1087;em_12_100476;n_18434-n_111572;p_208;#=ew_69_247867;prefix=93408-;[0]=ew_0_668567,WU07M,Historical,166.565,166.425,https://labbcat.canterbury.ac.nz/maonze/transcript?ag_id=1087#ew_0_668567,0.14,140,4.941642423,,
7248,ua,g_116;em_12_8458;n_38016-n_38017;p_43;#=ew_69_212235;prefix=59308-;[0]=ew_0_1114159,MU02M,Historical,561.434,561.294,https://labbcat.canterbury.ac.nz/maonze/transcript?ag_id=116#ew_0_1114159,0.14,140,4.941642423,,
7304,ua,g_1203;em_12_109014;n_117815-n_117816;p_244;#=ew_69_244213;prefix=89683-;[0]=ew_0_726082,WU04M,Historical,149.986,149.846,https://labbcat.canterbury.ac.nz/maonze/transcript?ag_id=1203#ew_0_726082,0.14,140,4.941642423,,
7345,ua,g_1232;em_12_110972;n_21248-n_21249;p_249;#=ew_69_180048;prefix=29709-;[0]=ew_0_741070,L1H06M,L1,203.743,203.603,https://labbcat.canterbury.ac.nz/maonze/transcript?ag_id=1232#ew_0_741070,0.14,140,4.941642423,,
7350,ua,g_1233;em_12_111024;n_119174-n_5824691;p_249;#=ew_69_180821;prefix=29826-;[0]=ew_0_1228275,L1H06M,L1,191.057,190.917,https://labbcat.canterbury.ac.nz/maonze/transcript?ag_id=1233#ew_0_1228275,0.14,140,4.941642423,,
7421,ua,g_132;em_12_8968;n_38447-n_38448;p_284;#=ew_69_209266;prefix=57027-;[0]=ew_0_86698,MU01M,Historical,242.386,242.246,https://labbcat.canterbury.ac.nz/maonze/transcript?ag_id=132#ew_0_86698,0.14,140,4.941642423,,
7425,ua,g_133;em_12_9003;n_38481-n_38482;p_284;#=ew_69_209425;prefix=57090-;[0]=ew_0_87016,MU01M,Historical,148.089,147.949,https://labbcat.canterbury.ac.nz/maonze/transcript?ag_id=133#ew_0_87016,0.14,140,4.941642423,,
7435,ua,g_134;em_12_9150;n_38627-n_38628;p_284;#=ew_69_209689;prefix=57448-;[0]=ew_0_88430,MU01M,Historical,381.155,381.015,https://labbcat.canterbury.ac.nz/maonze/transcript?ag_id=134#ew_0_88430,0.14,140,4.941642423,,
7452,ua,g_137;em_12_9608;n_39081-n_39082;p_284;#=ew_69_210302;prefix=57681-;[0]=ew_0_92479,MU01M,Historical,217.136,216.996,https://labbcat.canterbury.ac.nz/maonze/transcript?ag_id=137#ew_0_92479,0.14,140,4.941642423,,
7570,ua,g_1512;em_12_125540;n_129707-n_25167;p_276;#=ew_69_242317;prefix=88382-;[0]=ew_0_881261,WU03M,Historical,107.942,107.802,https://labbcat.canterbury.ac.nz/maonze/transcript?ag_id=1512#ew_0_881261,0.14,140,4.941642423,,
7590,ua,g_1517;em_12_125788;n_129867-n_129868;p_276;#=ew_69_242153;prefix=87976-;[0]=ew_0_883418,WU03M,Historical,127.823,127.683,https://labbcat.canterbury.ac.nz/maonze/transcript?ag_id=1517#ew_0_883418,0.14,140,4.941642423,,
7615,ua,g_1522;em_12_126085;n_6613465-n_130125;p_287;#=ew_69_228472;prefix=75082-;[0]=ew_0_886486,R006M,PresentElder,177.827,177.687,https://labbcat.canterbury.ac.nz/maonze/transcript?ag_id=1522#ew_0_886486,0.14,140,4.941642423,,
7637,ua,g_1525;em_12_126203;n_130229-n_6614581;p_287;#=ew_69_228859;prefix=75578-;[0]=ew_0_888284,R006M,PresentElder,200.767,200.627,https://labbcat.canterbury.ac.nz/maonze/transcript?ag_id=1525#ew_0_888284,0.14,140,4.941642423,,
7656,ua,g_1527;em_12_126286;n_130300-n_6614897;p_287;#=ew_69_229212;prefix=75924-;[0]=ew_0_889537,R006M,PresentElder,198.73,198.59,https://labbcat.canterbury.ac.nz/maonze/transcript?ag_id=1527#ew_0_889537,0.14,140,4.941642423,,
7659,ua,g_1527;em_12_126297;n_130311-n_6614901;p_287;#=ew_69_229271;prefix=75981-;[0]=ew_0_889748,R006M,PresentElder,273.125,272.985,https://labbcat.canterbury.ac.nz/maonze/transcript?ag_id=1527#ew_0_889748,0.14,140,4.941642423,,
7675,ua,g_1531;em_12_126460;n_130415-n_130416;p_200;#=ew_69_216185;prefix=63482-;[0]=ew_0_891444,MU08M,Historical,180.766,180.626,https://labbcat.canterbury.ac.nz/maonze/transcript?ag_id=1531#ew_0_891444,0.14,140,4.941642423,,
7800,ua,g_1629;em_12_132577;n_134851-n_27002;p_299;#=ew_69_193109;prefix=41879-;[0]=ew_0_938863,L2H01M,L2,273.781,273.641,https://labbcat.canterbury.ac.nz/maonze/transcript?ag_id=1629#ew_0_938863,0.14,140,4.941642423,,
7833,ua,g_1637;em_12_133007;n_135239-n_135240;p_288;#=ew_69_195994;prefix=44441-;[0]=ew_0_941213,L2H03M,L2,253.113,252.973,https://labbcat.canterbury.ac.nz/maonze/transcript?ag_id=1637#ew_0_941213,0.14,140,4.941642423,,
7865,ua,g_1642;em_12_133319;n_135528-n_135529;p_288;#=ew_69_196489;prefix=45088-;[0]=ew_0_943628,L2H03M,L2,183.182,183.042,https://labbcat.canterbury.ac.nz/maonze/transcript?ag_id=1642#ew_0_943628,0.14,140,4.941642423,,
7879,ua,g_1646;em_12_133526;n_135715-n_135716;p_300;#=ew_69_194047;prefix=42129-;[0]=ew_0_945291,L2H02M,L2,183.765,183.625,https://labbcat.canterbury.ac.nz/maonze/transcript?ag_id=1646#ew_0_945291,0.14,140,4.941642423,,
7980,ua,g_1663;em_12_134692;n_136529-n_136530;p_302;#=ew_69_197342;prefix=45881-;[0]=ew_0_953774,L2H04M,L2,132.005,131.865,https://labbcat.canterbury.ac.nz/maonze/transcript?ag_id=1663#ew_0_953774,0.14,140,4.941642423,,
8210,ua,g_1848;em_12_149482;n_3854156-n_3854177;p_49;#=ew_69_205503;prefix=53444-;[0]=ew_0_1106432,L2Y03M,L2,155.708,155.568,https://labbcat.canterbury.ac.nz/maonze/transcript?ag_id=1848#ew_0_1106432,0.14,140,4.941642423,,
8255,ua,g_1888;em_12_155386;n_5264384-n_5264406;p_334;#=ew_69_237884;prefix=83883-;[0]=ew_0_1174360,R011M,PresentElder,338.606,338.466,https://labbcat.canterbury.ac.nz/maonze/transcript?ag_id=1888#ew_0_1174360,0.14,140,4.941642423,,
8267,ua,g_1895;em_12_155821;n_5271221-n_5271238;p_334;#=ew_69_238896;prefix=84395-;[0]=ew_0_1180386,R011M,PresentElder,309.049,308.909,https://labbcat.canterbury.ac.nz/maonze/transcript?ag_id=1895#ew_0_1180386,0.14,140,4.941642423,,
8275,ua,g_1895;em_12_155875;n_5271099-n_5271112;p_334;#=ew_69_238878;prefix=84314-;[0]=ew_0_1180781,R011M,PresentElder,272.973,272.833,https://labbcat.canterbury.ac.nz/maonze/transcript?ag_id=1895#ew_0_1180781,0.14,140,4.941642423,,
8304,ua,g_19;em_12_1517;n_32137-n_32138;p_19;#=ew_69_152610;prefix=02896-;[0]=ew_0_13292,K002M,PresentElder,201.137,200.997,https://labbcat.canterbury.ac.nz/maonze/transcript?ag_id=19#ew_0_13292,0.14,140,4.941642423,,
8432,ua,g_1913;em_12_157151;n_5290158-n_5290178;p_333;#=ew_69_240276;prefix=87379-;[0]=ew_0_1195488,R012M,PresentElder,229.509,229.369,https://labbcat.canterbury.ac.nz/maonze/transcript?ag_id=1913#ew_0_1195488,0.14,140,4.941642423,,
8510,ua,g_20;em_12_1659;n_32278-n_32279;p_19;#=ew_69_153883;prefix=03726-;[0]=ew_0_14334,K002M,PresentElder,298.259,298.119,https://labbcat.canterbury.ac.nz/maonze/transcript?ag_id=20#ew_0_14334,0.14,140,4.941642423,,
8602,ua,g_308;em_12_160710;n_6000011-n_6000020;p_81;#=ew_69_186353;prefix=35695-;[0]=ew_0_1237910,L1Y03M,L1,294.174,294.034,https://labbcat.canterbury.ac.nz/maonze/transcript?ag_id=308#ew_0_1237910,0.14,140,4.941642423,,
8633,ua,g_316;em_12_30705;n_55346-n_55347;p_89;#=ew_69_187480;prefix=36552-;[0]=ew_0_212087,L1Y04M,L1,159.368,159.228,https://labbcat.canterbury.ac.nz/maonze/transcript?ag_id=316#ew_0_212087,0.14,140,4.941642423,,
8722,ua,g_330;em_12_33217;n_57482-n_57483;p_85;#=ew_69_185444;prefix=34480-;[0]=ew_0_1243286,L1Y02M,L1,161.648,161.508,https://labbcat.canterbury.ac.nz/maonze/transcript?ag_id=330#ew_0_1243286,0.14,140,4.941642423,,
8723,ua,g_330;em_12_33218;n_57483-n_57484;p_85;#=ew_69_185449;prefix=34483-;[0]=ew_0_220579,L1Y02M,L1,166.469,166.329,https://labbcat.canterbury.ac.nz/maonze/transcript?ag_id=330#ew_0_220579,0.14,140,4.941642423,,
8813,ua,g_349;em_12_33780;n_57906-n_57907;p_87;#=ew_69_211425;prefix=59871-;[0]=ew_0_227426,MU03M,Historical,257.471,257.331,https://labbcat.canterbury.ac.nz/maonze/transcript?ag_id=349#ew_0_227426,0.14,140,4.941642423,,
8890,ua,g_378;em_12_37597;n_61401-n_61402;p_94;#=ew_69_214641;prefix=62012-;[0]=ew_0_244276,MU05M,Historical,272.94,272.8,https://labbcat.canterbury.ac.nz/maonze/transcript?ag_id=378#ew_0_244276,0.14,140,4.941642423,,
8912,ua,g_385;em_12_39042;n_62838-n_62839;p_95;#=ew_69_215300;prefix=62622-;[0]=ew_0_248174,MU06M,Historical,229.368,229.228,https://labbcat.canterbury.ac.nz/maonze/transcript?ag_id=385#ew_0_248174,0.14,140,4.941642423,,
8935,ua,g_446;em_12_169638;n_6944599-n_6944600;p_110;#=ew_69_155832;prefix=05863-;[0]=ew_0_1325751,K003M,PresentElder,214.95,214.81,https://labbcat.canterbury.ac.nz/maonze/transcript?ag_id=446#ew_0_1325751,0.14,140,4.941642423,,
8998,ua,g_453;em_12_46991;n_69361-n_69362;p_110;#=ew_69_157124;prefix=07524-;[0]=ew_0_294393,K003M,PresentElder,306.882,306.742,https://labbcat.canterbury.ac.nz/maonze/transcript?ag_id=453#ew_0_294393,0.14,140,4.941642423,,
9017,ua,g_456;em_12_47120;n_69455-n_69456;p_112;#=ew_69_161688;prefix=11794-;[0]=ew_0_1209732,K006M,PresentElder,202.225,202.085,https://labbcat.canterbury.ac.nz/maonze/transcript?ag_id=456#ew_0_1209732,0.14,140,4.941642423,,
9028,ua,g_463;em_12_158451;n_5390758-n_5390760;p_112;#=ew_69_160947;prefix=11608-;[0]=ew_0_1208667,K006M,PresentElder,208.861,208.721,https://labbcat.canterbury.ac.nz/maonze/transcript?ag_id=463#ew_0_1208667,0.14,140,4.941642423,,
9039,ua,g_466;em_12_48061;n_70092-n_70093;p_120;#=ew_69_165499;prefix=15951-;[0]=ew_0_300591,K008M,PresentElder,125.314,125.174,https://labbcat.canterbury.ac.nz/maonze/transcript?ag_id=466#ew_0_300591,0.14,140,4.941642423,,
9053,ua,g_467;em_12_48212;n_6953461-n_70226;p_120;#=ew_69_166054;prefix=16115-;[0]=ew_0_1090965,K008M,PresentElder,157.952,157.812,https://labbcat.canterbury.ac.nz/maonze/transcript?ag_id=467#ew_0_1090965,0.14,140,4.941642423,,
9124,ua,g_484;em_12_49725;n_71545-n_71546;p_121;#=ew_69_169198;prefix=19018-;[0]=ew_0_311780,K009M,PresentElder,253.962,253.822,https://labbcat.canterbury.ac.nz/maonze/transcript?ag_id=484#ew_0_311780,0.14,140,4.941642423,,
9170,ua,g_491;em_12_50565;n_72173-n_72174;p_122;#=ew_69_169674;prefix=19742-;[0]=ew_0_315652,K010M,PresentElder,64.326,64.186,https://labbcat.canterbury.ac.nz/maonze/transcript?ag_id=491#ew_0_315652,0.14,140,4.941642423,,
9288,ua,g_598;em_12_63988;n_83587-n_83588;p_140;#=ew_69_189606;prefix=38581-;[0]=ew_0_381694,L1Y05M,L1,277.455,277.315,https://labbcat.canterbury.ac.nz/maonze/transcript?ag_id=598#ew_0_381694,0.14,140,4.941642423,,
9342,ua,g_605;em_12_64394;n_83986-n_83987;p_140;#=ew_69_190976;prefix=39914-;[0]=ew_0_386352,L1Y05M,L1,190.487,190.347,https://labbcat.canterbury.ac.nz/maonze/transcript?ag_id=605#ew_0_386352,0.14,140,4.941642423,,
9496,ua,g_628;em_12_65542;n_85046-n_85047;p_143;#=ew_69_202602;prefix=50532-;[0]=ew_0_397961,L2Y02M,L2,223.641,223.501,https://labbcat.canterbury.ac.nz/maonze/transcript?ag_id=628#ew_0_397961,0.14,140,4.941642423,,
9578,ua,g_637;em_12_66625;n_85991-n_85992;p_145;#=ew_69_201019;prefix=49344-;[0]=ew_0_405708,L2Y01M,L2,83.942,83.802,https://labbcat.canterbury.ac.nz/maonze/transcript?ag_id=637#ew_0_405708,0.14,140,4.941642423,,
9583,ua,g_637;em_12_66679;n_86023-n_86024;p_145;#=ew_69_201196;prefix=49431-;[0]=ew_0_406125,L2Y01M,L2,292.404,292.264,https://labbcat.canterbury.ac.nz/maonze/transcript?ag_id=637#ew_0_406125,0.14,140,4.941642423,,
9609,ua,g_641;em_12_66944;n_86205-n_86206;p_145;#=ew_69_201695;prefix=49914-;[0]=ew_0_408897,L2Y01M,L2,203.565,203.425,https://labbcat.canterbury.ac.nz/maonze/transcript?ag_id=641#ew_0_408897,0.14,140,4.941642423,,
9712,ua,g_666;em_12_70532;n_89325-n_89326;p_148;#=ew_69_207773;prefix=55772-;[0]=ew_0_422645,L2Y05M,L2,227.57,227.43,https://labbcat.canterbury.ac.nz/maonze/transcript?ag_id=666#ew_0_422645,0.14,140,4.941642423,,
9843,ua,g_850;em_12_85540;n_100555-n_100556;p_167;#=ew_69_171329;prefix=21011-;[0]=ew_0_541693,L1H01M,L1,184.783,184.643,https://labbcat.canterbury.ac.nz/maonze/transcript?ag_id=850#ew_0_541693,0.14,140,4.941642423,,
9933,ua,g_867;em_12_86762;n_101572-n_5715677;p_168;#=ew_69_174680;prefix=23701-;[0]=ew_0_1220218,L1H02M,L1,181.302,181.162,https://labbcat.canterbury.ac.nz/maonze/transcript?ag_id=867#ew_0_1220218,0.14,140,4.941642423,,
9953,ua,g_869;em_12_86968;n_101693-n_101694;p_168;#=ew_69_174532;prefix=24025-;[0]=ew_0_552907,L1H02M,L1,208.952,208.812,https://labbcat.canterbury.ac.nz/maonze/transcript?ag_id=869#ew_0_552907,0.14,140,4.941642423,,
9963,ua,g_870;em_12_87035;n_101739-n_101740;p_168;#=ew_69_174613;prefix=24132-;[0]=ew_0_553417,L1H02M,L1,172.902,172.762,https://labbcat.canterbury.ac.nz/maonze/transcript?ag_id=870#ew_0_553417,0.14,140,4.941642423,,
9980,ua,g_875;em_12_87286;n_101935-n_101936;p_169;#=ew_69_174925;prefix=24551-;[0]=ew_0_555097,L1H03M,L1,191.54,191.4,https://labbcat.canterbury.ac.nz/maonze/transcript?ag_id=875#ew_0_555097,0.14,140,4.941642423,,
10017,ua,g_881;em_12_87729;n_102206-n_102207;p_169;#=ew_69_175150;prefix=25092-;[0]=ew_0_557667,L1H03M,L1,185.446,185.306,https://labbcat.canterbury.ac.nz/maonze/transcript?ag_id=881#ew_0_557667,0.14,140,4.941642423,,
10029,ua,g_882;em_12_87788;n_102246-n_102247;p_169;#=ew_69_175893;prefix=25199-;[0]=ew_0_1225510,L1H03M,L1,164.593,164.453,https://labbcat.canterbury.ac.nz/maonze/transcript?ag_id=882#ew_0_1225510,0.14,140,4.941642423,,
10043,ua,g_883;em_12_87848;n_102285-n_15180;p_169;#=ew_69_175781;prefix=25281-;[0]=ew_0_558471,L1H03M,L1,129.16,129.02,https://labbcat.canterbury.ac.nz/maonze/transcript?ag_id=883#ew_0_558471,0.14,140,4.941642423,,
10063,ua,g_891;em_12_88327;n_102605-n_5773380;p_174;#=ew_69_178979;prefix=28899-;[0]=ew_0_561813,L1H05M,L1,149.736,149.596,https://labbcat.canterbury.ac.nz/maonze/transcript?ag_id=891#ew_0_561813,0.14,140,4.941642423,,
10203,ua,g_909;em_12_89241;n_103279-n_103280;p_173;#=ew_69_176342;prefix=26359-;[0]=ew_0_571332,L1H04M,L1,149.1,148.96,https://labbcat.canterbury.ac.nz/maonze/transcript?ag_id=909#ew_0_571332,0.14,140,4.941642423,,
10268,ua,g_927;em_12_90349;n_104168-n_104169;p_179;#=ew_69_217314;prefix=64761-;[0]=ew_0_580582,R001M,PresentElder,189.004,188.864,https://labbcat.canterbury.ac.nz/maonze/transcript?ag_id=927#ew_0_580582,0.14,140,4.941642423,,
10282,ua,g_928;em_12_90449;n_104267-n_104268;p_179;#=ew_69_217872;prefix=64942-;[0]=ew_0_581188,R001M,PresentElder,234.826,234.686,https://labbcat.canterbury.ac.nz/maonze/transcript?ag_id=928#ew_0_581188,0.14,140,4.941642423,,
10321,ua,g_937;em_12_91082;n_104863-n_15824;p_179;#=ew_69_218833;prefix=65969-;[0]=ew_0_584864,R001M,PresentElder,196.875,196.735,https://labbcat.canterbury.ac.nz/maonze/transcript?ag_id=937#ew_0_584864,0.14,140,4.941642423,,
10356,ua,g_940;em_12_91338;n_105068-n_105069;p_179;#=ew_69_219328;prefix=66521-;[0]=ew_0_586833,R001M,PresentElder,211.378,211.238,https://labbcat.canterbury.ac.nz/maonze/transcript?ag_id=940#ew_0_586833,0.14,140,4.941642423,,
10391,ua,g_946;em_12_91619;n_105297-n_105298;p_181;#=ew_69_220251;prefix=67180-;[0]=ew_0_589098,R002M,PresentElder,233.577,233.437,https://labbcat.canterbury.ac.nz/maonze/transcript?ag_id=946#ew_0_589098,0.14,140,4.941642423,,
10547,ua,g_971;em_12_92945;n_106321-n_106322;p_184;#=ew_69_223593;prefix=70596-;[0]=ew_0_602623,R004M,PresentElder,135.255,135.115,https://labbcat.canterbury.ac.nz/maonze/transcript?ag_id=971#ew_0_602623,0.14,140,4.941642423,,
10556,ua,g_972;em_12_93011;n_6583245-n_16242;p_184;#=ew_69_223824;prefix=70727-;[0]=ew_0_603173,R004M,PresentElder,143.225,143.085,https://labbcat.canterbury.ac.nz/maonze/transcript?ag_id=972#ew_0_603173,0.14,140,4.941642423,,
10588,ua,g_978;em_12_93518;n_106695-n_16428;p_184;#=ew_69_225123;prefix=71741-;[0]=ew_0_606706,R004M,PresentElder,154.432,154.292,https://labbcat.canterbury.ac.nz/maonze/transcript?ag_id=978#ew_0_606706,0.14,140,4.941642423,,
10651,ua,g_987;em_12_93950;n_107022-n_107023;p_182;#=ew_69_226424;prefix=73072-;[0]=ew_0_611041,R005M,PresentElder,204.22,204.08,https://labbcat.canterbury.ac.nz/maonze/transcript?ag_id=987#ew_0_611041,0.14,140,4.941642423,,
10671,ua,g_99;em_12_162832;n_6281965-n_6281971;p_41;#=ew_69_163666;prefix=13059-;[0]=ew_0_1269277,K007M,PresentElder,198.832,198.692,https://labbcat.canterbury.ac.nz/maonze/transcript?ag_id=99#ew_0_1269277,0.14,140,4.941642423,,
10689,ua,g_991;em_12_94120;n_107165-n_107166;p_182;#=ew_69_226794;prefix=73656-;[0]=ew_0_613061,R005M,PresentElder,204.856,204.716,https://labbcat.canterbury.ac.nz/maonze/transcript?ag_id=991#ew_0_613061,0.14,140,4.941642423,,
1178,ea,g_1943;em_12_165707;n_6846440-n_6846452;p_19;#=ew_69_152108;prefix=02711-;[0]=ew_0_1296202,K002M,PresentElder,278.107,277.977,https://labbcat.canterbury.ac.nz/maonze/transcript?ag_id=1943#ew_0_1296202,0.13,130,4.86753445,,
3150,ia,g_115;em_12_8296;n_37855-n_37856;p_43;#=ew_69_211315;prefix=59476-;[0]=ew_0_80371,MU02M,Historical,312.732,312.602,https://labbcat.canterbury.ac.nz/maonze/transcript?ag_id=115#ew_0_80371,0.13,130,4.86753445,,
5818,oa,g_304;em_12_162388;n_6240841-n_6240774;p_81;#=ew_69_185877;prefix=34980-;[0]=ew_0_1265914,L1Y03M,L1,264.494,264.364,https://labbcat.canterbury.ac.nz/maonze/transcript?ag_id=304#ew_0_1265914,0.13,130,4.86753445,,
6778,ua,g_102;em_12_162946;n_6286132-n_6285854;p_41;#=ew_69_163829;prefix=13901-;[0]=ew_0_1273157,K007M,PresentElder,268.946,268.816,https://labbcat.canterbury.ac.nz/maonze/transcript?ag_id=102#ew_0_1273157,0.13,130,4.86753445,,
7245,ua,g_116;em_12_8440;n_37998-n_37999;p_43;#=ew_69_212179;prefix=59255-;[0]=ew_0_81771,MU02M,Historical,491.583,491.453,https://labbcat.canterbury.ac.nz/maonze/transcript?ag_id=116#ew_0_81771,0.13,130,4.86753445,,
214,ea,g_1072;em_12_99637;n_110851-n_110852;p_206;#=ew_69_246265;prefix=91513-;[0]=ew_0_660879,WU06M,Historical,230.08,229.95,https://labbcat.canterbury.ac.nz/maonze/transcript?ag_id=1072#ew_0_660879,0.13,130,4.86753445,,
298,ea,g_11;em_12_834;n_31480-n_31481;p_28;#=ew_69_149360;prefix=00391-;[0]=ew_0_7469,K001M,PresentElder,216.354,216.224,https://labbcat.canterbury.ac.nz/maonze/transcript?ag_id=11#ew_0_7469,0.13,130,4.86753445,,
424,ea,g_1239;em_12_160278;n_5826425-n_21668;p_249;#=ew_69_180659;prefix=30292-;[0]=ew_0_1228542,L1H06M,L1,167.217,167.087,https://labbcat.canterbury.ac.nz/maonze/transcript?ag_id=1239#ew_0_1228542,0.13,130,4.86753445,,
504,ea,g_1386;em_12_118984;n_124472-n_124473;p_262;#=ew_69_248620;prefix=94355-;[0]=ew_0_821688,WU08M,Historical,173.026,172.896,https://labbcat.canterbury.ac.nz/maonze/transcript?ag_id=1386#ew_0_821688,0.13,130,4.86753445,,
790,ea,g_1658;em_12_134522;n_27386-n_136412;p_300;#=ew_69_195171;prefix=43735-;[0]=ew_0_951814,L2H02M,L2,234.538,234.408,https://labbcat.canterbury.ac.nz/maonze/transcript?ag_id=1658#ew_0_951814,0.13,130,4.86753445,,
811,ea,g_1663;em_12_134701;n_136538-n_27439;p_302;#=ew_69_197411;prefix=45915-;[0]=ew_0_953864,L2H04M,L2,170.044,169.914,https://labbcat.canterbury.ac.nz/maonze/transcript?ag_id=1663#ew_0_953864,0.13,130,4.86753445,,
1034,ea,g_1868;em_12_154005;n_5221948-n_5221963;p_334;#=ew_69_237216;prefix=83556-;[0]=ew_0_1157700,R011M,PresentElder,252.854,252.724,https://labbcat.canterbury.ac.nz/maonze/transcript?ag_id=1868#ew_0_1157700,0.13,130,4.86753445,,
1137,ea,g_1911;em_12_157004;n_5287709-n_5287726;p_333;#=ew_69_240678;prefix=87144-;[0]=ew_0_1194174,R012M,PresentElder,164.806,164.676,https://labbcat.canterbury.ac.nz/maonze/transcript?ag_id=1911#ew_0_1194174,0.13,130,4.86753445,,
1363,ea,g_318;em_12_149606;n_3956220-n_3956222;p_89;#=ew_69_187981;prefix=36907-;[0]=ew_0_1109920,L1Y04M,L1,212.657,212.527,https://labbcat.canterbury.ac.nz/maonze/transcript?ag_id=318#ew_0_1109920,0.13,130,4.86753445,,
1513,ea,g_368;em_12_35773;n_59600-n_59602;p_92;#=ew_69_212676;prefix=60486-;[0]=ew_0_1122936,MU04M,Historical,150.931,150.801,https://labbcat.canterbury.ac.nz/maonze/transcript?ag_id=368#ew_0_1122936,0.13,130,4.86753445,,
2573,ea,g_941;em_12_91416;n_105125-n_105126;p_179;#=ew_69_219789;prefix=66687-;[0]=ew_0_587420,R001M,PresentElder,217.193,217.063,https://labbcat.canterbury.ac.nz/maonze/transcript?ag_id=941#ew_0_587420,0.13,130,4.86753445,,
2591,ea,g_947;em_12_91653;n_105330-n_105331;p_181;#=ew_69_220801;prefix=67316-;[0]=ew_0_589584,R002M,PresentElder,190.955,190.825,https://labbcat.canterbury.ac.nz/maonze/transcript?ag_id=947#ew_0_589584,0.13,130,4.86753445,,
2645,ea,g_958;em_12_92151;n_105746-n_105747;p_183;#=ew_69_221668;prefix=68790-;[0]=ew_0_595622,R003M,PresentElder,211.282,211.152,https://labbcat.canterbury.ac.nz/maonze/transcript?ag_id=958#ew_0_595622,0.13,130,4.86753445,,
2724,ea,g_973;em_12_93106;n_106446-n_106447;p_184;#=ew_69_223956;prefix=70924-;[0]=ew_0_603881,R004M,PresentElder,196.431,196.301,https://labbcat.canterbury.ac.nz/maonze/transcript?ag_id=973#ew_0_603881,0.13,130,4.86753445,,
2774,ea,g_981;em_12_163535;n_6611869-n_16474;p_184;#=ew_69_224775;prefix=72098-;[0]=ew_0_1280659,R004M,PresentElder,160.669,160.539,https://labbcat.canterbury.ac.nz/maonze/transcript?ag_id=981#ew_0_1280659,0.13,130,4.86753445,,
3055,ia,g_1071;em_12_99584;n_110799-n_110800;p_206;#=ew_69_245759;prefix=91306-;[0]=ew_0_660161,WU06M,Historical,208.199,208.069,https://labbcat.canterbury.ac.nz/maonze/transcript?ag_id=1071#ew_0_660161,0.13,130,4.86753445,,
3089,ia,g_1082;em_12_100158;n_18397-n_111291;p_208;#=ew_69_247140;prefix=92689-;[0]=ew_0_665635,WU07M,Historical,143.437,143.307,https://labbcat.canterbury.ac.nz/maonze/transcript?ag_id=1082#ew_0_665635,0.13,130,4.86753445,,
3214,ia,g_1203;em_12_109041;n_117842-n_117843;p_244;#=ew_69_244320;prefix=89735-;[0]=ew_0_726233,WU04M,Historical,216.312,216.182,https://labbcat.canterbury.ac.nz/maonze/transcript?ag_id=1203#ew_0_726233,0.13,130,4.86753445,,
3705,ia,g_1904;em_12_156575;n_5281206-n_5281223;p_333;#=ew_69_239788;prefix=85803-;[0]=ew_0_1187877,R012M,PresentElder,251.223,251.093,https://labbcat.canterbury.ac.nz/maonze/transcript?ag_id=1904#ew_0_1187877,0.13,130,4.86753445,,
4011,ia,g_384;em_12_38799;n_62596-n_62598;p_95;#=ew_69_214901;prefix=62455-;[0]=ew_0_247355,MU06M,Historical,172.562,172.432,https://labbcat.canterbury.ac.nz/maonze/transcript?ag_id=384#ew_0_247355,0.13,130,4.86753445,,
4220,ia,g_499;em_12_51793;n_73085-n_8761;p_97;#=ew_69_215543;prefix=63209-;[0]=ew_0_320571,MU07M,Historical,225.836,225.706,https://labbcat.canterbury.ac.nz/maonze/transcript?ag_id=499#ew_0_320571,0.13,130,4.86753445,,
4421,ia,g_663;em_12_70420;n_89216-n_89217;p_148;#=ew_69_207605;prefix=55211-;[0]=ew_0_420750,L2Y05M,L2,244.526,244.396,https://labbcat.canterbury.ac.nz/maonze/transcript?ag_id=663#ew_0_420750,0.13,130,4.86753445,,
4539,ia,g_861;em_12_86292;n_101231-n_101232;p_168;#=ew_69_173312;prefix=22609-;[0]=ew_0_547539,L1H02M,L1,160.116,159.986,https://labbcat.canterbury.ac.nz/maonze/transcript?ag_id=861#ew_0_547539,0.13,130,4.86753445,,
4776,ia,g_949;em_12_91743;n_105405-n_105406;p_181;#=ew_69_220595;prefix=67635-;[0]=ew_0_590843,R002M,PresentElder,204.58,204.45,https://labbcat.canterbury.ac.nz/maonze/transcript?ag_id=949#ew_0_590843,0.13,130,4.86753445,,
5396,oa,g_1621;em_12_132035;n_134468-n_134469;p_299;#=ew_69_191871;prefix=41031-;[0]=ew_0_935176,L2H01M,L2,208.967,208.837,https://labbcat.canterbury.ac.nz/maonze/transcript?ag_id=1621#ew_0_935176,0.13,130,4.86753445,,
5442,oa,g_1648;em_12_133716;n_135852-n_135853;p_300;#=ew_69_193773;prefix=42448-;[0]=ew_0_946601,L2H02M,L2,215.11,214.98,https://labbcat.canterbury.ac.nz/maonze/transcript?ag_id=1648#ew_0_946601,0.13,130,4.86753445,,
5630,oa,g_1884;em_12_155087;n_5260238-n_5260251;p_334;#=ew_69_237336;prefix=83505-;[0]=ew_0_1171116,R011M,PresentElder,222.193,222.063,https://labbcat.canterbury.ac.nz/maonze/transcript?ag_id=1884#ew_0_1171116,0.13,130,4.86753445,,
5855,oa,g_318;em_12_148557;n_3841724-n_3841750;p_89;#=ew_69_187921;prefix=36879-;[0]=ew_0_1096166,L1Y04M,L1,147.36,147.23,https://labbcat.canterbury.ac.nz/maonze/transcript?ag_id=318#ew_0_1096166,0.13,130,4.86753445,,
6099,oa,g_484;em_12_49706;n_71526-n_71527;p_121;#=ew_69_169040;prefix=18945-;[0]=ew_0_311508,K009M,PresentElder,151.663,151.533,https://labbcat.canterbury.ac.nz/maonze/transcript?ag_id=484#ew_0_311508,0.13,130,4.86753445,,
6186,oa,g_603;em_12_64284;n_83878-n_83879;p_140;#=ew_69_190803;prefix=39479-;[0]=ew_0_384926,L1Y05M,L1,255.497,255.367,https://labbcat.canterbury.ac.nz/maonze/transcript?ag_id=603#ew_0_384926,0.13,130,4.86753445,,
6596,oa,g_962;em_12_92398;n_6578880-n_105935;p_183;#=ew_69_222525;prefix=69476-;[0]=ew_0_598007,R003M,PresentElder,176.889,176.759,https://labbcat.canterbury.ac.nz/maonze/transcript?ag_id=962#ew_0_598007,0.13,130,4.86753445,,
6804,ua,g_1024;em_12_96166;n_108611-n_108612;p_190;#=ew_69_233234;prefix=79180-;[0]=ew_0_631559,R009M,PresentElder,169.514,169.384,https://labbcat.canterbury.ac.nz/maonze/transcript?ag_id=1024#ew_0_631559,0.13,130,4.86753445,,
6818,ua,g_1027;em_12_96301;n_108693-n_108694;p_190;#=ew_69_232910;prefix=79639-;[0]=ew_0_633589,R009M,PresentElder,181.312,181.182,https://labbcat.canterbury.ac.nz/maonze/transcript?ag_id=1027#ew_0_633589,0.13,130,4.86753445,,
7450,ua,g_137;em_12_9600;n_39073-n_39074;p_284;#=ew_69_210272;prefix=57662-;[0]=ew_0_92385,MU01M,Historical,176.169,176.039,https://labbcat.canterbury.ac.nz/maonze/transcript?ag_id=137#ew_0_92385,0.13,130,4.86753445,,
7509,ua,g_1387;em_12_119026;n_124512-n_124513;p_262;#=ew_69_248898;prefix=94556-;[0]=ew_0_822311,WU08M,Historical,223.52,223.39,https://labbcat.canterbury.ac.nz/maonze/transcript?ag_id=1387#ew_0_822311,0.13,130,4.86753445,,
7618,ua,g_1522;em_12_126087;n_130126-n_130127;p_287;#=ew_69_228486;prefix=75096-;[0]=ew_0_886512,R006M,PresentElder,189.55,189.42,https://labbcat.canterbury.ac.nz/maonze/transcript?ag_id=1522#ew_0_886512,0.13,130,4.86753445,,
7790,ua,g_1627;em_12_132475;n_134767-n_134768;p_299;#=ew_69_192704;prefix=41659-;[0]=ew_0_938098,L2H01M,L2,134.116,133.986,https://labbcat.canterbury.ac.nz/maonze/transcript?ag_id=1627#ew_0_938098,0.13,130,4.86753445,,
7907,ua,g_1649;em_12_133786;n_135905-n_135906;p_300;#=ew_69_193674;prefix=42581-;[0]=ew_0_947125,L2H02M,L2,180.639,180.509,https://labbcat.canterbury.ac.nz/maonze/transcript?ag_id=1649#ew_0_947125,0.13,130,4.86753445,,
8261,ua,g_1890;em_12_155501;n_5265863-n_5265876;p_334;#=ew_69_237549;prefix=84077-;[0]=ew_0_1175868,R011M,PresentElder,173.247,173.117,https://labbcat.canterbury.ac.nz/maonze/transcript?ag_id=1890#ew_0_1175868,0.13,130,4.86753445,,
8294,ua,g_1898;em_12_156056;n_5275394-n_5275409;p_333;#=ew_69_238256;prefix=84915-;[0]=ew_0_1183075,R012M,PresentElder,241.961,241.831,https://labbcat.canterbury.ac.nz/maonze/transcript?ag_id=1898#ew_0_1183075,0.13,130,4.86753445,,
8334,ua,g_1903;em_12_156476;n_5279895-n_5279910;p_333;#=ew_69_239962;prefix=85559-;[0]=ew_0_1186782,R012M,PresentElder,138.776,138.646,https://labbcat.canterbury.ac.nz/maonze/transcript?ag_id=1903#ew_0_1186782,0.13,130,4.86753445,,
8347,ua,g_1904;em_12_156531;n_5281223-n_5281240;p_333;#=ew_69_239801;prefix=85808-;[0]=ew_0_1188196,R012M,PresentElder,254.217,254.087,https://labbcat.canterbury.ac.nz/maonze/transcript?ag_id=1904#ew_0_1188196,0.13,130,4.86753445,,
9318,ua,g_603;em_12_64268;n_83862-n_83863;p_140;#=ew_69_190731;prefix=39413-;[0]=ew_0_384726,L1Y05M,L1,155.455,155.325,https://labbcat.canterbury.ac.nz/maonze/transcript?ag_id=603#ew_0_384726,0.13,130,4.86753445,,
9438,ua,g_620;em_12_65132;n_10405-n_84685;p_142;#=ew_69_182343;prefix=32228-;[0]=ew_0_393895,L1Y01M,L1,153.764,153.634,https://labbcat.canterbury.ac.nz/maonze/transcript?ag_id=620#ew_0_393895,0.13,130,4.86753445,,
9800,ua,g_83;em_12_5681;n_35735-n_35736;p_37;#=ew_69_160591;prefix=11025-;[0]=ew_0_1093281,K005M,PresentElder,252.86,252.73,https://labbcat.canterbury.ac.nz/maonze/transcript?ag_id=83#ew_0_1093281,0.13,130,4.86753445,,
9829,ua,g_849;em_12_85467;n_100483-n_100484;p_167;#=ew_69_171464;prefix=20842-;[0]=ew_0_541056,L1H01M,L1,163.276,163.146,https://labbcat.canterbury.ac.nz/maonze/transcript?ag_id=849#ew_0_541056,0.13,130,4.86753445,,
10125,ua,g_9;em_12_625;n_31273-n_31274;p_28;#=ew_69_150598;prefix=00875-;[0]=ew_0_5651,K001M,PresentElder,222.52,222.39,https://labbcat.canterbury.ac.nz/maonze/transcript?ag_id=9#ew_0_5651,0.13,130,4.86753445,,
10426,ua,g_949;em_12_91748;n_105410-n_105411;p_181;#=ew_69_220638;prefix=67657-;[0]=ew_0_590923,R002M,PresentElder,237.175,237.045,https://labbcat.canterbury.ac.nz/maonze/transcript?ag_id=949#ew_0_590923,0.13,130,4.86753445,,
10448,ua,g_955;em_12_92026;n_105644-n_105645;p_181;#=ew_69_221456;prefix=68361-;[0]=ew_0_594593,R002M,PresentElder,215.306,215.176,https://labbcat.canterbury.ac.nz/maonze/transcript?ag_id=955#ew_0_594593,0.13,130,4.86753445,,
10668,ua,g_99;em_12_162806;n_6281915-n_6281920;p_41;#=ew_69_163618;prefix=13112-;[0]=ew_0_1269933,K007M,PresentElder,147.711,147.581,https://labbcat.canterbury.ac.nz/maonze/transcript?ag_id=99#ew_0_1269933,0.13,130,4.86753445,,
293,ea,g_11;em_12_806;n_31452-n_31453;p_28;#=ew_69_149278;prefix=00314-;[0]=ew_0_7222,K001M,PresentElder,106.492,106.362,https://labbcat.canterbury.ac.nz/maonze/transcript?ag_id=11#ew_0_7222,0.13,130,4.86753445,,
503,ea,g_1384;em_12_118906;n_124402-n_124403;p_262;#=ew_69_248244;prefix=94080-;[0]=ew_0_820578,WU08M,Historical,81.319,81.189,https://labbcat.canterbury.ac.nz/maonze/transcript?ag_id=1384#ew_0_820578,0.13,130,4.86753445,,
618,ea,g_1536;em_12_126751;n_130537-n_130538;p_200;#=ew_69_216276;prefix=63599-;[0]=ew_0_894251,MU08M,Historical,99.736,99.606,https://labbcat.canterbury.ac.nz/maonze/transcript?ag_id=1536#ew_0_894251,0.13,130,4.86753445,,
653,ea,g_1621;em_12_132006;n_134443-n_6993106;p_299;#=ew_69_191680;prefix=40985-;[0]=ew_0_934983,L2H01M,L2,100.537,100.407,https://labbcat.canterbury.ac.nz/maonze/transcript?ag_id=1621#ew_0_934983,0.13,130,4.86753445,,
806,ea,g_1662;em_12_163167;n_6399893-n_6399898;p_302;#=ew_69_197073;prefix=45735-;[0]=ew_0_1276441,L2H04M,L2,101.709,101.579,https://labbcat.canterbury.ac.nz/maonze/transcript?ag_id=1662#ew_0_1276441,0.13,130,4.86753445,,
1068,ea,g_1896;em_12_155883;n_5271547-n_5271568;p_334;#=ew_69_238374;prefix=84618-;[0]=ew_0_1181356,R011M,PresentElder,86.418,86.288,https://labbcat.canterbury.ac.nz/maonze/transcript?ag_id=1896#ew_0_1181356,0.13,130,4.86753445,,
1113,ea,g_1908;em_12_156788;n_5284281-n_5284298;p_333;#=ew_69_240964;prefix=86455-;[0]=ew_0_1190867,R012M,PresentElder,90.59,90.46,https://labbcat.canterbury.ac.nz/maonze/transcript?ag_id=1908#ew_0_1190867,0.13,130,4.86753445,,
1501,ea,g_346;em_12_161044;n_6032406-n_6032409;p_85;#=ew_69_185106;prefix=34294-;[0]=ew_0_1243700,L1Y02M,L1,71.596,71.466,https://labbcat.canterbury.ac.nz/maonze/transcript?ag_id=346#ew_0_1243700,0.13,130,4.86753445,,
1765,ea,g_496;em_12_51376;n_72731-n_8698;p_122;#=ew_69_170443;prefix=20404-;[0]=ew_0_319074,K010M,PresentElder,68.287,68.157,https://labbcat.canterbury.ac.nz/maonze/transcript?ag_id=496#ew_0_319074,0.13,130,4.86753445,,
2086,ea,g_650;em_12_67684;n_10792-n_86836;p_146;#=ew_69_206240;prefix=53841-;[0]=ew_0_413770,L2Y04M,L2,108.59,108.46,https://labbcat.canterbury.ac.nz/maonze/transcript?ag_id=650#ew_0_413770,0.13,130,4.86753445,,
2239,ea,g_850;em_12_85522;n_100537-n_100538;p_167;#=ew_69_171292;prefix=20974-;[0]=ew_0_541538,L1H01M,L1,121.376,121.246,https://labbcat.canterbury.ac.nz/maonze/transcript?ag_id=850#ew_0_541538,0.13,130,4.86753445,,
2513,ea,g_915;em_12_89423;n_103354-n_103355;p_173;#=ew_69_176764;prefix=25773-;[0]=ew_0_573924,L1H04M,L1,119.284,119.154,https://labbcat.canterbury.ac.nz/maonze/transcript?ag_id=915#ew_0_573924,0.13,130,4.86753445,,
2765,ea,g_98;em_12_162697;n_6281684-n_6281743;p_41;#=ew_69_162495;prefix=13027-;[0]=ew_0_1268905,K007M,PresentElder,119.388,119.258,https://labbcat.canterbury.ac.nz/maonze/transcript?ag_id=98#ew_0_1268905,0.13,130,4.86753445,,
3044,ia,g_1071;em_12_151825;n_4690878-n_4690879;p_206;#=ew_69_245635;prefix=91191-;[0]=ew_0_1133788,WU06M,Historical,84.379,84.249,https://labbcat.canterbury.ac.nz/maonze/transcript?ag_id=1071#ew_0_1133788,0.13,130,4.86753445,,
3066,ia,g_1076;em_12_99809;n_111002-n_111003;p_208;#=ew_69_246094;prefix=91909-;[0]=ew_0_662544,WU07M,Historical,72.641,72.511,https://labbcat.canterbury.ac.nz/maonze/transcript?ag_id=1076#ew_0_662544,0.13,130,4.86753445,,
3222,ia,g_1206;em_12_109338;n_118134-n_118135;p_244;#=ew_69_244296;prefix=90040-;[0]=ew_0_727914,WU04M,Historical,126.84,126.71,https://labbcat.canterbury.ac.nz/maonze/transcript?ag_id=1206#ew_0_727914,0.13,130,4.86753445,,
3791,ia,g_1945;em_12_165877;n_6848145-n_6848153;p_28;#=ew_69_151190;prefix=01579-;[0]=ew_0_1297870,K001M,PresentElder,109.694,109.564,https://labbcat.canterbury.ac.nz/maonze/transcript?ag_id=1945#ew_0_1297870,0.13,130,4.86753445,,
3860,ia,g_307;em_12_160698;n_5999843-n_5999852;p_81;#=ew_69_186452;prefix=35550-;[0]=ew_0_1241066,L1Y03M,L1,118.388,118.258,https://labbcat.canterbury.ac.nz/maonze/transcript?ag_id=307#ew_0_1241066,0.13,130,4.86753445,,
3942,ia,g_349;em_12_33757;n_57883-n_57884;p_87;#=ew_69_211338;prefix=59819-;[0]=ew_0_227216,MU03M,Historical,96.671,96.541,https://labbcat.canterbury.ac.nz/maonze/transcript?ag_id=349#ew_0_227216,0.13,130,4.86753445,,
3945,ia,g_350;em_12_33800;n_57925-n_57926;p_87;#=ew_69_210866;prefix=59647-;[0]=ew_0_227610,MU03M,Historical,82.087,81.957,https://labbcat.canterbury.ac.nz/maonze/transcript?ag_id=350#ew_0_227610,0.13,130,4.86753445,,
4434,ia,g_666;em_12_70519;n_89312-n_89313;p_148;#=ew_69_207576;prefix=55706-;[0]=ew_0_422429,L2Y05M,L2,124.694,124.564,https://labbcat.canterbury.ac.nz/maonze/transcript?ag_id=666#ew_0_422429,0.13,130,4.86753445,,
4760,ia,g_942;em_12_91455;n_105157-n_105158;p_179;#=ew_69_219436;prefix=66780-;[0]=ew_0_587723,R001M,PresentElder,107.992,107.862,https://labbcat.canterbury.ac.nz/maonze/transcript?ag_id=942#ew_0_587723,0.13,130,4.86753445,,
4994,oa,g_1025;em_12_96197;n_108635-n_108636;p_190;#=ew_69_232392;prefix=79294-;[0]=ew_0_632099,R009M,PresentElder,118.004,117.874,https://labbcat.canterbury.ac.nz/maonze/transcript?ag_id=1025#ew_0_632099,0.13,130,4.86753445,,
5020,oa,g_1033;em_12_96546;n_108864-n_17275;p_190;#=ew_69_233625;prefix=80515-;[0]=ew_0_637081,R009M,PresentElder,71.418,71.288,https://labbcat.canterbury.ac.nz/maonze/transcript?ag_id=1033#ew_0_637081,0.13,130,4.86753445,,
5022,oa,g_1033;em_12_96554;n_108870-n_108871;p_190;#=ew_69_233673;prefix=80538-;[0]=ew_0_637186,R009M,PresentElder,111.087,110.957,https://labbcat.canterbury.ac.nz/maonze/transcript?ag_id=1033#ew_0_637186,0.13,130,4.86753445,,
5076,oa,g_1068;em_12_99328;n_110619-n_110620;p_244;#=ew_69_242547;prefix=88599-;[0]=ew_0_658118,WU04M,Historical,81.18,81.05,https://labbcat.canterbury.ac.nz/maonze/transcript?ag_id=1068#ew_0_658118,0.13,130,4.86753445,,
5277,oa,g_1391;em_12_151910;n_4711905-n_4711910;p_262;#=ew_69_248998;prefix=94995-;[0]=ew_0_1134732,WU08M,Historical,72.546,72.416,https://labbcat.canterbury.ac.nz/maonze/transcript?ag_id=1391#ew_0_1134732,0.13,130,4.86753445,,
5345,oa,g_1525;em_12_126191;n_130217-n_130218;p_287;#=ew_69_228726;prefix=75522-;[0]=ew_0_888100,R006M,PresentElder,111.882,111.752,https://labbcat.canterbury.ac.nz/maonze/transcript?ag_id=1525#ew_0_888100,0.13,130,4.86753445,,
5578,oa,g_1842;em_12_149106;n_3849138-n_3849155;p_49;#=ew_69_204688;prefix=52613-;[0]=ew_0_1102177,L2Y03M,L2,74.26,74.13,https://labbcat.canterbury.ac.nz/maonze/transcript?ag_id=1842#ew_0_1102177,0.13,130,4.86753445,,
5712,oa,g_1907;em_12_156719;n_5283742-n_5283757;p_333;#=ew_69_239872;prefix=86255-;[0]=ew_0_1190556,R012M,PresentElder,77.995,77.865,https://labbcat.canterbury.ac.nz/maonze/transcript?ag_id=1907#ew_0_1190556,0.13,130,4.86753445,,
6199,oa,g_609;em_12_161075;n_6052221-n_6052226;p_142;#=ew_69_181551;prefix=30884-;[0]=ew_0_1244145,L1Y01M,L1,92.498,92.368,https://labbcat.canterbury.ac.nz/maonze/transcript?ag_id=609#ew_0_1244145,0.13,130,4.86753445,,
6365,oa,g_851;em_12_85580;n_100592-n_100593;p_167;#=ew_69_171128;prefix=21109-;[0]=ew_0_542049,L1H01M,L1,100.611,100.481,https://labbcat.canterbury.ac.nz/maonze/transcript?ag_id=851#ew_0_542049,0.13,130,4.86753445,,
6366,oa,g_851;em_12_85588;n_100600-n_100601;p_167;#=ew_69_171159;prefix=21127-;[0]=ew_0_542123,L1H01M,L1,127.558,127.428,https://labbcat.canterbury.ac.nz/maonze/transcript?ag_id=851#ew_0_542123,0.13,130,4.86753445,,
6827,ua,g_1029;em_12_96379;n_108740-n_108741;p_190;#=ew_69_233544;prefix=79904-;[0]=ew_0_634624,R009M,PresentElder,91.507,91.377,https://labbcat.canterbury.ac.nz/maonze/transcript?ag_id=1029#ew_0_634624,0.13,130,4.86753445,,
6830,ua,g_1029;em_12_96380;n_108741-n_108742;p_190;#=ew_69_233593;prefix=79912-;[0]=ew_0_634655,R009M,PresentElder,101.632,101.502,https://labbcat.canterbury.ac.nz/maonze/transcript?ag_id=1029#ew_0_634655,0.13,130,4.86753445,,
7314,ua,g_1209;em_12_109635;n_118420-n_118421;p_244;#=ew_69_243913;prefix=90506-;[0]=ew_0_729630,WU04M,Historical,125.632,125.502,https://labbcat.canterbury.ac.nz/maonze/transcript?ag_id=1209#ew_0_729630,0.13,130,4.86753445,,
7348,ua,g_1233;em_12_110992;n_21265-n_5824527;p_249;#=ew_69_180733;prefix=29743-;[0]=ew_0_1226109,L1H06M,L1,69.611,69.481,https://labbcat.canterbury.ac.nz/maonze/transcript?ag_id=1233#ew_0_1226109,0.13,130,4.86753445,,
7356,ua,g_1235;em_12_160100;n_5824921-n_21380;p_249;#=ew_69_180899;prefix=29901-;[0]=ew_0_1226134,L1H06M,L1,75.686,75.556,https://labbcat.canterbury.ac.nz/maonze/transcript?ag_id=1235#ew_0_1226134,0.13,130,4.86753445,,
7432,ua,g_134;em_12_9099;n_38576-n_38577;p_284;#=ew_69_209373;prefix=57319-;[0]=ew_0_87932,MU01M,Historical,102.147,102.017,https://labbcat.canterbury.ac.nz/maonze/transcript?ag_id=134#ew_0_87932,0.13,130,4.86753445,,
7468,ua,g_1372;em_12_118257;n_123804-n_123805;p_287;#=ew_69_227758;prefix=74702-;[0]=ew_0_814147,R006M,PresentElder,78.168,78.038,https://labbcat.canterbury.ac.nz/maonze/transcript?ag_id=1372#ew_0_814147,0.13,130,4.86753445,,
7498,ua,g_138;em_12_9631;n_39103-n_39104;p_284;#=ew_69_210032;prefix=57779-;[0]=ew_0_92828,MU01M,Historical,121.081,120.951,https://labbcat.canterbury.ac.nz/maonze/transcript?ag_id=138#ew_0_92828,0.13,130,4.86753445,,
7506,ua,g_1386;em_12_118972;n_124460-n_124461;p_262;#=ew_69_248471;prefix=94301-;[0]=ew_0_821519,WU08M,Historical,87.531,87.401,https://labbcat.canterbury.ac.nz/maonze/transcript?ag_id=1386#ew_0_821519,0.13,130,4.86753445,,
7543,ua,g_1395;em_12_119278;n_124738-n_23907;p_262;#=ew_69_249918;prefix=95522-;[0]=ew_0_826020,WU08M,Historical,98.507,98.377,https://labbcat.canterbury.ac.nz/maonze/transcript?ag_id=1395#ew_0_826020,0.13,130,4.86753445,,
7939,ua,g_1655;em_12_134288;n_136262-n_136263;p_300;#=ew_69_194359;prefix=43338-;[0]=ew_0_950037,L2H02M,L2,93.078,92.948,https://labbcat.canterbury.ac.nz/maonze/transcript?ag_id=1655#ew_0_950037,0.13,130,4.86753445,,
8381,ua,g_1909;em_12_156820;n_5285382-n_5285392;p_333;#=ew_69_240914;prefix=86588-;[0]=ew_0_1192016,R012M,PresentElder,101.584,101.454,https://labbcat.canterbury.ac.nz/maonze/transcript?ag_id=1909#ew_0_1192016,0.13,130,4.86753445,,
8557,ua,g_27;em_12_2229;n_32836-n_32837;p_19;#=ew_69_154818;prefix=05166-;[0]=ew_0_18873,K002M,PresentElder,125.34,125.21,https://labbcat.canterbury.ac.nz/maonze/transcript?ag_id=27#ew_0_18873,0.13,130,4.86753445,,
8622,ua,g_311;em_12_30298;n_55032-n_55033;p_81;#=ew_69_187127;prefix=35957-;[0]=ew_0_209673,L1Y03M,L1,92.596,92.466,https://labbcat.canterbury.ac.nz/maonze/transcript?ag_id=311#ew_0_209673,0.13,130,4.86753445,,
9599,ua,g_640;em_12_66824;n_86139-n_86140;p_145;#=ew_69_201561;prefix=49674-;[0]=ew_0_1108200,L2Y01M,L2,70.653,70.523,https://labbcat.canterbury.ac.nz/maonze/transcript?ag_id=640#ew_0_1108200,0.13,130,4.86753445,,
9688,ua,g_665;em_12_70477;n_89271-n_89272;p_148;#=ew_69_207400;prefix=55494-;[0]=ew_0_421711,L2Y05M,L2,72.406,72.276,https://labbcat.canterbury.ac.nz/maonze/transcript?ag_id=665#ew_0_421711,0.13,130,4.86753445,,
9974,ua,g_872;em_12_87160;n_101827-n_101828;p_168;#=ew_69_173981;prefix=24350-;[0]=ew_0_554247,L1H02M,L1,97.424,97.294,https://labbcat.canterbury.ac.nz/maonze/transcript?ag_id=872#ew_0_554247,0.13,130,4.86753445,,
10042,ua,g_883;em_12_87843;n_102282-n_102283;p_169;#=ew_69_175771;prefix=25272-;[0]=ew_0_558443,L1H03M,L1,112.825,112.695,https://labbcat.canterbury.ac.nz/maonze/transcript?ag_id=883#ew_0_558443,0.13,130,4.86753445,,
10237,ua,g_913;em_12_89379;n_15650-n_103334;p_173;#=ew_69_176427;prefix=25903-;[0]=ew_0_573280,L1H04M,L1,97.73,97.6,https://labbcat.canterbury.ac.nz/maonze/transcript?ag_id=913#ew_0_573280,0.13,130,4.86753445,,
10577,ua,g_976;em_12_93313;n_106578-n_16340;p_184;#=ew_69_224409;prefix=71373-;[0]=ew_0_605374,R004M,PresentElder,69.159,69.029,https://labbcat.canterbury.ac.nz/maonze/transcript?ag_id=976#ew_0_605374,0.13,130,4.86753445,,
10617,ua,g_984;em_12_93815;n_106906-n_106907;p_182;#=ew_69_225582;prefix=72489-;[0]=ew_0_609329,R005M,PresentElder,123.974,123.844,https://labbcat.canterbury.ac.nz/maonze/transcript?ag_id=984#ew_0_609329,0.13,130,4.86753445,,
10650,ua,g_987;em_12_93933;n_107007-n_107008;p_182;#=ew_69_226136;prefix=72994-;[0]=ew_0_610804,R005M,PresentElder,99.266,99.136,https://labbcat.canterbury.ac.nz/maonze/transcript?ag_id=987#ew_0_610804,0.13,130,4.86753445,,
473,ea,g_1371;em_12_118212;n_123762-n_23819;p_287;#=ew_69_228121;prefix=74875-;[0]=ew_0_813429,R006M,PresentElder,53.86,53.73,https://labbcat.canterbury.ac.nz/maonze/transcript?ag_id=1371#ew_0_813429,0.13,130,4.86753445,,
822,ea,g_1666;em_12_134829;n_136654-n_136655;p_302;#=ew_69_197824;prefix=46300-;[0]=ew_0_1276673,L2H04M,L2,61.418,61.288,https://labbcat.canterbury.ac.nz/maonze/transcript?ag_id=1666#ew_0_1276673,0.13,130,4.86753445,,
1009,ea,g_1848;em_12_149450;n_3853788-n_3853800;p_49;#=ew_69_205410;prefix=53401-;[0]=ew_0_1106126,L2Y03M,L2,26.722,26.592,https://labbcat.canterbury.ac.nz/maonze/transcript?ag_id=1848#ew_0_1106126,0.13,130,4.86753445,,
1094,ea,g_1903;em_12_156508;n_5279597-n_5279620;p_333;#=ew_69_239891;prefix=85490-;[0]=ew_0_1187071,R012M,PresentElder,34.722,34.592,https://labbcat.canterbury.ac.nz/maonze/transcript?ag_id=1903#ew_0_1187071,0.13,130,4.86753445,,
1123,ea,g_1909;em_12_156857;n_5285226-n_5285246;p_333;#=ew_69_240855;prefix=86752-;[0]=ew_0_1192260,R012M,PresentElder,53.941,53.811,https://labbcat.canterbury.ac.nz/maonze/transcript?ag_id=1909#ew_0_1192260,0.13,130,4.86753445,,
1222,ea,g_21;em_12_1711;n_32329-n_32330;p_19;#=ew_69_153062;prefix=03863-;[0]=ew_0_14710,K002M,PresentElder,42.999,42.869,https://labbcat.canterbury.ac.nz/maonze/transcript?ag_id=21#ew_0_14710,0.13,130,4.86753445,,
1497,ea,g_345;em_12_161002;n_6030960-n_6030962;p_85;#=ew_69_184676;prefix=33838-;[0]=ew_0_1242606,L1Y02M,L1,45.283,45.153,https://labbcat.canterbury.ac.nz/maonze/transcript?ag_id=345#ew_0_1242606,0.13,130,4.86753445,,
1616,ea,g_452;em_12_46764;n_7644-n_69209;p_110;#=ew_69_157178;prefix=07255-;[0]=ew_0_292702,K003M,PresentElder,51.563,51.433,https://labbcat.canterbury.ac.nz/maonze/transcript?ag_id=452#ew_0_292702,0.13,130,4.86753445,,
1710,ea,g_480;em_12_49297;n_71197-n_71198;p_121;#=ew_69_168460;prefix=18120-;[0]=ew_0_308672,K009M,PresentElder,54.612,54.482,https://labbcat.canterbury.ac.nz/maonze/transcript?ag_id=480#ew_0_308672,0.13,130,4.86753445,,
2278,ea,g_856;em_12_85924;n_100915-n_100916;p_167;#=ew_69_171818;prefix=21794-;[0]=ew_0_544804,L1H01M,L1,16.434,16.304,https://labbcat.canterbury.ac.nz/maonze/transcript?ag_id=856#ew_0_544804,0.13,130,4.86753445,,
2398,ea,g_891;em_12_88300;n_102578-n_102579;p_174;#=ew_69_178873;prefix=28808-;[0]=ew_0_561501,L1H05M,L1,38.993,38.863,https://labbcat.canterbury.ac.nz/maonze/transcript?ag_id=891#ew_0_561501,0.13,130,4.86753445,,
2748,ea,g_978;em_12_93476;n_16415-n_106666;p_184;#=ew_69_225033;prefix=71655-;[0]=ew_0_606413,R004M,PresentElder,46.154,46.024,https://labbcat.canterbury.ac.nz/maonze/transcript?ag_id=978#ew_0_606413,0.13,130,4.86753445,,
2818,ea,g_99;em_12_162773;n_6281850-n_6281855;p_41;#=ew_69_163337;prefix=13227-;[0]=ew_0_1271805,K007M,PresentElder,63.274,63.144,https://labbcat.canterbury.ac.nz/maonze/transcript?ag_id=99#ew_0_1271805,0.13,130,4.86753445,,
2858,ia,g_1007;em_12_95249;n_108209-n_108210;p_284;#=ew_69_210454;prefix=58127-;[0]=ew_0_623508,MU01M,Historical,32.18,32.05,https://labbcat.canterbury.ac.nz/maonze/transcript?ag_id=1007#ew_0_623508,0.13,130,4.86753445,,
2860,ia,g_1007;em_12_95252;n_108212-n_108213;p_284;#=ew_69_210471;prefix=58143-;[0]=ew_0_623557,MU01M,Historical,54.875,54.745,https://labbcat.canterbury.ac.nz/maonze/transcript?ag_id=1007#ew_0_623557,0.13,130,4.86753445,,
3631,ia,g_1857;em_12_150749;n_4612892-n_4612906;p_97;#=ew_69_215968;prefix=63400-;[0]=ew_0_1126985,MU07M,Historical,37.893,37.763,https://labbcat.canterbury.ac.nz/maonze/transcript?ag_id=1857#ew_0_1126985,0.13,130,4.86753445,,
3642,ia,g_1883;em_12_155019;n_5258707-n_5258730;p_334;#=ew_69_237023;prefix=83342-;[0]=ew_0_1170288,R011M,PresentElder,56.158,56.028,https://labbcat.canterbury.ac.nz/maonze/transcript?ag_id=1883#ew_0_1170288,0.13,130,4.86753445,,
3738,ia,g_1910;em_12_156927;n_5286321-n_5286341;p_333;#=ew_69_240425;prefix=86899-;[0]=ew_0_1192622,R012M,PresentElder,55.978,55.848,https://labbcat.canterbury.ac.nz/maonze/transcript?ag_id=1910#ew_0_1192622,0.13,130,4.86753445,,
3876,ia,g_315;em_12_30558;n_55203-n_55205;p_89;#=ew_69_187311;prefix=36398-;[0]=ew_0_211427,L1Y04M,L1,37.991,37.861,https://labbcat.canterbury.ac.nz/maonze/transcript?ag_id=315#ew_0_211427,0.13,130,4.86753445,,
3969,ia,g_370;em_12_35978;n_59803-n_59804;p_92;#=ew_69_213859;prefix=60828-;[0]=ew_0_238842,MU04M,Historical,36.712,36.582,https://labbcat.canterbury.ac.nz/maonze/transcript?ag_id=370#ew_0_238842,0.13,130,4.86753445,,
4155,ia,g_480;em_12_49294;n_71194-n_71195;p_121;#=ew_69_168435;prefix=18104-;[0]=ew_0_308618,K009M,PresentElder,32.679,32.549,https://labbcat.canterbury.ac.nz/maonze/transcript?ag_id=480#ew_0_308618,0.13,130,4.86753445,,
4343,ia,g_619;em_12_65072;n_84629-n_84630;p_142;#=ew_69_182612;prefix=32080-;[0]=ew_0_393156,L1Y01M,L1,48.158,48.028,https://labbcat.canterbury.ac.nz/maonze/transcript?ag_id=619#ew_0_393156,0.13,130,4.86753445,,
4346,ia,g_620;em_12_65102;n_84658-n_84659;p_142;#=ew_69_182285;prefix=32171-;[0]=ew_0_393515,L1Y01M,L1,21.135,21.005,https://labbcat.canterbury.ac.nz/maonze/transcript?ag_id=620#ew_0_393515,0.13,130,4.86753445,,
4767,ia,g_947;em_12_91632;n_105309-n_105310;p_181;#=ew_69_220656;prefix=67230-;[0]=ew_0_589275,R002M,PresentElder,62.084,61.954,https://labbcat.canterbury.ac.nz/maonze/transcript?ag_id=947#ew_0_589275,0.13,130,4.86753445,,
4791,ia,g_955;em_12_92003;n_6536246-n_105624;p_181;#=ew_69_221229;prefix=68248-;[0]=ew_0_594236,R002M,PresentElder,63.935,63.805,https://labbcat.canterbury.ac.nz/maonze/transcript?ag_id=955#ew_0_594236,0.13,130,4.86753445,,
4828,ia,g_970;em_12_92870;n_106247-n_106248;p_184;#=ew_69_223356;prefix=70375-;[0]=ew_0_601922,R004M,PresentElder,63.857,63.727,https://labbcat.canterbury.ac.nz/maonze/transcript?ag_id=970#ew_0_601922,0.13,130,4.86753445,,
5111,oa,g_1081;em_12_100064;n_111220-n_18375;p_208;#=ew_69_246872;prefix=92425-;[0]=ew_0_664681,WU07M,Historical,42.076,41.946,https://labbcat.canterbury.ac.nz/maonze/transcript?ag_id=1081#ew_0_664681,0.13,130,4.86753445,,
5553,oa,g_1752;em_12_140019;n_140683-n_140684;p_318;#=ew_69_231681;prefix=78232-;[0]=ew_0_1003575,R008M,PresentElder,36.896,36.766,https://labbcat.canterbury.ac.nz/maonze/transcript?ag_id=1752#ew_0_1003575,0.13,130,4.86753445,,
5719,oa,g_1908;em_12_156801;n_5284085-n_5284104;p_333;#=ew_69_240853;prefix=86407-;[0]=ew_0_1190737,R012M,PresentElder,23.806,23.676,https://labbcat.canterbury.ac.nz/maonze/transcript?ag_id=1908#ew_0_1190737,0.13,130,4.86753445,,
5770,oa,g_1943;em_12_165623;n_6845782-n_6845795;p_19;#=ew_69_151810;prefix=02571-;[0]=ew_0_1296079,K002M,PresentElder,37.36,37.23,https://labbcat.canterbury.ac.nz/maonze/transcript?ag_id=1943#ew_0_1296079,0.13,130,4.86753445,,
5899,oa,g_328;em_12_33136;n_57417-n_57418;p_85;#=ew_69_184496;prefix=33597-;[0]=ew_0_219497,L1Y02M,L1,21.937,21.807,https://labbcat.canterbury.ac.nz/maonze/transcript?ag_id=328#ew_0_219497,0.13,130,4.86753445,,
6388,oa,g_859;em_12_86191;n_101165-n_101166;p_167;#=ew_69_172473;prefix=22329-;[0]=ew_0_546748,L1H01M,L1,56.151,56.021,https://labbcat.canterbury.ac.nz/maonze/transcript?ag_id=859#ew_0_546748,0.13,130,4.86753445,,
6505,oa,g_908;em_12_89179;n_103260-n_15524;p_173;#=ew_69_176987;prefix=26436-;[0]=ew_0_570586,L1H04M,L1,49.06,48.93,https://labbcat.canterbury.ac.nz/maonze/transcript?ag_id=908#ew_0_570586,0.13,130,4.86753445,,
6570,oa,g_948;em_12_163296;n_6521687-n_6521690;p_181;#=ew_69_219872;prefix=67381-;[0]=ew_0_1278606,R002M,PresentElder,23.661,23.531,https://labbcat.canterbury.ac.nz/maonze/transcript?ag_id=948#ew_0_1278606,0.13,130,4.86753445,,
6715,ua,g_101;em_12_7035;n_36879-n_36880;p_41;#=ew_69_162884;prefix=13522-;[0]=ew_0_69216,K007M,PresentElder,29.184,29.054,https://labbcat.canterbury.ac.nz/maonze/transcript?ag_id=101#ew_0_69216,0.13,130,4.86753445,,
6842,ua,g_1031;em_12_96457;n_108799-n_108800;p_190;#=ew_69_234012;prefix=80217-;[0]=ew_0_635784,R009M,PresentElder,49.054,48.924,https://labbcat.canterbury.ac.nz/maonze/transcript?ag_id=1031#ew_0_635784,0.13,130,4.86753445,,
6854,ua,g_1032;em_12_96507;n_17265-n_108835;p_190;#=ew_69_233403;prefix=80367-;[0]=ew_0_636430,R009M,PresentElder,42.469,42.339,https://labbcat.canterbury.ac.nz/maonze/transcript?ag_id=1032#ew_0_636430,0.13,130,4.86753445,,
6890,ua,g_1036;em_12_96665;n_108959-n_108960;p_193;#=ew_69_234906;prefix=81138-;[0]=ew_0_639002,R010M,PresentElder,60.116,59.986,https://labbcat.canterbury.ac.nz/maonze/transcript?ag_id=1036#ew_0_639002,0.13,130,4.86753445,,
6961,ua,g_1044;em_12_97384;n_109326-n_109327;p_193;#=ew_69_236031;prefix=82453-;[0]=ew_0_645095,R010M,PresentElder,46.447,46.317,https://labbcat.canterbury.ac.nz/maonze/transcript?ag_id=1044#ew_0_645095,0.13,130,4.86753445,,
7084,ua,g_1078;em_12_99900;n_111091-n_111092;p_208;#=ew_69_245985;prefix=92112-;[0]=ew_0_663398,WU07M,Historical,52.326,52.196,https://labbcat.canterbury.ac.nz/maonze/transcript?ag_id=1078#ew_0_663398,0.13,130,4.86753445,,
7415,ua,g_131;em_12_8869;n_38349-n_38350;p_284;#=ew_69_209045;prefix=56817-;[0]=ew_0_1114240,MU01M,Historical,56.917,56.787,https://labbcat.canterbury.ac.nz/maonze/transcript?ag_id=131#ew_0_1114240,0.13,130,4.86753445,,
7586,ua,g_1515;em_12_125668;n_129780-n_129781;p_276;#=ew_69_242066;prefix=88094-;[0]=ew_0_882347,WU03M,Historical,21.841,21.711,https://labbcat.canterbury.ac.nz/maonze/transcript?ag_id=1515#ew_0_882347,0.13,130,4.86753445,,
7718,ua,g_16;em_12_1231;n_31858-n_31859;p_19;#=ew_69_152151;prefix=02204-;[0]=ew_0_1231927,K002M,PresentElder,31.271,31.141,https://labbcat.canterbury.ac.nz/maonze/transcript?ag_id=16#ew_0_1231927,0.13,130,4.86753445,,
7884,ua,g_1647;em_12_133576;n_135757-n_135758;p_300;#=ew_69_193328;prefix=42217-;[0]=ew_0_945660,L2H02M,L2,63.133,63.003,https://labbcat.canterbury.ac.nz/maonze/transcript?ag_id=1647#ew_0_945660,0.13,130,4.86753445,,
8328,ua,g_1902;em_12_156432;n_5278739-n_5278757;p_333;#=ew_69_239156;prefix=85263-;[0]=ew_0_1186128,R012M,PresentElder,28.274,28.144,https://labbcat.canterbury.ac.nz/maonze/transcript?ag_id=1902#ew_0_1186128,0.13,130,4.86753445,,
8776,ua,g_343;em_12_33544;n_6033-n_57746;p_85;#=ew_69_185247;prefix=34519-;[0]=ew_0_224877,L1Y02M,L1,34.625,34.495,https://labbcat.canterbury.ac.nz/maonze/transcript?ag_id=343#ew_0_224877,0.13,130,4.86753445,,
8870,ua,g_372;em_12_36279;n_4458727-n_60096;p_92;#=ew_69_213626;prefix=61143-;[0]=ew_0_240643,MU04M,Historical,51.372,51.242,https://labbcat.canterbury.ac.nz/maonze/transcript?ag_id=372#ew_0_240643,0.13,130,4.86753445,,
9296,ua,g_600;em_12_64074;n_83671-n_83672;p_140;#=ew_69_189769;prefix=38781-;[0]=ew_0_1248313,L1Y05M,L1,56.029,55.899,https://labbcat.canterbury.ac.nz/maonze/transcript?ag_id=600#ew_0_1248313,0.13,130,4.86753445,,
9478,ua,g_626;em_12_65344;n_84863-n_84864;p_142;#=ew_69_183687;prefix=32893-;[0]=ew_0_396458,L1Y01M,L1,61.924,61.794,https://labbcat.canterbury.ac.nz/maonze/transcript?ag_id=626#ew_0_396458,0.13,130,4.86753445,,
9503,ua,g_629;em_12_171101;n_7007049-n_7007050;p_143;#=ew_69_202644;prefix=50766-;[0]=ew_0_1339763,L2Y02M,L2,50.697,50.567,https://labbcat.canterbury.ac.nz/maonze/transcript?ag_id=629#ew_0_1339763,0.13,130,4.86753445,,
9662,ua,g_660;em_12_69962;n_88811-n_88812;p_146;#=ew_69_206471;prefix=54827-;[0]=ew_0_418992,L2Y04M,L2,25.292,25.162,https://labbcat.canterbury.ac.nz/maonze/transcript?ag_id=660#ew_0_418992,0.13,130,4.86753445,,
9685,ua,g_665;em_12_70474;n_89268-n_89269;p_148;#=ew_69_207382;prefix=55478-;[0]=ew_0_421673,L2Y05M,L2,48.357,48.227,https://labbcat.canterbury.ac.nz/maonze/transcript?ag_id=665#ew_0_421673,0.13,130,4.86753445,,
10542,ua,g_971;em_12_92921;n_106297-n_106298;p_184;#=ew_69_223511;prefix=70515-;[0]=ew_0_602380,R004M,PresentElder,32.625,32.495,https://labbcat.canterbury.ac.nz/maonze/transcript?ag_id=971#ew_0_602380,0.13,130,4.86753445,,
10611,ua,g_983;em_12_93784;n_16507-n_106882;p_182;#=ew_69_225478;prefix=72420-;[0]=ew_0_609024,R005M,PresentElder,20.702,20.572,https://labbcat.canterbury.ac.nz/maonze/transcript?ag_id=983#ew_0_609024,0.13,130,4.86753445,,
493,ea,g_1373;em_12_118286;n_23822-n_123833;p_287;#=ew_69_227473;prefix=74456-;[0]=ew_0_814577,R006M,PresentElder,5.69,5.56,https://labbcat.canterbury.ac.nz/maonze/transcript?ag_id=1373#ew_0_814577,0.13,130,4.86753445,,
1146,ea,g_1920;em_12_161233;n_6078871-n_6078884;p_142;#=ew_69_183344;prefix=32627-;[0]=ew_0_1247995,L1Y01M,L1,10.752,10.622,https://labbcat.canterbury.ac.nz/maonze/transcript?ag_id=1920#ew_0_1247995,0.13,130,4.86753445,,
1753,ea,g_493;em_12_50833;n_8504-n_72382;p_122;#=ew_69_169531;prefix=20001-;[0]=ew_0_316901,K010M,PresentElder,10.404,10.274,https://labbcat.canterbury.ac.nz/maonze/transcript?ag_id=493#ew_0_316901,0.13,130,4.86753445,,
2156,ea,g_670;em_12_70654;n_89435-n_89436;p_148;#=ew_69_208462;prefix=56364-;[0]=ew_0_424768,L2Y05M,L2,15.476,15.346,https://labbcat.canterbury.ac.nz/maonze/transcript?ag_id=670#ew_0_424768,0.13,130,4.86753445,,
4771,ia,g_948;em_12_91671;n_105346-n_6521681;p_181;#=ew_69_219865;prefix=67374-;[0]=ew_0_589817,R002M,PresentElder,12.461,12.331,https://labbcat.canterbury.ac.nz/maonze/transcript?ag_id=948#ew_0_589817,0.13,130,4.86753445,,
236,ea,g_1078;em_12_99891;n_111082-n_111083;p_208;#=ew_69_245927;prefix=92093-;[0]=ew_0_663286,WU07M,Historical,6.294,6.164,https://labbcat.canterbury.ac.nz/maonze/transcript?ag_id=1078#ew_0_663286,0.13,130,4.86753445,,
420,ea,g_1239;em_12_111389;n_21623-n_5825967;p_249;#=ew_69_180581;prefix=30217-;[0]=ew_0_744465,L1H06M,L1,1.19,1.06,https://labbcat.canterbury.ac.nz/maonze/transcript?ag_id=1239#ew_0_744465,0.13,130,4.86753445,,
482,ea,g_1372;em_12_118243;n_23821-n_123791;p_287;#=ew_69_227571;prefix=74631-;[0]=ew_0_813957,R006M,PresentElder,1.03,0.9,https://labbcat.canterbury.ac.nz/maonze/transcript?ag_id=1372#ew_0_813957,0.13,130,4.86753445,,
1142,ea,g_1913;em_12_157119;n_5289409-n_5289421;p_333;#=ew_69_240194;prefix=87423-;[0]=ew_0_1195794,R012M,PresentElder,5.592,5.462,https://labbcat.canterbury.ac.nz/maonze/transcript?ag_id=1913#ew_0_1195794,0.13,130,4.86753445,,
1842,ea,g_56;em_12_3946;n_336-n_34274;p_32;#=ew_69_158322;prefix=08959-;[0]=ew_0_37699,K004M,PresentElder,3.25,3.12,https://labbcat.canterbury.ac.nz/maonze/transcript?ag_id=56#ew_0_37699,0.13,130,4.86753445,,
1966,ea,g_621;em_12_65140;n_84689-n_84690;p_142;#=ew_69_182983;prefix=32249-;[0]=ew_0_393985,L1Y01M,L1,3.335,3.205,https://labbcat.canterbury.ac.nz/maonze/transcript?ag_id=621#ew_0_393985,0.13,130,4.86753445,,
3394,ia,g_16;em_12_1227;n_51-n_31855;p_19;#=ew_69_152118;prefix=02183-;[0]=ew_0_10617,K002M,PresentElder,4.01,3.88,https://labbcat.canterbury.ac.nz/maonze/transcript?ag_id=16#ew_0_10617,0.13,130,4.86753445,,
4698,ia,g_926;em_12_90191;n_104011-n_104012;p_179;#=ew_69_217379;prefix=64438-;[0]=ew_0_579525,R001M,PresentElder,7.679,7.549,https://labbcat.canterbury.ac.nz/maonze/transcript?ag_id=926#ew_0_579525,0.13,130,4.86753445,,
4748,ia,g_939;em_12_91186;n_104959-n_104960;p_179;#=ew_69_218971;prefix=66201-;[0]=ew_0_585663,R001M,PresentElder,4.754,4.624,https://labbcat.canterbury.ac.nz/maonze/transcript?ag_id=939#ew_0_585663,0.13,130,4.86753445,,
7219,ua,g_115;em_12_8218;n_37777-n_37778;p_43;#=ew_69_211152;prefix=59341-;[0]=ew_0_79663,MU02M,Historical,7.603,7.473,https://labbcat.canterbury.ac.nz/maonze/transcript?ag_id=115#ew_0_79663,0.13,130,4.86753445,,
8054,ua,g_1677;em_12_135315;n_27540-n_137051;p_307;#=ew_69_199635;prefix=48366-;[0]=ew_0_960481,L2H05M,L2,7.582,7.452,https://labbcat.canterbury.ac.nz/maonze/transcript?ag_id=1677#ew_0_960481,0.13,130,4.86753445,,
8728,ua,g_333;em_12_33264;n_57520-n_57521;p_85;#=ew_69_184272;prefix=33788-;[0]=ew_0_1242028,L1Y02M,L1,5.64,5.51,https://labbcat.canterbury.ac.nz/maonze/transcript?ag_id=333#ew_0_1242028,0.13,130,4.86753445,,
9259,ua,g_57;em_12_3997;n_34323-n_34324;p_32;#=ew_69_158672;prefix=09157-;[0]=ew_0_38548,K004M,PresentElder,6.664,6.534,https://labbcat.canterbury.ac.nz/maonze/transcript?ag_id=57#ew_0_38548,0.13,130,4.86753445,,
9,ea,g_100;em_12_162712;n_6281778-n_6281873;p_41;#=ew_69_162580;prefix=13413-;[0]=ew_0_1269573,K007M,PresentElder,28.244,28.114,https://labbcat.canterbury.ac.nz/maonze/transcript?ag_id=100#ew_0_1269573,0.13,130,4.86753445,,
174,ea,g_1045;em_12_97425;n_109357-n_109358;p_193;#=ew_69_236336;prefix=82553-;[0]=ew_0_645717,R010M,PresentElder,27.157,27.027,https://labbcat.canterbury.ac.nz/maonze/transcript?ag_id=1045#ew_0_645717,0.13,130,4.86753445,,
207,ea,g_107;em_12_7321;n_37154-n_37155;p_41;#=ew_69_164100;prefix=14631-;[0]=ew_0_73429,K007M,PresentElder,23.996,23.866,https://labbcat.canterbury.ac.nz/maonze/transcript?ag_id=107#ew_0_73429,0.13,130,4.86753445,,
961,ea,g_1842;em_12_149097;n_3849022-n_3849032;p_49;#=ew_69_204635;prefix=52595-;[0]=ew_0_1102072,L2Y03M,L2,30.676,30.546,https://labbcat.canterbury.ac.nz/maonze/transcript?ag_id=1842#ew_0_1102072,0.13,130,4.86753445,,
1041,ea,g_1883;em_12_155022;n_5258601-n_5258618;p_334;#=ew_69_236998;prefix=83298-;[0]=ew_0_1170479,R011M,PresentElder,22.641,22.511,https://labbcat.canterbury.ac.nz/maonze/transcript?ag_id=1883#ew_0_1170479,0.13,130,4.86753445,,
1199,ea,g_1946;em_12_165949;n_6849213-n_6849229;p_121;#=ew_69_167345;prefix=17350-;[0]=ew_0_1298559,K009M,PresentElder,9.399,9.269,https://labbcat.canterbury.ac.nz/maonze/transcript?ag_id=1946#ew_0_1298559,0.13,130,4.86753445,,
1324,ea,g_308;em_12_30015;n_54808-n_54809;p_81;#=ew_69_186042;prefix=35637-;[0]=ew_0_207423,L1Y03M,L1,30.435,30.305,https://labbcat.canterbury.ac.nz/maonze/transcript?ag_id=308#ew_0_207423,0.13,130,4.86753445,,
1568,ea,g_4;em_12_116;n_30787-n_30788;p_28;#=ew_69_150760;prefix=01962-;[0]=ew_0_1775,K001M,PresentElder,21.441,21.311,https://labbcat.canterbury.ac.nz/maonze/transcript?ag_id=4#ew_0_1775,0.13,130,4.86753445,,
1590,ea,g_446;em_12_46047;n_68544-n_68545;p_110;#=ew_69_155282;prefix=05717-;[0]=ew_0_286986,K003M,PresentElder,23.31,23.18,https://labbcat.canterbury.ac.nz/maonze/transcript?ag_id=446#ew_0_286986,0.13,130,4.86753445,,
2098,ea,g_654;em_12_68543;n_87598-n_87599;p_146;#=ew_69_205768;prefix=54220-;[0]=ew_0_415736,L2Y04M,L2,15.383,15.253,https://labbcat.canterbury.ac.nz/maonze/transcript?ag_id=654#ew_0_415736,0.13,130,4.86753445,,
2825,ea,g_99;em_12_6918;n_741-n_36765;p_41;#=ew_69_163246;prefix=13036-;[0]=ew_0_67451,K007M,PresentElder,9.59,9.46,https://labbcat.canterbury.ac.nz/maonze/transcript?ag_id=99#ew_0_67451,0.13,130,4.86753445,,
2827,ea,g_990;em_12_94051;n_107106-n_107107;p_182;#=ew_69_226721;prefix=73395-;[0]=ew_0_612188,R005M,PresentElder,13.988,13.858,https://labbcat.canterbury.ac.nz/maonze/transcript?ag_id=990#ew_0_612188,0.13,130,4.86753445,,
2995,ia,g_1038;em_12_163776;n_6745941-n_6745944;p_193;#=ew_69_235036;prefix=81523-;[0]=ew_0_1283282,R010M,PresentElder,32,31.87,https://labbcat.canterbury.ac.nz/maonze/transcript?ag_id=1038#ew_0_1283282,0.13,130,4.86753445,,
3098,ia,g_1086;em_12_100374;n_111475-n_111476;p_208;#=ew_69_247351;prefix=93162-;[0]=ew_0_667604,WU07M,Historical,17.205,17.075,https://labbcat.canterbury.ac.nz/maonze/transcript?ag_id=1086#ew_0_667604,0.13,130,4.86753445,,
3331,ia,g_1395;em_12_119269;n_124729-n_124730;p_262;#=ew_69_249813;prefix=95467-;[0]=ew_0_825848,WU08M,Historical,29.432,29.302,https://labbcat.canterbury.ac.nz/maonze/transcript?ag_id=1395#ew_0_825848,0.13,130,4.86753445,,
4083,ia,g_450;em_12_46515;n_68987-n_68988;p_110;#=ew_69_156542;prefix=06624-;[0]=ew_0_290699,K003M,PresentElder,16.124,15.994,https://labbcat.canterbury.ac.nz/maonze/transcript?ag_id=450#ew_0_290699,0.13,130,4.86753445,,
4319,ia,g_61;em_12_4192;n_34513-n_34514;p_32;#=ew_69_159231;prefix=09931-;[0]=ew_0_41657,K004M,PresentElder,16.572,16.442,https://labbcat.canterbury.ac.nz/maonze/transcript?ag_id=61#ew_0_41657,0.13,130,4.86753445,,
4568,ia,g_867;em_12_86718;n_101541-n_101542;p_168;#=ew_69_174359;prefix=23545-;[0]=ew_0_551046,L1H02M,L1,31.227,31.097,https://labbcat.canterbury.ac.nz/maonze/transcript?ag_id=867#ew_0_551046,0.13,130,4.86753445,,
4901,ia,g_989;em_12_150930;n_4619383-n_4619385;p_182;#=ew_69_225777;prefix=73250-;[0]=ew_0_1127960,R005M,PresentElder,11.258,11.128,https://labbcat.canterbury.ac.nz/maonze/transcript?ag_id=989#ew_0_1127960,0.13,130,4.86753445,,
4938,oa,g_101;em_12_7033;n_36877-n_36878;p_41;#=ew_69_162878;prefix=13516-;[0]=ew_0_69198,K007M,PresentElder,22.781,22.651,https://labbcat.canterbury.ac.nz/maonze/transcript?ag_id=101#ew_0_69198,0.13,130,4.86753445,,
5110,oa,g_1081;em_12_100061;n_18374-n_111218;p_208;#=ew_69_246850;prefix=92417-;[0]=ew_0_664657,WU07M,Historical,31.15,31.02,https://labbcat.canterbury.ac.nz/maonze/transcript?ag_id=1081#ew_0_664657,0.13,130,4.86753445,,
5291,oa,g_1395;em_12_119267;n_124727-n_124728;p_262;#=ew_69_249803;prefix=95462-;[0]=ew_0_825830,WU08M,Historical,19.348,19.218,https://labbcat.canterbury.ac.nz/maonze/transcript?ag_id=1395#ew_0_825830,0.13,130,4.86753445,,
5447,oa,g_1652;em_12_134014;n_136078-n_136079;p_300;#=ew_69_194683;prefix=42920-;[0]=ew_0_948373,L2H02M,L2,26.249,26.119,https://labbcat.canterbury.ac.nz/maonze/transcript?ag_id=1652#ew_0_948373,0.13,130,4.86753445,,
5617,oa,g_1881;em_12_154881;n_5256614-n_5256638;p_334;#=ew_69_236857;prefix=83152-;[0]=ew_0_1168988,R011M,PresentElder,16.861,16.731,https://labbcat.canterbury.ac.nz/maonze/transcript?ag_id=1881#ew_0_1168988,0.13,130,4.86753445,,
5963,oa,g_370;em_12_35971;n_59796-n_59797;p_92;#=ew_69_213841;prefix=60812-;[0]=ew_0_238791,MU04M,Historical,18.285,18.155,https://labbcat.canterbury.ac.nz/maonze/transcript?ag_id=370#ew_0_238791,0.13,130,4.86753445,,
6188,oa,g_604;em_12_64302;n_83895-n_83896;p_140;#=ew_69_191125;prefix=39545-;[0]=ew_0_385137,L1Y05M,L1,26.683,26.553,https://labbcat.canterbury.ac.nz/maonze/transcript?ag_id=604#ew_0_385137,0.13,130,4.86753445,,
6349,oa,g_81;em_12_5543;n_35618-n_35619;p_37;#=ew_69_160046;prefix=10605-;[0]=ew_0_55391,K005M,PresentElder,11.35,11.22,https://labbcat.canterbury.ac.nz/maonze/transcript?ag_id=81#ew_0_55391,0.13,130,4.86753445,,
6742,ua,g_1013;em_12_95602;n_108414-n_108415;p_188;#=ew_69_229785;prefix=76750-;[0]=ew_0_626223,R007M,PresentElder,25.236,25.106,https://labbcat.canterbury.ac.nz/maonze/transcript?ag_id=1013#ew_0_626223,0.13,130,4.86753445,,
6879,ua,g_1035;em_12_96621;n_17292-n_108922;p_190;#=ew_69_234495;prefix=80852-;[0]=ew_0_638252,R009M,PresentElder,19.413,19.283,https://labbcat.canterbury.ac.nz/maonze/transcript?ag_id=1035#ew_0_638252,0.13,130,4.86753445,,
6909,ua,g_1038;em_12_96798;n_109049-n_17340;p_193;#=ew_69_235009;prefix=81516-;[0]=ew_0_640410,R010M,PresentElder,24.516,24.386,https://labbcat.canterbury.ac.nz/maonze/transcript?ag_id=1038#ew_0_640410,0.13,130,4.86753445,,
7020,ua,g_1071;em_12_99549;n_4690874-n_110765;p_206;#=ew_69_245573;prefix=91133-;[0]=ew_0_659687,WU06M,Historical,18.145,18.015,https://labbcat.canterbury.ac.nz/maonze/transcript?ag_id=1071#ew_0_659687,0.13,130,4.86753445,,
7693,ua,g_1541;em_12_126976;n_25616-n_25617;p_291;#=ew_69_216331;prefix=63715-;[0]=ew_0_896256,MU09M,Historical,21.514,21.384,https://labbcat.canterbury.ac.nz/maonze/transcript?ag_id=1541#ew_0_896256,0.13,130,4.86753445,,
7978,ua,g_1663;em_12_134664;n_136509-n_136510;p_302;#=ew_69_197212;prefix=45819-;[0]=ew_0_953514,L2H04M,L2,19.633,19.503,https://labbcat.canterbury.ac.nz/maonze/transcript?ag_id=1663#ew_0_953514,0.13,130,4.86753445,,
8095,ua,g_1746;em_12_139584;n_140297-n_140298;p_318;#=ew_69_231019;prefix=77595-;[0]=ew_0_1001276,R008M,PresentElder,18.9,18.77,https://labbcat.canterbury.ac.nz/maonze/transcript?ag_id=1746#ew_0_1001276,0.13,130,4.86753445,,
8147,ua,g_1752;em_12_140015;n_140679-n_140680;p_318;#=ew_69_231661;prefix=78223-;[0]=ew_0_1003544,R008M,PresentElder,21.548,21.418,https://labbcat.canterbury.ac.nz/maonze/transcript?ag_id=1752#ew_0_1003544,0.13,130,4.86753445,,
8480,ua,g_1944;em_12_165785;n_6846735-n_6846745;p_28;#=ew_69_150039;prefix=01306-;[0]=ew_0_1296922,K001M,PresentElder,30.131,30.001,https://labbcat.canterbury.ac.nz/maonze/transcript?ag_id=1944#ew_0_1296922,0.13,130,4.86753445,,
8738,ua,g_334;em_12_33272;n_57525-n_57526;p_85;#=ew_69_184930;prefix=34164-;[0]=ew_0_221275,L1Y02M,L1,17.227,17.097,https://labbcat.canterbury.ac.nz/maonze/transcript?ag_id=334#ew_0_221275,0.13,130,4.86753445,,
8992,ua,g_453;em_12_46891;n_69298-n_69299;p_110;#=ew_69_156941;prefix=07450-;[0]=ew_0_1253488,K003M,PresentElder,10.087,9.957,https://labbcat.canterbury.ac.nz/maonze/transcript?ag_id=453#ew_0_1253488,0.13,130,4.86753445,,
9603,ua,g_641;em_12_66902;n_86177-n_86178;p_145;#=ew_69_201445;prefix=49833-;[0]=ew_0_1107764,L2Y01M,L2,10.024,9.894,https://labbcat.canterbury.ac.nz/maonze/transcript?ag_id=641#ew_0_1107764,0.13,130,4.86753445,,
9659,ua,g_659;em_12_69710;n_88592-n_88593;p_146;#=ew_69_206404;prefix=54723-;[0]=ew_0_418458,L2Y04M,L2,22.976,22.846,https://labbcat.canterbury.ac.nz/maonze/transcript?ag_id=659#ew_0_418458,0.13,130,4.86753445,,
9926,ua,g_867;em_12_86713;n_101536-n_101537;p_168;#=ew_69_174306;prefix=23525-;[0]=ew_0_550986,L1H02M,L1,10.292,10.162,https://labbcat.canterbury.ac.nz/maonze/transcript?ag_id=867#ew_0_550986,0.13,130,4.86753445,,
9996,ua,g_877;em_12_87389;n_102001-n_102002;p_169;#=ew_69_175295;prefix=24717-;[0]=ew_0_555672,L1H03M,L1,24.59,24.46,https://labbcat.canterbury.ac.nz/maonze/transcript?ag_id=877#ew_0_555672,0.13,130,4.86753445,,
10060,ua,g_891;em_12_88299;n_102577-n_102578;p_174;#=ew_69_178863;prefix=28798-;[0]=ew_0_561472,L1H05M,L1,31.858,31.728,https://labbcat.canterbury.ac.nz/maonze/transcript?ag_id=891#ew_0_561472,0.13,130,4.86753445,,
10213,ua,g_911;em_12_89292;n_103299-n_103300;p_173;#=ew_69_176592;prefix=26068-;[0]=ew_0_572067,L1H04M,L1,20.304,20.174,https://labbcat.canterbury.ac.nz/maonze/transcript?ag_id=911#ew_0_572067,0.13,130,4.86753445,,
10554,ua,g_972;em_12_92972;n_106343-n_106344;p_184;#=ew_69_223672;prefix=70657-;[0]=ew_0_602862,R004M,PresentElder,22.351,22.221,https://labbcat.canterbury.ac.nz/maonze/transcript?ag_id=972#ew_0_602862,0.13,130,4.86753445,,
10613,ua,g_984;em_12_93803;n_106894-n_106895;p_182;#=ew_69_225544;prefix=72456-;[0]=ew_0_609191,R005M,PresentElder,28.211,28.081,https://labbcat.canterbury.ac.nz/maonze/transcript?ag_id=984#ew_0_609191,0.13,130,4.86753445,,
4,ea,g_10;em_12_710;n_31357-n_31358;p_28;#=ew_69_149890;prefix=00532-;[0]=ew_0_6365,K001M,PresentElder,111.405,111.275,https://labbcat.canterbury.ac.nz/maonze/transcript?ag_id=10#ew_0_6365,0.13,130,4.86753445,,
12,ea,g_100;em_12_162739;n_6282049-n_6281833;p_41;#=ew_69_162802;prefix=13364-;[0]=ew_0_1269857,K007M,PresentElder,217.377,217.247,https://labbcat.canterbury.ac.nz/maonze/transcript?ag_id=100#ew_0_1269857,0.13,130,4.86753445,,
18,ea,g_1009;em_12_95338;n_108271-n_108272;p_188;#=ew_69_229724;prefix=76274-;[0]=ew_0_624393,R007M,PresentElder,104.991,104.861,https://labbcat.canterbury.ac.nz/maonze/transcript?ag_id=1009#ew_0_624393,0.13,130,4.86753445,,
31,ea,g_1012;em_12_95544;n_108375-n_16771;p_188;#=ew_69_229953;prefix=76631-;[0]=ew_0_625752,R007M,PresentElder,58.303,58.173,https://labbcat.canterbury.ac.nz/maonze/transcript?ag_id=1012#ew_0_625752,0.13,130,4.86753445,,
45,ea,g_1017;em_12_95913;n_108495-n_6670806;p_188;#=ew_69_230719;prefix=77151-;[0]=ew_0_1281943,R007M,PresentElder,224.807,224.677,https://labbcat.canterbury.ac.nz/maonze/transcript?ag_id=1017#ew_0_1281943,0.13,130,4.86753445,,
70,ea,g_1023;em_12_171425;n_7051693-n_29919;p_190;#=ew_69_232840;prefix=79026-;[0]=ew_0_1344319,R009M,PresentElder,234.126,233.996,https://labbcat.canterbury.ac.nz/maonze/transcript?ag_id=1023#ew_0_1344319,0.13,130,4.86753445,,
79,ea,g_1024;em_12_96176;n_108617-n_108618;p_190;#=ew_69_233298;prefix=79211-;[0]=ew_0_631700,R009M,PresentElder,218.323,218.193,https://labbcat.canterbury.ac.nz/maonze/transcript?ag_id=1024#ew_0_631700,0.13,130,4.86753445,,
89,ea,g_1029;em_12_96388;n_108749-n_108750;p_190;#=ew_69_233676;prefix=79952-;[0]=ew_0_634793,R009M,PresentElder,157.253,157.123,https://labbcat.canterbury.ac.nz/maonze/transcript?ag_id=1029#ew_0_634793,0.13,130,4.86753445,,
134,ea,g_1038;em_12_96823;n_109064-n_109065;p_193;#=ew_69_235152;prefix=81567-;[0]=ew_0_640601,R010M,PresentElder,93.161,93.031,https://labbcat.canterbury.ac.nz/maonze/transcript?ag_id=1038#ew_0_640601,0.13,130,4.86753445,,
149,ea,g_104;em_12_7228;n_37069-n_37070;p_41;#=ew_69_164614;prefix=14310-;[0]=ew_0_72121,K007M,PresentElder,218.341,218.211,https://labbcat.canterbury.ac.nz/maonze/transcript?ag_id=104#ew_0_72121,0.13,130,4.86753445,,
177,ea,g_1045;em_12_97434;n_109366-n_109367;p_193;#=ew_69_236391;prefix=82598-;[0]=ew_0_645864,R010M,PresentElder,78.006,77.876,https://labbcat.canterbury.ac.nz/maonze/transcript?ag_id=1045#ew_0_645864,0.13,130,4.86753445,,
220,ea,g_1074;em_12_99697;n_110906-n_110907;p_208;#=ew_69_245392;prefix=91691-;[0]=ew_0_661476,WU07M,Historical,92.893,92.763,https://labbcat.canterbury.ac.nz/maonze/transcript?ag_id=1074#ew_0_661476,0.13,130,4.86753445,,
221,ea,g_1074;em_12_99698;n_110907-n_110908;p_208;#=ew_69_245401;prefix=91698-;[0]=ew_0_661488,WU07M,Historical,96.839,96.709,https://labbcat.canterbury.ac.nz/maonze/transcript?ag_id=1074#ew_0_661488,0.13,130,4.86753445,,
250,ea,g_1081;em_12_100116;n_111256-n_111257;p_208;#=ew_69_247278;prefix=92551-;[0]=ew_0_665179,WU07M,Historical,234.983,234.853,https://labbcat.canterbury.ac.nz/maonze/transcript?ag_id=1081#ew_0_665179,0.13,130,4.86753445,,
266,ea,g_1087;em_12_100456;n_111553-n_111554;p_208;#=ew_69_247746;prefix=93353-;[0]=ew_0_668344,WU07M,Historical,90.353,90.223,https://labbcat.canterbury.ac.nz/maonze/transcript?ag_id=1087#ew_0_668344,0.13,130,4.86753445,,
289,ea,g_1091;em_12_100655;n_111695-n_111696;p_208;#=ew_69_247548;prefix=93783-;[0]=ew_0_670100,WU07M,Historical,74.107,73.977,https://labbcat.canterbury.ac.nz/maonze/transcript?ag_id=1091#ew_0_670100,0.13,130,4.86753445,,
361,ea,g_1208;em_12_109581;n_118367-n_118368;p_244;#=ew_69_243700;prefix=90411-;[0]=ew_0_729279,WU04M,Historical,242.433,242.303,https://labbcat.canterbury.ac.nz/maonze/transcript?ag_id=1208#ew_0_729279,0.13,130,4.86753445,,
417,ea,g_1237;em_12_160003;n_5824928-n_5824935;p_249;#=ew_69_180338;prefix=30063-;[0]=ew_0_1229382,L1H06M,L1,129.245,129.115,https://labbcat.canterbury.ac.nz/maonze/transcript?ag_id=1237#ew_0_1229382,0.13,130,4.86753445,,
449,ea,g_13;em_12_1033;n_31668-n_31669;p_19;#=ew_69_152729;prefix=03447-;[0]=ew_0_9047,K002M,PresentElder,218.965,218.835,https://labbcat.canterbury.ac.nz/maonze/transcript?ag_id=13#ew_0_9047,0.13,130,4.86753445,,
455,ea,g_13;em_12_1064;n_31699-n_31700;p_19;#=ew_69_152888;prefix=03519-;[0]=ew_0_9254,K002M,PresentElder,324.822,324.692,https://labbcat.canterbury.ac.nz/maonze/transcript?ag_id=13#ew_0_9254,0.13,130,4.86753445,,
471,ea,g_1371;em_12_118210;n_123760-n_123761;p_287;#=ew_69_228114;prefix=74868-;[0]=ew_0_813395,R006M,PresentElder,40.245,40.115,https://labbcat.canterbury.ac.nz/maonze/transcript?ag_id=1371#ew_0_813395,0.13,130,4.86753445,,
484,ea,g_1372;em_12_118260;n_123807-n_123808;p_287;#=ew_69_227774;prefix=74716-;[0]=ew_0_814202,R006M,PresentElder,100.567,100.437,https://labbcat.canterbury.ac.nz/maonze/transcript?ag_id=1372#ew_0_814202,0.13,130,4.86753445,,
486,ea,g_1372;em_12_118272;n_123819-n_123820;p_287;#=ew_69_227887;prefix=74779-;[0]=ew_0_814363,R006M,PresentElder,173.743,173.613,https://labbcat.canterbury.ac.nz/maonze/transcript?ag_id=1372#ew_0_814363,0.13,130,4.86753445,,
495,ea,g_1373;em_12_118309;n_123853-n_123854;p_287;#=ew_69_227626;prefix=74555-;[0]=ew_0_814903,R006M,PresentElder,133.636,133.506,https://labbcat.canterbury.ac.nz/maonze/transcript?ag_id=1373#ew_0_814903,0.13,130,4.86753445,,
498,ea,g_1373;em_12_118330;n_123874-n_30262;p_287;#=ew_69_227753;prefix=74627-;[0]=ew_0_815165,R006M,PresentElder,243.945,243.815,https://labbcat.canterbury.ac.nz/maonze/transcript?ag_id=1373#ew_0_815165,0.13,130,4.86753445,,
564,ea,g_1522;em_12_126088;n_130127-n_6613469;p_287;#=ew_69_228489;prefix=75099-;[0]=ew_0_886521,R006M,PresentElder,192.98,192.85,https://labbcat.canterbury.ac.nz/maonze/transcript?ag_id=1522#ew_0_886521,0.13,130,4.86753445,,
568,ea,g_1522;em_12_163590;n_6613473-n_6613478;p_287;#=ew_69_228491;prefix=75101-;[0]=ew_0_1281327,R006M,PresentElder,199.212,199.082,https://labbcat.canterbury.ac.nz/maonze/transcript?ag_id=1522#ew_0_1281327,0.13,130,4.86753445,,
580,ea,g_1524;em_12_126160;n_130189-n_130190;p_287;#=ew_69_228723;prefix=75376-;[0]=ew_0_887624,R006M,PresentElder,149.908,149.778,https://labbcat.canterbury.ac.nz/maonze/transcript?ag_id=1524#ew_0_887624,0.13,130,4.86753445,,
620,ea,g_1536;em_12_126776;n_25549-n_130549;p_200;#=ew_69_216306;prefix=63628-;[0]=ew_0_894512,MU08M,Historical,190.295,190.165,https://labbcat.canterbury.ac.nz/maonze/transcript?ag_id=1536#ew_0_894512,0.13,130,4.86753445,,
623,ea,g_1541;em_12_126985;n_25623-n_130683;p_291;#=ew_69_216335;prefix=63719-;[0]=ew_0_896360,MU09M,Historical,68.432,68.302,https://labbcat.canterbury.ac.nz/maonze/transcript?ag_id=1541#ew_0_896360,0.13,130,4.86753445,,
624,ea,g_1542;em_12_127048;n_130713-n_25655;p_291;#=ew_69_216466;prefix=63771-;[0]=ew_0_896982,MU09M,Historical,88.848,88.718,https://labbcat.canterbury.ac.nz/maonze/transcript?ag_id=1542#ew_0_896982,0.13,130,4.86753445,,
639,ea,g_16;em_12_1262;n_31889-n_31890;p_19;#=ew_69_152278;prefix=02277-;[0]=ew_0_11000,K002M,PresentElder,178.761,178.631,https://labbcat.canterbury.ac.nz/maonze/transcript?ag_id=16#ew_0_11000,0.13,130,4.86753445,,
644,ea,g_1617;em_12_131729;n_134225-n_134226;p_299;#=ew_69_192152;prefix=40489-;[0]=ew_0_932775,L2H01M,L2,113.949,113.819,https://labbcat.canterbury.ac.nz/maonze/transcript?ag_id=1617#ew_0_932775,0.13,130,4.86753445,,
650,ea,g_1620;em_12_131939;n_134391-n_134392;p_299;#=ew_69_191803;prefix=40886-;[0]=ew_0_934557,L2H01M,L2,164.478,164.348,https://labbcat.canterbury.ac.nz/maonze/transcript?ag_id=1620#ew_0_934557,0.13,130,4.86753445,,
654,ea,g_1621;em_12_132022;n_134457-n_134458;p_299;#=ew_69_191768;prefix=41009-;[0]=ew_0_935094,L2H01M,L2,164.847,164.717,https://labbcat.canterbury.ac.nz/maonze/transcript?ag_id=1621#ew_0_935094,0.13,130,4.86753445,,
663,ea,g_1622;em_12_132119;n_26863-n_134532;p_299;#=ew_69_191806;prefix=41129-;[0]=ew_0_935717,L2H01M,L2,206.334,206.204,https://labbcat.canterbury.ac.nz/maonze/transcript?ag_id=1622#ew_0_935717,0.13,130,4.86753445,,
667,ea,g_1623;em_12_132195;n_26881-n_134590;p_299;#=ew_69_192581;prefix=41222-;[0]=ew_0_936166,L2H01M,L2,185.962,185.832,https://labbcat.canterbury.ac.nz/maonze/transcript?ag_id=1623#ew_0_936166,0.13,130,4.86753445,,
670,ea,g_1624;em_12_132271;n_26907-n_26908;p_299;#=ew_69_193138;prefix=41361-;[0]=ew_0_936752,L2H01M,L2,205.261,205.131,https://labbcat.canterbury.ac.nz/maonze/transcript?ag_id=1624#ew_0_936752,0.13,130,4.86753445,,
679,ea,g_1626;em_12_132439;n_134740-n_26975;p_299;#=ew_69_192933;prefix=41590-;[0]=ew_0_937799,L2H01M,L2,259.783,259.653,https://labbcat.canterbury.ac.nz/maonze/transcript?ag_id=1626#ew_0_937799,0.13,130,4.86753445,,
776,ea,g_1655;em_12_134285;n_136259-n_136260;p_300;#=ew_69_194342;prefix=43332-;[0]=ew_0_950013,L2H02M,L2,83.776,83.646,https://labbcat.canterbury.ac.nz/maonze/transcript?ag_id=1655#ew_0_950013,0.13,130,4.86753445,,
781,ea,g_1656;em_12_134355;n_136295-n_136296;p_300;#=ew_69_194285;prefix=43408-;[0]=ew_0_950466,L2H02M,L2,55.647,55.517,https://labbcat.canterbury.ac.nz/maonze/transcript?ag_id=1656#ew_0_950466,0.13,130,4.86753445,,
803,ea,g_1662;em_12_134643;n_136491-n_136492;p_302;#=ew_69_197107;prefix=45768-;[0]=ew_0_953298,L2H04M,L2,159.201,159.071,https://labbcat.canterbury.ac.nz/maonze/transcript?ag_id=1662#ew_0_953298,0.13,130,4.86753445,,
816,ea,g_1664;em_12_134757;n_136591-n_136592;p_302;#=ew_69_197337;prefix=46065-;[0]=ew_0_954423,L2H04M,L2,187.115,186.985,https://labbcat.canterbury.ac.nz/maonze/transcript?ag_id=1664#ew_0_954423,0.13,130,4.86753445,,
821,ea,g_1666;em_12_134824;n_136649-n_136650;p_302;#=ew_69_197787;prefix=46284-;[0]=ew_0_955167,L2H04M,L2,41.958,41.828,https://labbcat.canterbury.ac.nz/maonze/transcript?ag_id=1666#ew_0_955167,0.13,130,4.86753445,,
881,ea,g_1675;em_12_135201;n_136949-n_136950;p_307;#=ew_69_200437;prefix=48713-;[0]=ew_0_959758,L2H05M,L2,160.851,160.721,https://labbcat.canterbury.ac.nz/maonze/transcript?ag_id=1675#ew_0_959758,0.13,130,4.86753445,,
990,ea,g_1846;em_12_149356;n_3852501-n_3852518;p_49;#=ew_69_205152;prefix=53191-;[0]=ew_0_1105027,L2Y03M,L2,57.934,57.804,https://labbcat.canterbury.ac.nz/maonze/transcript?ag_id=1846#ew_0_1105027,0.13,130,4.86753445,,
992,ea,g_1846;em_12_149358;n_3852524-n_3852541;p_49;#=ew_69_205157;prefix=53196-;[0]=ew_0_1105059,L2Y03M,L2,69.339,69.209,https://labbcat.canterbury.ac.nz/maonze/transcript?ag_id=1846#ew_0_1105059,0.13,130,4.86753445,,
994,ea,g_1846;em_12_149365;n_3852625-n_3852638;p_49;#=ew_69_205171;prefix=53210-;[0]=ew_0_1105139,L2Y03M,L2,103.685,103.555,https://labbcat.canterbury.ac.nz/maonze/transcript?ag_id=1846#ew_0_1105139,0.13,130,4.86753445,,
998,ea,g_1846;em_12_149376;n_3852771-n_3852782;p_49;#=ew_69_205191;prefix=53229-;[0]=ew_0_1105258,L2Y03M,L2,159.254,159.124,https://labbcat.canterbury.ac.nz/maonze/transcript?ag_id=1846#ew_0_1105258,0.13,130,4.86753445,,
1001,ea,g_1847;em_12_149418;n_3853309-n_3853328;p_49;#=ew_69_205429;prefix=53330-;[0]=ew_0_1105712,L2Y03M,L2,131.523,131.393,https://labbcat.canterbury.ac.nz/maonze/transcript?ag_id=1847#ew_0_1105712,0.13,130,4.86753445,,
1015,ea,g_1849;em_12_149532;n_3854780-n_3854796;p_49;#=ew_69_205278;prefix=53556-;[0]=ew_0_1106955,L2Y03M,L2,395.912,395.782,https://labbcat.canterbury.ac.nz/maonze/transcript?ag_id=1849#ew_0_1106955,0.13,130,4.86753445,,
1056,ea,g_1893;em_12_155676;n_5268939-n_5268957;p_334;#=ew_69_237922;prefix=84149-;[0]=ew_0_1178140,R011M,PresentElder,278.978,278.848,https://labbcat.canterbury.ac.nz/maonze/transcript?ag_id=1893#ew_0_1178140,0.13,130,4.86753445,,
1065,ea,g_1895;em_12_155852;n_5270541-n_5270572;p_334;#=ew_69_238691;prefix=84335-;[0]=ew_0_1180177,R011M,PresentElder,122.106,121.976,https://labbcat.canterbury.ac.nz/maonze/transcript?ag_id=1895#ew_0_1180177,0.13,130,4.86753445,,
1167,ea,g_1942;em_12_165615;n_6842497-n_6842513;p_41;#=ew_69_164989;prefix=15056-;[0]=ew_0_1294868,K007M,PresentElder,238.066,237.936,https://labbcat.canterbury.ac.nz/maonze/transcript?ag_id=1942#ew_0_1294868,0.13,130,4.86753445,,
1232,ea,g_22;em_12_1860;n_32477-n_32478;p_19;#=ew_69_153646;prefix=04227-;[0]=ew_0_15924,K002M,PresentElder,279.015,278.885,https://labbcat.canterbury.ac.nz/maonze/transcript?ag_id=22#ew_0_15924,0.13,130,4.86753445,,
1239,ea,g_23;em_12_1911;n_32527-n_32528;p_19;#=ew_69_153093;prefix=04359-;[0]=ew_0_16305,K002M,PresentElder,107.429,107.299,https://labbcat.canterbury.ac.nz/maonze/transcript?ag_id=23#ew_0_16305,0.13,130,4.86753445,,
1266,ea,g_25;em_12_2100;n_32714-n_32715;p_19;#=ew_69_153962;prefix=04849-;[0]=ew_0_17828,K002M,PresentElder,47.525,47.395,https://labbcat.canterbury.ac.nz/maonze/transcript?ag_id=25#ew_0_17828,0.13,130,4.86753445,,
1271,ea,g_25;em_12_2165;n_32774-n_32775;p_19;#=ew_69_154224;prefix=04992-;[0]=ew_0_18321,K002M,PresentElder,266.384,266.254,https://labbcat.canterbury.ac.nz/maonze/transcript?ag_id=25#ew_0_18321,0.13,130,4.86753445,,
1304,ea,g_304;em_12_162378;n_6240819-n_6240762;p_81;#=ew_69_185841;prefix=34927-;[0]=ew_0_1265222,L1Y03M,L1,229.029,228.899,https://labbcat.canterbury.ac.nz/maonze/transcript?ag_id=304#ew_0_1265222,0.13,130,4.86753445,,
1310,ea,g_305;em_12_162437;n_6241028-n_6241030;p_81;#=ew_69_186799;prefix=35104-;[0]=ew_0_1265937,L1Y03M,L1,293.531,293.401,https://labbcat.canterbury.ac.nz/maonze/transcript?ag_id=305#ew_0_1265937,0.13,130,4.86753445,,
1367,ea,g_318;em_12_161528;n_6130261-n_6130262;p_89;#=ew_69_188030;prefix=36931-;[0]=ew_0_1254886,L1Y04M,L1,254.083,253.953,https://labbcat.canterbury.ac.nz/maonze/transcript?ag_id=318#ew_0_1254886,0.13,130,4.86753445,,
1375,ea,g_319;em_12_31264;n_55867-n_55869;p_89;#=ew_69_188028;prefix=37054-;[0]=ew_0_214097,L1Y04M,L1,236.682,236.552,https://labbcat.canterbury.ac.nz/maonze/transcript?ag_id=319#ew_0_214097,0.13,130,4.86753445,,
1381,ea,g_320;em_12_148617;n_3841400-n_56085;p_89;#=ew_69_188349;prefix=37203-;[0]=ew_0_1097708,L1Y04M,L1,249.113,248.983,https://labbcat.canterbury.ac.nz/maonze/transcript?ag_id=320#ew_0_1097708,0.13,130,4.86753445,,
1395,ea,g_321;em_12_31719;n_56290-n_3841433;p_89;#=ew_69_188216;prefix=37382-;[0]=ew_0_215518,L1Y04M,L1,260.596,260.466,https://labbcat.canterbury.ac.nz/maonze/transcript?ag_id=321#ew_0_215518,0.13,130,4.86753445,,
1472,ea,g_338;em_12_33408;n_57631-n_7087716;p_85;#=ew_69_185188;prefix=34354-;[0]=ew_0_223021,L1Y02M,L1,101.122,100.992,https://labbcat.canterbury.ac.nz/maonze/transcript?ag_id=338#ew_0_223021,0.13,130,4.86753445,,
1527,ea,g_369;em_12_35956;n_59782-n_59783;p_92;#=ew_69_213200;prefix=60782-;[0]=ew_0_238701,MU04M,Historical,330.674,330.544,https://labbcat.canterbury.ac.nz/maonze/transcript?ag_id=369#ew_0_238701,0.13,130,4.86753445,,
1550,ea,g_378;em_12_150263;n_61331-n_4462492;p_94;#=ew_69_214592;prefix=61966-;[0]=ew_0_1235031,MU05M,Historical,180.291,180.161,https://labbcat.canterbury.ac.nz/maonze/transcript?ag_id=378#ew_0_1235031,0.13,130,4.86753445,,
1584,ea,g_445;em_12_169579;n_6943992-n_6943993;p_110;#=ew_69_156061;prefix=05681-;[0]=ew_0_1325245,K003M,PresentElder,323.962,323.832,https://labbcat.canterbury.ac.nz/maonze/transcript?ag_id=445#ew_0_1325245,0.13,130,4.86753445,,
1601,ea,g_450;em_12_169842;n_6946252-n_29346;p_110;#=ew_69_156933;prefix=06932-;[0]=ew_0_1327126,K003M,PresentElder,414.545,414.415,https://labbcat.canterbury.ac.nz/maonze/transcript?ag_id=450#ew_0_1327126,0.13,130,4.86753445,,
1634,ea,g_457;em_12_47174;n_69482-n_69483;p_112;#=ew_69_161557;prefix=11877-;[0]=ew_0_295531,K006M,PresentElder,90.057,89.927,https://labbcat.canterbury.ac.nz/maonze/transcript?ag_id=457#ew_0_295531,0.13,130,4.86753445,,
1657,ea,g_465;em_12_47911;n_69961-n_69962;p_120;#=ew_69_165615;prefix=15718-;[0]=ew_0_299700,K008M,PresentElder,45.15,45.02,https://labbcat.canterbury.ac.nz/maonze/transcript?ag_id=465#ew_0_299700,0.13,130,4.86753445,,
1691,ea,g_476;em_12_161865;n_6176303-n_6176306;p_121;#=ew_69_167329;prefix=17514-;[0]=ew_0_1258276,K009M,PresentElder,266.005,265.875,https://labbcat.canterbury.ac.nz/maonze/transcript?ag_id=476#ew_0_1258276,0.13,130,4.86753445,,
1706,ea,g_479;em_12_49286;n_71188-n_71189;p_121;#=ew_69_168095;prefix=18075-;[0]=ew_0_308507,K009M,PresentElder,265.118,264.988,https://labbcat.canterbury.ac.nz/maonze/transcript?ag_id=479#ew_0_308507,0.13,130,4.86753445,,
1748,ea,g_492;em_12_50773;n_72340-n_72341;p_122;#=ew_69_170124;prefix=19950-;[0]=ew_0_316677,K010M,PresentElder,176.142,176.012,https://labbcat.canterbury.ac.nz/maonze/transcript?ag_id=492#ew_0_316677,0.13,130,4.86753445,,
1794,ea,g_52;em_12_3730;n_34063-n_34064;p_32;#=ew_69_157842;prefix=08037-;[0]=ew_0_34230,K004M,PresentElder,58.885,58.755,https://labbcat.canterbury.ac.nz/maonze/transcript?ag_id=52#ew_0_34230,0.13,130,4.86753445,,
1802,ea,g_52;em_12_3755;n_34088-n_34089;p_32;#=ew_69_158090;prefix=08175-;[0]=ew_0_34728,K004M,PresentElder,240.107,239.977,https://labbcat.canterbury.ac.nz/maonze/transcript?ag_id=52#ew_0_34728,0.13,130,4.86753445,,
1829,ea,g_54;em_12_161939;n_6213649-n_6213650;p_32;#=ew_69_158368;prefix=08600-;[0]=ew_0_1259583,K004M,PresentElder,250.036,249.906,https://labbcat.canterbury.ac.nz/maonze/transcript?ag_id=54#ew_0_1259583,0.13,130,4.86753445,,
1835,ea,g_55;em_12_161982;n_6214548-n_6214518;p_32;#=ew_69_158659;prefix=08840-;[0]=ew_0_1260030,K004M,PresentElder,99.574,99.444,https://labbcat.canterbury.ac.nz/maonze/transcript?ag_id=55#ew_0_1260030,0.13,130,4.86753445,,
1837,ea,g_55;em_12_162004;n_6214552-n_6214553;p_32;#=ew_69_158702;prefix=08946-;[0]=ew_0_1259875,K004M,PresentElder,130.412,130.282,https://labbcat.canterbury.ac.nz/maonze/transcript?ag_id=55#ew_0_1259875,0.13,130,4.86753445,,
1934,ea,g_613;em_12_64818;n_84383-n_84384;p_142;#=ew_69_181735;prefix=31374-;[0]=ew_0_390323,L1Y01M,L1,68.746,68.616,https://labbcat.canterbury.ac.nz/maonze/transcript?ag_id=613#ew_0_390323,0.13,130,4.86753445,,
1955,ea,g_617;em_12_65025;n_84584-n_84585;p_142;#=ew_69_182974;prefix=31908-;[0]=ew_0_392516,L1Y01M,L1,171.183,171.053,https://labbcat.canterbury.ac.nz/maonze/transcript?ag_id=617#ew_0_392516,0.13,130,4.86753445,,
1963,ea,g_620;em_12_65111;n_84667-n_84668;p_142;#=ew_69_182317;prefix=32203-;[0]=ew_0_393633,L1Y01M,L1,64.091,63.961,https://labbcat.canterbury.ac.nz/maonze/transcript?ag_id=620#ew_0_393633,0.13,130,4.86753445,,
1972,ea,g_621;em_12_65157;n_84704-n_84705;p_142;#=ew_69_183025;prefix=32290-;[0]=ew_0_394149,L1Y01M,L1,70.919,70.789,https://labbcat.canterbury.ac.nz/maonze/transcript?ag_id=621#ew_0_394149,0.13,130,4.86753445,,
1995,ea,g_627;em_12_65400;n_84915-n_84916;p_142;#=ew_69_183884;prefix=33088-;[0]=ew_0_397178,L1Y01M,L1,134.045,133.915,https://labbcat.canterbury.ac.nz/maonze/transcript?ag_id=627#ew_0_397178,0.13,130,4.86753445,,
2000,ea,g_629;em_12_161282;n_6119995-n_6120003;p_143;#=ew_69_203024;prefix=50819-;[0]=ew_0_1251731,L2Y02M,L2,273.075,272.945,https://labbcat.canterbury.ac.nz/maonze/transcript?ag_id=629#ew_0_1251731,0.13,130,4.86753445,,
2004,ea,g_629;em_12_161302;n_6120098-n_6120105;p_143;#=ew_69_203070;prefix=50841-;[0]=ew_0_1250756,L2Y02M,L2,305.526,305.396,https://labbcat.canterbury.ac.nz/maonze/transcript?ag_id=629#ew_0_1250756,0.13,130,4.86753445,,
2028,ea,g_631;em_12_66037;n_85502-n_85503;p_143;#=ew_69_202449;prefix=51359-;[0]=ew_0_401095,L2Y02M,L2,234.615,234.485,https://labbcat.canterbury.ac.nz/maonze/transcript?ag_id=631#ew_0_401095,0.13,130,4.86753445,,
2034,ea,g_632;em_12_66172;n_85626-n_85627;p_143;#=ew_69_203427;prefix=51642-;[0]=ew_0_402131,L2Y02M,L2,264.979,264.849,https://labbcat.canterbury.ac.nz/maonze/transcript?ag_id=632#ew_0_402131,0.13,130,4.86753445,,
2048,ea,g_633;em_12_66308;n_85753-n_85754;p_143;#=ew_69_203253;prefix=51911-;[0]=ew_0_403207,L2Y02M,L2,275.176,275.046,https://labbcat.canterbury.ac.nz/maonze/transcript?ag_id=633#ew_0_403207,0.13,130,4.86753445,,
2072,ea,g_641;em_12_66944;n_86205-n_86206;p_145;#=ew_69_201692;prefix=49913-;[0]=ew_0_408896,L2Y01M,L2,203.365,203.235,https://labbcat.canterbury.ac.nz/maonze/transcript?ag_id=641#ew_0_408896,0.13,130,4.86753445,,
2104,ea,g_656;em_12_69176;n_88134-n_88135;p_146;#=ew_69_206726;prefix=54452-;[0]=ew_0_417174,L2Y04M,L2,165.529,165.399,https://labbcat.canterbury.ac.nz/maonze/transcript?ag_id=656#ew_0_417174,0.13,130,4.86753445,,
2107,ea,g_657;em_12_69395;n_88307-n_88308;p_146;#=ew_69_206800;prefix=54547-;[0]=ew_0_417682,L2Y04M,L2,126.029,125.899,https://labbcat.canterbury.ac.nz/maonze/transcript?ag_id=657#ew_0_417682,0.13,130,4.86753445,,
2114,ea,g_660;em_12_70085;n_11108-n_88921;p_146;#=ew_69_206605;prefix=54864-;[0]=ew_0_419205,L2Y04M,L2,141.969,141.839,https://labbcat.canterbury.ac.nz/maonze/transcript?ag_id=660#ew_0_419205,0.13,130,4.86753445,,
2122,ea,g_663;em_12_70432;n_89228-n_89229;p_148;#=ew_69_207841;prefix=55281-;[0]=ew_0_420956,L2Y05M,L2,331.19,331.06,https://labbcat.canterbury.ac.nz/maonze/transcript?ag_id=663#ew_0_420956,0.13,130,4.86753445,,
2127,ea,g_665;em_12_70473;n_89267-n_89268;p_148;#=ew_69_207371;prefix=55467-;[0]=ew_0_421650,L2Y05M,L2,38.233,38.103,https://labbcat.canterbury.ac.nz/maonze/transcript?ag_id=665#ew_0_421650,0.13,130,4.86753445,,
2129,ea,g_665;em_12_70494;n_4423615-n_89289;p_148;#=ew_69_207804;prefix=55585-;[0]=ew_0_422021,L2Y05M,L2,217.459,217.329,https://labbcat.canterbury.ac.nz/maonze/transcript?ag_id=665#ew_0_422021,0.13,130,4.86753445,,
2150,ea,g_669;em_12_70638;n_89420-n_89421;p_148;#=ew_69_208859;prefix=56302-;[0]=ew_0_424481,L2Y05M,L2,180.083,179.953,https://labbcat.canterbury.ac.nz/maonze/transcript?ag_id=669#ew_0_424481,0.13,130,4.86753445,,
2182,ea,g_671;em_12_70708;n_89484-n_89485;p_148;#=ew_69_208783;prefix=56619-;[0]=ew_0_425788,L2Y05M,L2,180.679,180.549,https://labbcat.canterbury.ac.nz/maonze/transcript?ag_id=671#ew_0_425788,0.13,130,4.86753445,,
2194,ea,g_77;em_12_5381;n_35476-n_35477;p_37;#=ew_69_160752;prefix=10393-;[0]=ew_0_52773,K005M,PresentElder,192.791,192.661,https://labbcat.canterbury.ac.nz/maonze/transcript?ag_id=77#ew_0_52773,0.13,130,4.86753445,,
2201,ea,g_8;em_12_496;n_31150-n_31151;p_28;#=ew_69_149840;prefix=01139-;[0]=ew_0_4648,K001M,PresentElder,169.259,169.129,https://labbcat.canterbury.ac.nz/maonze/transcript?ag_id=8#ew_0_4648,0.13,130,4.86753445,,
2229,ea,g_848;em_12_85422;n_100439-n_100440;p_167;#=ew_69_170996;prefix=20732-;[0]=ew_0_540632,L1H01M,L1,232.115,231.985,https://labbcat.canterbury.ac.nz/maonze/transcript?ag_id=848#ew_0_540632,0.13,130,4.86753445,,
2236,ea,g_850;em_12_85513;n_100528-n_100529;p_167;#=ew_69_171270;prefix=20953-;[0]=ew_0_541469,L1H01M,L1,88.984,88.854,https://labbcat.canterbury.ac.nz/maonze/transcript?ag_id=850#ew_0_541469,0.13,130,4.86753445,,
2255,ea,g_853;em_12_85732;n_100738-n_100739;p_167;#=ew_69_171596;prefix=21398-;[0]=ew_0_543315,L1H01M,L1,147.948,147.818,https://labbcat.canterbury.ac.nz/maonze/transcript?ag_id=853#ew_0_543315,0.13,130,4.86753445,,
2264,ea,g_854;em_12_85801;n_100805-n_100806;p_167;#=ew_69_171748;prefix=21539-;[0]=ew_0_543873,L1H01M,L1,115.097,114.967,https://labbcat.canterbury.ac.nz/maonze/transcript?ag_id=854#ew_0_543873,0.13,130,4.86753445,,
2267,ea,g_854;em_12_85815;n_100819-n_100820;p_167;#=ew_69_171777;prefix=21567-;[0]=ew_0_543956,L1H01M,L1,157.589,157.459,https://labbcat.canterbury.ac.nz/maonze/transcript?ag_id=854#ew_0_543956,0.13,130,4.86753445,,
2285,ea,g_856;em_12_85967;n_100954-n_100955;p_167;#=ew_69_171955;prefix=21908-;[0]=ew_0_545189,L1H01M,L1,180.147,180.017,https://labbcat.canterbury.ac.nz/maonze/transcript?ag_id=856#ew_0_545189,0.13,130,4.86753445,,
2305,ea,g_86;em_12_160569;n_5958131-n_5958140;p_37;#=ew_69_161439;prefix=11428-;[0]=ew_0_1237486,K005M,PresentElder,201.972,201.842,https://labbcat.canterbury.ac.nz/maonze/transcript?ag_id=86#ew_0_1237486,0.13,130,4.86753445,,
2338,ea,g_867;em_12_86725;n_101546-n_101547;p_168;#=ew_69_174417;prefix=23558-;[0]=ew_0_551108,L1H02M,L1,55.845,55.715,https://labbcat.canterbury.ac.nz/maonze/transcript?ag_id=867#ew_0_551108,0.13,130,4.86753445,,
2342,ea,g_867;em_12_86791;n_14839-n_14840;p_168;#=ew_69_174778;prefix=23659-;[0]=ew_0_551681,L1H02M,L1,259.724,259.594,https://labbcat.canterbury.ac.nz/maonze/transcript?ag_id=867#ew_0_551681,0.13,130,4.86753445,,
2343,ea,g_867;em_12_86801;n_101590-n_101591;p_168;#=ew_69_174804;prefix=23683-;[0]=ew_0_551762,L1H02M,L1,290.089,289.959,https://labbcat.canterbury.ac.nz/maonze/transcript?ag_id=867#ew_0_551762,0.13,130,4.86753445,,
2357,ea,g_869;em_12_86950;n_101677-n_101678;p_168;#=ew_69_174459;prefix=23989-;[0]=ew_0_552758,L1H02M,L1,151.234,151.104,https://labbcat.canterbury.ac.nz/maonze/transcript?ag_id=869#ew_0_552758,0.13,130,4.86753445,,
2432,ea,g_896;em_12_88576;n_102813-n_102814;p_174;#=ew_69_178254;prefix=28049-;[0]=ew_0_564732,L1H05M,L1,189.938,189.808,https://labbcat.canterbury.ac.nz/maonze/transcript?ag_id=896#ew_0_564732,0.13,130,4.86753445,,
2451,ea,g_9;em_12_584;n_31232-n_31233;p_28;#=ew_69_150491;prefix=00770-;[0]=ew_0_5325,K001M,PresentElder,100.452,100.322,https://labbcat.canterbury.ac.nz/maonze/transcript?ag_id=9#ew_0_5325,0.13,130,4.86753445,,
2498,ea,g_908;em_12_89197;n_6967145-n_6967143;p_173;#=ew_69_177045;prefix=26478-;[0]=ew_0_570765,L1H04M,L1,134.618,134.488,https://labbcat.canterbury.ac.nz/maonze/transcript?ag_id=908#ew_0_570765,0.13,130,4.86753445,,
2502,ea,g_910;em_12_89266;n_103289-n_103290;p_173;#=ew_69_176175;prefix=26214-;[0]=ew_0_571683,L1H04M,L1,71.979,71.849,https://labbcat.canterbury.ac.nz/maonze/transcript?ag_id=910#ew_0_571683,0.13,130,4.86753445,,
2514,ea,g_926;em_12_90202;n_104022-n_104023;p_179;#=ew_69_217395;prefix=64454-;[0]=ew_0_579572,R001M,PresentElder,35.669,35.539,https://labbcat.canterbury.ac.nz/maonze/transcript?ag_id=926#ew_0_579572,0.13,130,4.86753445,,
2518,ea,g_926;em_12_90241;n_104061-n_104062;p_179;#=ew_69_217499;prefix=64549-;[0]=ew_0_579859,R001M,PresentElder,148.045,147.915,https://labbcat.canterbury.ac.nz/maonze/transcript?ag_id=926#ew_0_579859,0.13,130,4.86753445,,
2525,ea,g_928;em_12_90411;n_104229-n_104230;p_179;#=ew_69_217795;prefix=64869-;[0]=ew_0_580904,R001M,PresentElder,116.91,116.78,https://labbcat.canterbury.ac.nz/maonze/transcript?ag_id=928#ew_0_580904,0.13,130,4.86753445,,
2560,ea,g_939;em_12_91231;n_104998-n_104999;p_179;#=ew_69_219100;prefix=66300-;[0]=ew_0_586003,R001M,PresentElder,136.839,136.709,https://labbcat.canterbury.ac.nz/maonze/transcript?ag_id=939#ew_0_586003,0.13,130,4.86753445,,
2564,ea,g_940;em_12_91296;n_105048-n_105049;p_179;#=ew_69_219241;prefix=66439-;[0]=ew_0_586538,R001M,PresentElder,105.036,104.906,https://labbcat.canterbury.ac.nz/maonze/transcript?ag_id=940#ew_0_586538,0.13,130,4.86753445,,
2608,ea,g_949;em_12_91739;n_6521878-n_105402;p_181;#=ew_69_220566;prefix=67620-;[0]=ew_0_590779,R002M,PresentElder,174.927,174.797,https://labbcat.canterbury.ac.nz/maonze/transcript?ag_id=949#ew_0_590779,0.13,130,4.86753445,,
2612,ea,g_949;em_12_91755;n_105417-n_6521890;p_181;#=ew_69_220716;prefix=67700-;[0]=ew_0_591037,R002M,PresentElder,284.955,284.825,https://labbcat.canterbury.ac.nz/maonze/transcript?ag_id=949#ew_0_591037,0.13,130,4.86753445,,
2713,ea,g_972;em_12_93017;n_106378-n_106379;p_184;#=ew_69_223857;prefix=70739-;[0]=ew_0_603225,R004M,PresentElder,163.402,163.272,https://labbcat.canterbury.ac.nz/maonze/transcript?ag_id=972#ew_0_603225,0.13,130,4.86753445,,
2736,ea,g_975;em_12_93273;n_16320-n_16321;p_184;#=ew_69_224259;prefix=71300-;[0]=ew_0_605157,R004M,PresentElder,215.257,215.127,https://labbcat.canterbury.ac.nz/maonze/transcript?ag_id=975#ew_0_605157,0.13,130,4.86753445,,
2781,ea,g_982;em_12_93727;n_16498-n_106834;p_184;#=ew_69_225282;prefix=72142-;[0]=ew_0_608498,R004M,PresentElder,38.205,38.075,https://labbcat.canterbury.ac.nz/maonze/transcript?ag_id=982#ew_0_608498,0.13,130,4.86753445,,
2793,ea,g_982;em_12_93764;n_16500-n_16501;p_184;#=ew_69_225416;prefix=72264-;[0]=ew_0_608899,R004M,PresentElder,210.749,210.619,https://labbcat.canterbury.ac.nz/maonze/transcript?ag_id=982#ew_0_608899,0.13,130,4.86753445,,
2848,ia,g_10;em_12_721;n_31368-n_31369;p_28;#=ew_69_149942;prefix=00561-;[0]=ew_0_6467,K001M,PresentElder,150.185,150.055,https://labbcat.canterbury.ac.nz/maonze/transcript?ag_id=10#ew_0_6467,0.13,130,4.86753445,,
2851,ia,g_100;em_12_162717;n_6282020-n_6282026;p_41;#=ew_69_162784;prefix=13346-;[0]=ew_0_1268390,K007M,PresentElder,191.299,191.169,https://labbcat.canterbury.ac.nz/maonze/transcript?ag_id=100#ew_0_1268390,0.13,130,4.86753445,,
2871,ia,g_1010;em_12_95409;n_108308-n_16703;p_188;#=ew_69_230091;prefix=76431-;[0]=ew_0_624894,R007M,PresentElder,98.241,98.111,https://labbcat.canterbury.ac.nz/maonze/transcript?ag_id=1010#ew_0_624894,0.13,130,4.86753445,,
2876,ia,g_1011;em_12_95496;n_108353-n_16745;p_188;#=ew_69_229574;prefix=76576-;[0]=ew_0_625486,R007M,PresentElder,160.105,159.975,https://labbcat.canterbury.ac.nz/maonze/transcript?ag_id=1011#ew_0_625486,0.13,130,4.86753445,,
2888,ia,g_1016;em_12_95818;n_16932-n_16933;p_188;#=ew_69_230571;prefix=77008-;[0]=ew_0_627565,R007M,PresentElder,67.594,67.464,https://labbcat.canterbury.ac.nz/maonze/transcript?ag_id=1016#ew_0_627565,0.13,130,4.86753445,,
2916,ia,g_1025;em_12_96198;n_108636-n_108637;p_190;#=ew_69_232406;prefix=79300-;[0]=ew_0_632120,R009M,PresentElder,126.446,126.316,https://labbcat.canterbury.ac.nz/maonze/transcript?ag_id=1025#ew_0_632120,0.13,130,4.86753445,,
2942,ia,g_1029;em_12_96386;n_108747-n_108748;p_190;#=ew_69_233650;prefix=79940-;[0]=ew_0_634763,R009M,PresentElder,145.873,145.743,https://labbcat.canterbury.ac.nz/maonze/transcript?ag_id=1029#ew_0_634763,0.13,130,4.86753445,,
2989,ia,g_1037;em_12_96734;n_109009-n_7052491;p_193;#=ew_69_235083;prefix=81349-;[0]=ew_0_639775,R010M,PresentElder,77.925,77.795,https://labbcat.canterbury.ac.nz/maonze/transcript?ag_id=1037#ew_0_639775,0.13,130,4.86753445,,
3015,ia,g_1043;em_12_97358;n_109303-n_109304;p_193;#=ew_69_235787;prefix=82384-;[0]=ew_0_644775,R010M,PresentElder,169.415,169.285,https://labbcat.canterbury.ac.nz/maonze/transcript?ag_id=1043#ew_0_644775,0.13,130,4.86753445,,
3022,ia,g_1045;em_12_97450;n_109380-n_109381;p_193;#=ew_69_236526;prefix=82661-;[0]=ew_0_646116,R010M,PresentElder,171.659,171.529,https://labbcat.canterbury.ac.nz/maonze/transcript?ag_id=1045#ew_0_646116,0.13,130,4.86753445,,
3031,ia,g_1049;em_12_97621;n_109495-n_17660;p_201;#=ew_69_241601;prefix=87683-;[0]=ew_0_647988,WU01M,Historical,101.014,100.884,https://labbcat.canterbury.ac.nz/maonze/transcript?ag_id=1049#ew_0_647988,0.13,130,4.86753445,,
3038,ia,g_107;em_12_163093;n_6288642-n_6288645;p_41;#=ew_69_164390;prefix=14754-;[0]=ew_0_1270962,K007M,PresentElder,203.786,203.656,https://labbcat.canterbury.ac.nz/maonze/transcript?ag_id=107#ew_0_1270962,0.13,130,4.86753445,,
3040,ia,g_107;em_12_163116;n_6288651-n_6288654;p_41;#=ew_69_164498;prefix=14688-;[0]=ew_0_1272333,K007M,PresentElder,233.25,233.12,https://labbcat.canterbury.ac.nz/maonze/transcript?ag_id=107#ew_0_1272333,0.13,130,4.86753445,,
3152,ia,g_116;em_12_150035;n_4017054-n_4017044;p_43;#=ew_69_211960;prefix=59051-;[0]=ew_0_1113825,MU02M,Historical,187.367,187.237,https://labbcat.canterbury.ac.nz/maonze/transcript?ag_id=116#ew_0_1113825,0.13,130,4.86753445,,
3176,ia,g_117;em_12_8526;n_38083-n_38084;p_43;#=ew_69_211676;prefix=58785-;[0]=ew_0_82774,MU02M,Historical,257.653,257.523,https://labbcat.canterbury.ac.nz/maonze/transcript?ag_id=117#ew_0_82774,0.13,130,4.86753445,,
3179,ia,g_117;em_12_8554;n_38111-n_38112;p_43;#=ew_69_211775;prefix=58878-;[0]=ew_0_83123,MU02M,Historical,362.755,362.625,https://labbcat.canterbury.ac.nz/maonze/transcript?ag_id=117#ew_0_83123,0.13,130,4.86753445,,
3180,ia,g_117;em_12_8556;n_38113-n_38114;p_43;#=ew_69_211786;prefix=58889-;[0]=ew_0_83144,MU02M,Historical,371.072,370.942,https://labbcat.canterbury.ac.nz/maonze/transcript?ag_id=117#ew_0_83144,0.13,130,4.86753445,,
3184,ia,g_1198;em_12_108464;n_117274-n_117275;p_244;#=ew_69_242735;prefix=88784-;[0]=ew_0_723300,WU04M,Historical,203.597,203.467,https://labbcat.canterbury.ac.nz/maonze/transcript?ag_id=1198#ew_0_723300,0.13,130,4.86753445,,
3195,ia,g_12;em_12_963;n_31599-n_31600;p_28;#=ew_69_149749;prefix=00215-;[0]=ew_0_8504,K001M,PresentElder,307.53,307.4,https://labbcat.canterbury.ac.nz/maonze/transcript?ag_id=12#ew_0_8504,0.13,130,4.86753445,,
3257,ia,g_13;em_12_1017;n_31652-n_31653;p_19;#=ew_69_152652;prefix=03412-;[0]=ew_0_8919,K002M,PresentElder,163.272,163.142,https://labbcat.canterbury.ac.nz/maonze/transcript?ag_id=13#ew_0_8919,0.13,130,4.86753445,,
3267,ia,g_133;em_12_9071;n_38549-n_38551;p_284;#=ew_69_209865;prefix=57242-;[0]=ew_0_1115076,MU01M,Historical,481.033,480.903,https://labbcat.canterbury.ac.nz/maonze/transcript?ag_id=133#ew_0_1115076,0.13,130,4.86753445,,
3279,ia,g_1372;em_12_118252;n_123799-n_123800;p_287;#=ew_69_227694;prefix=74678-;[0]=ew_0_814085,R006M,PresentElder,52.284,52.154,https://labbcat.canterbury.ac.nz/maonze/transcript?ag_id=1372#ew_0_814085,0.13,130,4.86753445,,
3290,ia,g_138;em_12_9641;n_39113-n_39114;p_284;#=ew_69_210139;prefix=57816-;[0]=ew_0_92939,MU01M,Historical,172.471,172.341,https://labbcat.canterbury.ac.nz/maonze/transcript?ag_id=138#ew_0_92939,0.13,130,4.86753445,,
3352,ia,g_1518;em_12_125850;n_129918-n_129919;p_287;#=ew_69_227900;prefix=74202-;[0]=ew_0_883970,R006M,PresentElder,157.584,157.454,https://labbcat.canterbury.ac.nz/maonze/transcript?ag_id=1518#ew_0_883970,0.13,130,4.86753445,,
3390,ia,g_1548;em_12_127361;n_130875-n_25806;p_293;#=ew_69_216633;prefix=64053-;[0]=ew_0_899901,MU10M,Historical,37.281,37.151,https://labbcat.canterbury.ac.nz/maonze/transcript?ag_id=1548#ew_0_899901,0.13,130,4.86753445,,
3405,ia,g_1617;em_12_131726;n_134222-n_134223;p_299;#=ew_69_192137;prefix=40478-;[0]=ew_0_932747,L2H01M,L2,101.759,101.629,https://labbcat.canterbury.ac.nz/maonze/transcript?ag_id=1617#ew_0_932747,0.13,130,4.86753445,,
3416,ia,g_1620;em_12_131923;n_134381-n_134382;p_299;#=ew_69_191785;prefix=40877-;[0]=ew_0_934421,L2H01M,L2,103.916,103.786,https://labbcat.canterbury.ac.nz/maonze/transcript?ag_id=1620#ew_0_934421,0.13,130,4.86753445,,
3423,ia,g_1622;em_12_132095;n_134513-n_134514;p_299;#=ew_69_191701;prefix=41098-;[0]=ew_0_935554,L2H01M,L2,118.33,118.2,https://labbcat.canterbury.ac.nz/maonze/transcript?ag_id=1622#ew_0_935554,0.13,130,4.86753445,,
3459,ia,g_1635;em_12_132871;n_135110-n_135111;p_288;#=ew_69_195735;prefix=44199-;[0]=ew_0_940743,L2H03M,L2,255.315,255.185,https://labbcat.canterbury.ac.nz/maonze/transcript?ag_id=1635#ew_0_940743,0.13,130,4.86753445,,
3494,ia,g_1651;em_12_133911;n_136000-n_136001;p_300;#=ew_69_193826;prefix=42782-;[0]=ew_0_947837,L2H02M,L2,41.534,41.404,https://labbcat.canterbury.ac.nz/maonze/transcript?ag_id=1651#ew_0_947837,0.13,130,4.86753445,,
3503,ia,g_1654;em_12_134234;n_136224-n_136225;p_300;#=ew_69_194729;prefix=43252-;[0]=ew_0_949680,L2H02M,L2,170.733,170.603,https://labbcat.canterbury.ac.nz/maonze/transcript?ag_id=1654#ew_0_949680,0.13,130,4.86753445,,
3518,ia,g_1662;em_12_134648;n_136494-n_136495;p_302;#=ew_69_197115;prefix=45776-;[0]=ew_0_953343,L2H04M,L2,178.691,178.561,https://labbcat.canterbury.ac.nz/maonze/transcript?ag_id=1662#ew_0_953343,0.13,130,4.86753445,,
3519,ia,g_1662;em_12_134656;n_6399933-n_136503;p_302;#=ew_69_197143;prefix=45795-;[0]=ew_0_953426,L2H04M,L2,216.35,216.22,https://labbcat.canterbury.ac.nz/maonze/transcript?ag_id=1662#ew_0_953426,0.13,130,4.86753445,,
3524,ia,g_1663;em_12_134696;n_136533-n_136534;p_302;#=ew_69_197372;prefix=45894-;[0]=ew_0_953814,L2H04M,L2,149.005,148.875,https://labbcat.canterbury.ac.nz/maonze/transcript?ag_id=1663#ew_0_953814,0.13,130,4.86753445,,
3526,ia,g_1664;em_12_134751;n_136585-n_136586;p_302;#=ew_69_197303;prefix=46047-;[0]=ew_0_954365,L2H04M,L2,161.468,161.338,https://labbcat.canterbury.ac.nz/maonze/transcript?ag_id=1664#ew_0_954365,0.13,130,4.86753445,,
3530,ia,g_1666;em_12_134840;n_136661-n_136662;p_302;#=ew_69_197913;prefix=46371-;[0]=ew_0_1276874,L2H04M,L2,195.278,195.148,https://labbcat.canterbury.ac.nz/maonze/transcript?ag_id=1666#ew_0_1276874,0.13,130,4.86753445,,
3547,ia,g_1670;em_12_134991;n_136785-n_136786;p_302;#=ew_69_198176;prefix=46912-;[0]=ew_0_957452,L2H04M,L2,104.414,104.284,https://labbcat.canterbury.ac.nz/maonze/transcript?ag_id=1670#ew_0_957452,0.13,130,4.86753445,,
3553,ia,g_1671;em_12_135023;n_136815-n_136816;p_302;#=ew_69_198789;prefix=47039-;[0]=ew_0_1276123,L2H04M,L2,108.785,108.655,https://labbcat.canterbury.ac.nz/maonze/transcript?ag_id=1671#ew_0_1276123,0.13,130,4.86753445,,
3601,ia,g_1842;em_12_149108;n_3849173-n_3849184;p_49;#=ew_69_204708;prefix=52619-;[0]=ew_0_1102200,L2Y03M,L2,83.457,83.327,https://labbcat.canterbury.ac.nz/maonze/transcript?ag_id=1842#ew_0_1102200,0.13,130,4.86753445,,
3607,ia,g_1843;em_12_149178;n_3849974-n_3849989;p_49;#=ew_69_204338;prefix=52759-;[0]=ew_0_1102862,L2Y03M,L2,38.571,38.441,https://labbcat.canterbury.ac.nz/maonze/transcript?ag_id=1843#ew_0_1102862,0.13,130,4.86753445,,
3610,ia,g_1845;em_12_149334;n_3852168-n_3852181;p_49;#=ew_69_205089;prefix=53133-;[0]=ew_0_1104747,L2Y03M,L2,321.393,321.263,https://labbcat.canterbury.ac.nz/maonze/transcript?ag_id=1845#ew_0_1104747,0.13,130,4.86753445,,
3625,ia,g_1854;em_12_150513;n_4610234-n_4610240;p_97;#=ew_69_215426;prefix=63255-;[0]=ew_0_1125155,MU07M,Historical,279.328,279.198,https://labbcat.canterbury.ac.nz/maonze/transcript?ag_id=1854#ew_0_1125155,0.13,130,4.86753445,,
3644,ia,g_1883;em_12_155046;n_5258796-n_5258802;p_334;#=ew_69_237027;prefix=83347-;[0]=ew_0_1170169,R011M,PresentElder,76.564,76.434,https://labbcat.canterbury.ac.nz/maonze/transcript?ag_id=1883#ew_0_1170169,0.13,130,4.86753445,,
3670,ia,g_1895;em_12_155830;n_5270572-n_5270593;p_334;#=ew_69_238712;prefix=84343-;[0]=ew_0_1179969,R011M,PresentElder,132.028,131.898,https://labbcat.canterbury.ac.nz/maonze/transcript?ag_id=1895#ew_0_1179969,0.13,130,4.86753445,,
3708,ia,g_1905;em_12_156646;n_5281603-n_5281615;p_333;#=ew_69_238909;prefix=85852-;[0]=ew_0_1188803,R012M,PresentElder,60.223,60.093,https://labbcat.canterbury.ac.nz/maonze/transcript?ag_id=1905#ew_0_1188803,0.13,130,4.86753445,,
3721,ia,g_1909;em_12_156824;n_5285392-n_5285407;p_333;#=ew_69_240919;prefix=86591-;[0]=ew_0_1192419,R012M,PresentElder,103.567,103.437,https://labbcat.canterbury.ac.nz/maonze/transcript?ag_id=1909#ew_0_1192419,0.13,130,4.86753445,,
3772,ia,g_1942;em_12_165573;n_6842121-n_6842139;p_41;#=ew_69_164894;prefix=15094-;[0]=ew_0_1295309,K007M,PresentElder,147.255,147.125,https://labbcat.canterbury.ac.nz/maonze/transcript?ag_id=1942#ew_0_1295309,0.13,130,4.86753445,,
3790,ia,g_1945;em_12_165873;n_6848696-n_6848707;p_28;#=ew_69_151288;prefix=01671-;[0]=ew_0_1298056,K001M,PresentElder,265.602,265.472,https://labbcat.canterbury.ac.nz/maonze/transcript?ag_id=1945#ew_0_1298056,0.13,130,4.86753445,,
3803,ia,g_20;em_12_1622;n_32241-n_32242;p_19;#=ew_69_153790;prefix=03636-;[0]=ew_0_14060,K002M,PresentElder,155.559,155.429,https://labbcat.canterbury.ac.nz/maonze/transcript?ag_id=20#ew_0_14060,0.13,130,4.86753445,,
3825,ia,g_22;em_12_1878;n_32495-n_32496;p_19;#=ew_69_153717;prefix=04262-;[0]=ew_0_16048,K002M,PresentElder,341.362,341.232,https://labbcat.canterbury.ac.nz/maonze/transcript?ag_id=22#ew_0_16048,0.13,130,4.86753445,,
3850,ia,g_305;em_12_162441;n_6241003-n_6241005;p_81;#=ew_69_186765;prefix=35140-;[0]=ew_0_1264859,L1Y03M,L1,246.814,246.684,https://labbcat.canterbury.ac.nz/maonze/transcript?ag_id=305#ew_0_1264859,0.13,130,4.86753445,,
3856,ia,g_306;em_12_160956;n_6000444-n_6000452;p_81;#=ew_69_186289;prefix=35405-;[0]=ew_0_1241159,L1Y03M,L1,179.212,179.082,https://labbcat.canterbury.ac.nz/maonze/transcript?ag_id=306#ew_0_1241159,0.13,130,4.86753445,,
3878,ia,g_317;em_12_148827;n_3841340-n_3841365;p_89;#=ew_69_187629;prefix=36686-;[0]=ew_0_1095943,L1Y04M,L1,102.848,102.718,https://labbcat.canterbury.ac.nz/maonze/transcript?ag_id=317#ew_0_1095943,0.13,130,4.86753445,,
3886,ia,g_319;em_12_31234;n_55839-n_55841;p_89;#=ew_69_188000;prefix=37040-;[0]=ew_0_213976,L1Y04M,L1,192.683,192.553,https://labbcat.canterbury.ac.nz/maonze/transcript?ag_id=319#ew_0_213976,0.13,130,4.86753445,,
3893,ia,g_320;em_12_31504;n_56093-n_56094;p_89;#=ew_69_188356;prefix=37210-;[0]=ew_0_214838,L1Y04M,L1,263.579,263.449,https://labbcat.canterbury.ac.nz/maonze/transcript?ag_id=320#ew_0_214838,0.13,130,4.86753445,,
3909,ia,g_329;em_12_33191;n_5973-n_57458;p_85;#=ew_69_184707;prefix=34031-;[0]=ew_0_220190,L1Y02M,L1,151.823,151.693,https://labbcat.canterbury.ac.nz/maonze/transcript?ag_id=329#ew_0_220190,0.13,130,4.86753445,,
3915,ia,g_330;em_12_33206;n_57471-n_57472;p_85;#=ew_69_185326;prefix=34424-;[0]=ew_0_220413,L1Y02M,L1,92.669,92.539,https://labbcat.canterbury.ac.nz/maonze/transcript?ag_id=330#ew_0_220413,0.13,130,4.86753445,,
3973,ia,g_370;em_12_36037;n_59862-n_59863;p_92;#=ew_69_214027;prefix=60966-;[0]=ew_0_239241,MU04M,Historical,224.839,224.709,https://labbcat.canterbury.ac.nz/maonze/transcript?ag_id=370#ew_0_239241,0.13,130,4.86753445,,
4001,ia,g_382;em_12_38394;n_62178-n_62195;p_94;#=ew_69_214408;prefix=62125-;[0]=ew_0_1234409,MU05M,Historical,55.91,55.78,https://labbcat.canterbury.ac.nz/maonze/transcript?ag_id=382#ew_0_1234409,0.13,130,4.86753445,,
4002,ia,g_383;em_12_150312;n_4464131-n_62390;p_95;#=ew_69_215095;prefix=62256-;[0]=ew_0_1121884,MU06M,Historical,210.709,210.579,https://labbcat.canterbury.ac.nz/maonze/transcript?ag_id=383#ew_0_1121884,0.13,130,4.86753445,,
4010,ia,g_384;em_12_38789;n_62586-n_62632;p_95;#=ew_69_214920;prefix=62474-;[0]=ew_0_1121826,MU06M,Historical,217.649,217.519,https://labbcat.canterbury.ac.nz/maonze/transcript?ag_id=384#ew_0_1121826,0.13,130,4.86753445,,
4012,ia,g_384;em_12_38866;n_62663-n_62665;p_95;#=ew_69_214939;prefix=62493-;[0]=ew_0_247573,MU06M,Historical,262.794,262.664,https://labbcat.canterbury.ac.nz/maonze/transcript?ag_id=384#ew_0_247573,0.13,130,4.86753445,,
4021,ia,g_386;em_12_39190;n_62985-n_62986;p_95;#=ew_69_215698;prefix=62769-;[0]=ew_0_1121763,MU06M,Historical,79.106,78.976,https://labbcat.canterbury.ac.nz/maonze/transcript?ag_id=386#ew_0_1121763,0.13,130,4.86753445,,
4026,ia,g_386;em_12_39273;n_63068-n_63069;p_95;#=ew_69_215802;prefix=62864-;[0]=ew_0_1121921,MU06M,Historical,220.626,220.496,https://labbcat.canterbury.ac.nz/maonze/transcript?ag_id=386#ew_0_1121921,0.13,130,4.86753445,,
4040,ia,g_445;em_12_45982;n_68483-n_68484;p_110;#=ew_69_155621;prefix=05542-;[0]=ew_0_1252271,K003M,PresentElder,142.439,142.309,https://labbcat.canterbury.ac.nz/maonze/transcript?ag_id=445#ew_0_1252271,0.13,130,4.86753445,,
4043,ia,g_446;em_12_169659;n_6944589-n_6944590;p_110;#=ew_69_155775;prefix=05843-;[0]=ew_0_1325896,K003M,PresentElder,180.631,180.501,https://labbcat.canterbury.ac.nz/maonze/transcript?ag_id=446#ew_0_1325896,0.13,130,4.86753445,,
4056,ia,g_447;em_12_169756;n_6945280-n_6945281;p_110;#=ew_69_155962;prefix=06191-;[0]=ew_0_1326617,K003M,PresentElder,247.809,247.679,https://labbcat.canterbury.ac.nz/maonze/transcript?ag_id=447#ew_0_1326617,0.13,130,4.86753445,,
4126,ia,g_467;em_12_148427;n_3622411-n_29363;p_120;#=ew_69_166137;prefix=16188-;[0]=ew_0_1091495,K008M,PresentElder,311.293,311.163,https://labbcat.canterbury.ac.nz/maonze/transcript?ag_id=467#ew_0_1091495,0.13,130,4.86753445,,
4146,ia,g_477;em_12_49151;n_71069-n_71070;p_121;#=ew_69_167476;prefix=17678-;[0]=ew_0_306846,K009M,PresentElder,112.451,112.321,https://labbcat.canterbury.ac.nz/maonze/transcript?ag_id=477#ew_0_306846,0.13,130,4.86753445,,
4147,ia,g_477;em_12_49180;n_71098-n_71099;p_121;#=ew_69_167814;prefix=17588-;[0]=ew_0_307250,K009M,PresentElder,283.45,283.32,https://labbcat.canterbury.ac.nz/maonze/transcript?ag_id=477#ew_0_307250,0.13,130,4.86753445,,
4252,ia,g_55;em_12_162020;n_6214567-n_6214568;p_32;#=ew_69_158858;prefix=08910-;[0]=ew_0_1259765,K004M,PresentElder,218.403,218.273,https://labbcat.canterbury.ac.nz/maonze/transcript?ag_id=55#ew_0_1259765,0.13,130,4.86753445,,
4315,ia,g_606;em_12_64454;n_84039-n_84040;p_140;#=ew_69_190589;prefix=40067-;[0]=ew_0_386958,L1Y05M,L1,162.256,162.126,https://labbcat.canterbury.ac.nz/maonze/transcript?ag_id=606#ew_0_386958,0.13,130,4.86753445,,
4363,ia,g_630;em_12_65828;n_85304-n_85305;p_143;#=ew_69_203587;prefix=50948-;[0]=ew_0_399568,L2Y02M,L2,110.615,110.485,https://labbcat.canterbury.ac.nz/maonze/transcript?ag_id=630#ew_0_399568,0.13,130,4.86753445,,
4399,ia,g_637;em_12_66685;n_86029-n_86030;p_145;#=ew_69_201256;prefix=49460-;[0]=ew_0_406199,L2Y01M,L2,329.832,329.702,https://labbcat.canterbury.ac.nz/maonze/transcript?ag_id=637#ew_0_406199,0.13,130,4.86753445,,
4408,ia,g_641;em_12_66972;n_86227-n_86228;p_145;#=ew_69_201869;prefix=49996-;[0]=ew_0_409246,L2Y01M,L2,363.562,363.432,https://labbcat.canterbury.ac.nz/maonze/transcript?ag_id=641#ew_0_409246,0.13,130,4.86753445,,
4429,ia,g_665;em_12_70479;n_89273-n_89274;p_148;#=ew_69_207408;prefix=55501-;[0]=ew_0_421733,L2Y05M,L2,87.458,87.328,https://labbcat.canterbury.ac.nz/maonze/transcript?ag_id=665#ew_0_421733,0.13,130,4.86753445,,
4447,ia,g_668;em_12_70611;n_89394-n_89395;p_148;#=ew_69_208303;prefix=56192-;[0]=ew_0_423986,L2Y05M,L2,272.737,272.607,https://labbcat.canterbury.ac.nz/maonze/transcript?ag_id=668#ew_0_423986,0.13,130,4.86753445,,
4459,ia,g_670;em_12_70685;n_89464-n_89465;p_148;#=ew_69_208609;prefix=56500-;[0]=ew_0_425355,L2Y05M,L2,291.492,291.362,https://labbcat.canterbury.ac.nz/maonze/transcript?ag_id=670#ew_0_425355,0.13,130,4.86753445,,
4476,ia,g_76;em_12_160504;n_5958122-n_5958128;p_37;#=ew_69_159951;prefix=10201-;[0]=ew_0_1236162,K005M,PresentElder,218.619,218.489,https://labbcat.canterbury.ac.nz/maonze/transcript?ag_id=76#ew_0_1236162,0.13,130,4.86753445,,
4493,ia,g_82;em_12_5633;n_35692-n_35693;p_37;#=ew_69_160460;prefix=10815-;[0]=ew_0_56486,K005M,PresentElder,261.549,261.419,https://labbcat.canterbury.ac.nz/maonze/transcript?ag_id=82#ew_0_56486,0.13,130,4.86753445,,
4495,ia,g_83;em_12_5684;n_35738-n_35739;p_37;#=ew_69_160610;prefix=11043-;[0]=ew_0_57372,K005M,PresentElder,275.173,275.043,https://labbcat.canterbury.ac.nz/maonze/transcript?ag_id=83#ew_0_57372,0.13,130,4.86753445,,
4516,ia,g_855;em_12_85892;n_100885-n_100886;p_167;#=ew_69_172107;prefix=21713-;[0]=ew_0_544516,L1H01M,L1,156.827,156.697,https://labbcat.canterbury.ac.nz/maonze/transcript?ag_id=855#ew_0_544516,0.13,130,4.86753445,,
4540,ia,g_861;em_12_86292;n_101231-n_101232;p_168;#=ew_69_173318;prefix=22612-;[0]=ew_0_547549,L1H02M,L1,162.346,162.216,https://labbcat.canterbury.ac.nz/maonze/transcript?ag_id=861#ew_0_547549,0.13,130,4.86753445,,
4570,ia,g_867;em_12_86754;n_101567-n_101568;p_168;#=ew_69_174644;prefix=23615-;[0]=ew_0_551346,L1H02M,L1,149.841,149.711,https://labbcat.canterbury.ac.nz/maonze/transcript?ag_id=867#ew_0_551346,0.13,130,4.86753445,,
4573,ia,g_868;em_12_159525;n_5655746-n_5655754;p_168;#=ew_69_174150;prefix=23888-;[0]=ew_0_1220253,L1H02M,L1,154.105,153.975,https://labbcat.canterbury.ac.nz/maonze/transcript?ag_id=868#ew_0_1220253,0.13,130,4.86753445,,
4587,ia,g_873;em_12_87209;n_101872-n_101873;p_168;#=ew_69_174354;prefix=24428-;[0]=ew_0_554634,L1H02M,L1,107.571,107.441,https://labbcat.canterbury.ac.nz/maonze/transcript?ag_id=873#ew_0_554634,0.13,130,4.86753445,,
4727,ia,g_935;em_12_90866;n_104666-n_104667;p_179;#=ew_69_218380;prefix=65526-;[0]=ew_0_583346,R001M,PresentElder,106.229,106.099,https://labbcat.canterbury.ac.nz/maonze/transcript?ag_id=935#ew_0_583346,0.13,130,4.86753445,,
4733,ia,g_935;em_12_90904;n_104700-n_104701;p_179;#=ew_69_218656;prefix=65605-;[0]=ew_0_583606,R001M,PresentElder,192.867,192.737,https://labbcat.canterbury.ac.nz/maonze/transcript?ag_id=935#ew_0_583606,0.13,130,4.86753445,,
4755,ia,g_940;em_12_91306;n_15854-n_105057;p_179;#=ew_69_219269;prefix=66466-;[0]=ew_0_586616,R001M,PresentElder,137.564,137.434,https://labbcat.canterbury.ac.nz/maonze/transcript?ag_id=940#ew_0_586616,0.13,130,4.86753445,,
4761,ia,g_942;em_12_91462;n_105162-n_105163;p_179;#=ew_69_219459;prefix=66803-;[0]=ew_0_587802,R001M,PresentElder,132.06,131.93,https://labbcat.canterbury.ac.nz/maonze/transcript?ag_id=942#ew_0_587802,0.13,130,4.86753445,,
4769,ia,g_947;em_12_91653;n_105330-n_105331;p_181;#=ew_69_220796;prefix=67311-;[0]=ew_0_589571,R002M,PresentElder,186.255,186.125,https://labbcat.canterbury.ac.nz/maonze/transcript?ag_id=947#ew_0_589571,0.13,130,4.86753445,,
4772,ia,g_949;em_12_91716;n_105384-n_15937;p_181;#=ew_69_220419;prefix=67539-;[0]=ew_0_590475,R002M,PresentElder,47.117,46.987,https://labbcat.canterbury.ac.nz/maonze/transcript?ag_id=949#ew_0_590475,0.13,130,4.86753445,,
4778,ia,g_949;em_12_91749;n_105411-n_105412;p_181;#=ew_69_220655;prefix=67666-;[0]=ew_0_590942,R002M,PresentElder,244.208,244.078,https://labbcat.canterbury.ac.nz/maonze/transcript?ag_id=949#ew_0_590942,0.13,130,4.86753445,,
4790,ia,g_955;em_12_92000;n_7033122-n_105621;p_181;#=ew_69_221175;prefix=68222-;[0]=ew_0_594167,R002M,PresentElder,43.409,43.279,https://labbcat.canterbury.ac.nz/maonze/transcript?ag_id=955#ew_0_594167,0.13,130,4.86753445,,
4800,ia,g_959;em_12_92217;n_105807-n_105808;p_183;#=ew_69_222157;prefix=68951-;[0]=ew_0_596247,R003M,PresentElder,208.432,208.302,https://labbcat.canterbury.ac.nz/maonze/transcript?ag_id=959#ew_0_596247,0.13,130,4.86753445,,
4864,ia,g_98;em_12_6885;n_36732-n_36733;p_41;#=ew_69_162481;prefix=12901-;[0]=ew_0_66917,K007M,PresentElder,96.692,96.562,https://labbcat.canterbury.ac.nz/maonze/transcript?ag_id=98#ew_0_66917,0.13,130,4.86753445,,
4906,ia,g_99;em_12_162778;n_6282037-n_6282042;p_41;#=ew_69_163775;prefix=13179-;[0]=ew_0_1269496,K007M,PresentElder,288.073,287.943,https://labbcat.canterbury.ac.nz/maonze/transcript?ag_id=99#ew_0_1269496,0.13,130,4.86753445,,
4918,ia,g_991;em_12_94106;n_107153-n_107154;p_182;#=ew_69_226684;prefix=73601-;[0]=ew_0_612899,R005M,PresentElder,105.323,105.193,https://labbcat.canterbury.ac.nz/maonze/transcript?ag_id=991#ew_0_612899,0.13,130,4.86753445,,
4950,oa,g_1012;em_12_95586;n_108405-n_108406;p_188;#=ew_69_230201;prefix=76724-;[0]=ew_0_626092,R007M,PresentElder,221.725,221.595,https://labbcat.canterbury.ac.nz/maonze/transcript?ag_id=1012#ew_0_626092,0.13,130,4.86753445,,
4962,oa,g_1018;em_12_163647;n_6670279-n_17042;p_188;#=ew_69_230437;prefix=77227-;[0]=ew_0_1281811,R007M,PresentElder,90.551,90.421,https://labbcat.canterbury.ac.nz/maonze/transcript?ag_id=1018#ew_0_1281811,0.13,130,4.86753445,,
4965,oa,g_1018;em_12_95952;n_17053-n_6670284;p_188;#=ew_69_230454;prefix=77243-;[0]=ew_0_628692,R007M,PresentElder,128.884,128.754,https://labbcat.canterbury.ac.nz/maonze/transcript?ag_id=1018#ew_0_628692,0.13,130,4.86753445,,
4990,oa,g_1024;em_12_96178;n_108619-n_108620;p_190;#=ew_69_233328;prefix=79226-;[0]=ew_0_631749,R009M,PresentElder,232.928,232.798,https://labbcat.canterbury.ac.nz/maonze/transcript?ag_id=1024#ew_0_631749,0.13,130,4.86753445,,
5004,oa,g_1029;em_12_96372;n_108735-n_17230;p_190;#=ew_69_233483;prefix=79882-;[0]=ew_0_634506,R009M,PresentElder,41.379,41.249,https://labbcat.canterbury.ac.nz/maonze/transcript?ag_id=1029#ew_0_634506,0.13,130,4.86753445,,
5104,oa,g_1078;em_12_99914;n_111101-n_18345;p_208;#=ew_69_246072;prefix=92140-;[0]=ew_0_663512,WU07M,Historical,100.55,100.42,https://labbcat.canterbury.ac.nz/maonze/transcript?ag_id=1078#ew_0_663512,0.13,130,4.86753445,,
5115,oa,g_1082;em_12_100172;n_111304-n_111305;p_208;#=ew_69_247307;prefix=92733-;[0]=ew_0_665792,WU07M,Historical,211.411,211.281,https://labbcat.canterbury.ac.nz/maonze/transcript?ag_id=1082#ew_0_665792,0.13,130,4.86753445,,
5121,oa,g_1085;em_12_100348;n_111451-n_111452;p_208;#=ew_69_246747;prefix=93118-;[0]=ew_0_667308,WU07M,Historical,168.351,168.221,https://labbcat.canterbury.ac.nz/maonze/transcript?ag_id=1085#ew_0_667308,0.13,130,4.86753445,,
5131,oa,g_1087;em_12_100494;n_111585-n_7084798;p_208;#=ew_69_247938;prefix=93446-;[0]=ew_0_668751,WU07M,Historical,229.988,229.858,https://labbcat.canterbury.ac.nz/maonze/transcript?ag_id=1087#ew_0_668751,0.13,130,4.86753445,,
5163,oa,g_117;em_12_8551;n_38108-n_38109;p_43;#=ew_69_211768;prefix=58871-;[0]=ew_0_83084,MU02M,Historical,350.685,350.555,https://labbcat.canterbury.ac.nz/maonze/transcript?ag_id=117#ew_0_83084,0.13,130,4.86753445,,
5182,oa,g_1203;em_12_109049;n_117850-n_117851;p_244;#=ew_69_244416;prefix=89767-;[0]=ew_0_726304,WU04M,Historical,240.43,240.3,https://labbcat.canterbury.ac.nz/maonze/transcript?ag_id=1203#ew_0_726304,0.13,130,4.86753445,,
5213,oa,g_1233;em_12_160027;n_5824734-n_5824749;p_249;#=ew_69_180856;prefix=29846-;[0]=ew_0_1228932,L1H06M,L1,224.003,223.873,https://labbcat.canterbury.ac.nz/maonze/transcript?ag_id=1233#ew_0_1228932,0.13,130,4.86753445,,
5218,oa,g_1236;em_12_111247;n_21494-n_21495;p_249;#=ew_69_180529;prefix=30053-;[0]=ew_0_743362,L1H06M,L1,232.957,232.827,https://labbcat.canterbury.ac.nz/maonze/transcript?ag_id=1236#ew_0_743362,0.13,130,4.86753445,,
5259,oa,g_1383;em_12_118878;n_124378-n_124379;p_262;#=ew_69_248339;prefix=93945-;[0]=ew_0_820107,WU08M,Historical,88.076,87.946,https://labbcat.canterbury.ac.nz/maonze/transcript?ag_id=1383#ew_0_820107,0.13,130,4.86753445,,
5289,oa,g_1394;em_12_119256;n_124719-n_4711924;p_262;#=ew_69_249753;prefix=95425-;[0]=ew_0_825688,WU08M,Historical,167.851,167.721,https://labbcat.canterbury.ac.nz/maonze/transcript?ag_id=1394#ew_0_825688,0.13,130,4.86753445,,
5295,oa,g_1396;em_12_119307;n_124762-n_124763;p_262;#=ew_69_249845;prefix=95597-;[0]=ew_0_826382,WU08M,Historical,68.416,68.286,https://labbcat.canterbury.ac.nz/maonze/transcript?ag_id=1396#ew_0_826382,0.13,130,4.86753445,,
5297,oa,g_1396;em_12_119324;n_124779-n_124780;p_262;#=ew_69_249979;prefix=95651-;[0]=ew_0_826618,WU08M,Historical,201.19,201.06,https://labbcat.canterbury.ac.nz/maonze/transcript?ag_id=1396#ew_0_826618,0.13,130,4.86753445,,
5418,oa,g_1633;em_12_132685;n_134936-n_134937;p_288;#=ew_69_195365;prefix=43857-;[0]=ew_0_939531,L2H03M,L2,93.063,92.933,https://labbcat.canterbury.ac.nz/maonze/transcript?ag_id=1633#ew_0_939531,0.13,130,4.86753445,,
5477,oa,g_1658;em_12_134531;n_136418-n_136419;p_300;#=ew_69_195192;prefix=43754-;[0]=ew_0_951897,L2H02M,L2,269.316,269.186,https://labbcat.canterbury.ac.nz/maonze/transcript?ag_id=1658#ew_0_951897,0.13,130,4.86753445,,
5552,oa,g_1751;em_12_139963;n_140633-n_140634;p_318;#=ew_69_231378;prefix=78144-;[0]=ew_0_1003243,R008M,PresentElder,78.691,78.561,https://labbcat.canterbury.ac.nz/maonze/transcript?ag_id=1751#ew_0_1003243,0.13,130,4.86753445,,
5568,oa,g_1839;em_12_148912;n_3846565-n_3846581;p_49;#=ew_69_204096;prefix=52202-;[0]=ew_0_1099989,L2Y03M,L2,139.447,139.317,https://labbcat.canterbury.ac.nz/maonze/transcript?ag_id=1839#ew_0_1099989,0.13,130,4.86753445,,
5575,oa,g_1841;em_12_149080;n_3848802-n_3848812;p_49;#=ew_69_204296;prefix=52565-;[0]=ew_0_1101887,L2Y03M,L2,272.92,272.79,https://labbcat.canterbury.ac.nz/maonze/transcript?ag_id=1841#ew_0_1101887,0.13,130,4.86753445,,
5581,oa,g_1842;em_12_149129;n_3849393-n_3849411;p_49;#=ew_69_204826;prefix=52655-;[0]=ew_0_1102381,L2Y03M,L2,164.035,163.905,https://labbcat.canterbury.ac.nz/maonze/transcript?ag_id=1842#ew_0_1102381,0.13,130,4.86753445,,
5669,oa,g_1899;em_12_156116;n_5276259-n_5276279;p_333;#=ew_69_238124;prefix=85011-;[0]=ew_0_1184214,R012M,PresentElder,200.172,200.042,https://labbcat.canterbury.ac.nz/maonze/transcript?ag_id=1899#ew_0_1184214,0.13,130,4.86753445,,
5689,oa,g_1902;em_12_156401;n_5279318-n_5279338;p_333;#=ew_69_239527;prefix=85394-;[0]=ew_0_1186572,R012M,PresentElder,206.857,206.727,https://labbcat.canterbury.ac.nz/maonze/transcript?ag_id=1902#ew_0_1186572,0.13,130,4.86753445,,
5704,oa,g_1906;em_12_156668;n_5283302-n_5283317;p_333;#=ew_69_239547;prefix=86111-;[0]=ew_0_1189710,R012M,PresentElder,227.003,226.873,https://labbcat.canterbury.ac.nz/maonze/transcript?ag_id=1906#ew_0_1189710,0.13,130,4.86753445,,
5705,oa,g_1906;em_12_156690;n_5283103-n_5283115;p_333;#=ew_69_239349;prefix=86050-;[0]=ew_0_1189647,R012M,PresentElder,161.322,161.192,https://labbcat.canterbury.ac.nz/maonze/transcript?ag_id=1906#ew_0_1189647,0.13,130,4.86753445,,
5708,oa,g_1906;em_12_156699;n_5282915-n_5282939;p_333;#=ew_69_239164;prefix=85988-;[0]=ew_0_1189534,R012M,PresentElder,106.807,106.677,https://labbcat.canterbury.ac.nz/maonze/transcript?ag_id=1906#ew_0_1189534,0.13,130,4.86753445,,
5738,oa,g_1911;em_12_156993;n_5288009-n_5288018;p_333;#=ew_69_240728;prefix=87013-;[0]=ew_0_1193724,R012M,PresentElder,242.958,242.828,https://labbcat.canterbury.ac.nz/maonze/transcript?ag_id=1911#ew_0_1193724,0.13,130,4.86753445,,
5772,oa,g_1943;em_12_165658;n_6846427-n_6846440;p_19;#=ew_69_152106;prefix=02709-;[0]=ew_0_1295897,K002M,PresentElder,273.326,273.196,https://labbcat.canterbury.ac.nz/maonze/transcript?ag_id=1943#ew_0_1295897,0.13,130,4.86753445,,
5808,oa,g_23;em_12_1957;n_32573-n_32574;p_19;#=ew_69_153368;prefix=04461-;[0]=ew_0_16657,K002M,PresentElder,268.042,267.912,https://labbcat.canterbury.ac.nz/maonze/transcript?ag_id=23#ew_0_16657,0.13,130,4.86753445,,
5817,oa,g_27;em_12_2276;n_32883-n_32884;p_19;#=ew_69_155017;prefix=05365-;[0]=ew_0_19374,K002M,PresentElder,343.521,343.391,https://labbcat.canterbury.ac.nz/maonze/transcript?ag_id=27#ew_0_19374,0.13,130,4.86753445,,
5825,oa,g_306;em_12_160953;n_6000420-n_6000060;p_81;#=ew_69_186250;prefix=35352-;[0]=ew_0_1238041,L1Y03M,L1,153.72,153.59,https://labbcat.canterbury.ac.nz/maonze/transcript?ag_id=306#ew_0_1238041,0.13,130,4.86753445,,
5854,oa,g_318;em_12_148543;n_3841362-n_3841386;p_89;#=ew_69_187868;prefix=36854-;[0]=ew_0_1095143,L1Y04M,L1,116.982,116.852,https://labbcat.canterbury.ac.nz/maonze/transcript?ag_id=318#ew_0_1095143,0.13,130,4.86753445,,
5872,oa,g_320;em_12_31426;n_56019-n_3841257;p_89;#=ew_69_188298;prefix=37153-;[0]=ew_0_214611,L1Y04M,L1,170.484,170.354,https://labbcat.canterbury.ac.nz/maonze/transcript?ag_id=320#ew_0_214611,0.13,130,4.86753445,,
5889,oa,g_323;em_12_148747;n_3842199-n_3842222;p_89;#=ew_69_188955;prefix=37744-;[0]=ew_0_1097654,L1Y04M,L1,283.933,283.803,https://labbcat.canterbury.ac.nz/maonze/transcript?ag_id=323#ew_0_1097654,0.13,130,4.86753445,,
5891,oa,g_323;em_12_32310;n_56775-n_5796;p_89;#=ew_69_188923;prefix=37711-;[0]=ew_0_217025,L1Y04M,L1,219.727,219.597,https://labbcat.canterbury.ac.nz/maonze/transcript?ag_id=323#ew_0_217025,0.13,130,4.86753445,,
5952,oa,g_368;em_12_150355;n_59540-n_4465191;p_92;#=ew_69_212641;prefix=60456-;[0]=ew_0_1122875,MU04M,Historical,102.207,102.077,https://labbcat.canterbury.ac.nz/maonze/transcript?ag_id=368#ew_0_1122875,0.13,130,4.86753445,,
5984,oa,g_374;em_12_36793;n_60600-n_60602;p_92;#=ew_69_213553;prefix=61418-;[0]=ew_0_242296,MU04M,Historical,203.881,203.751,https://labbcat.canterbury.ac.nz/maonze/transcript?ag_id=374#ew_0_242296,0.13,130,4.86753445,,
6029,oa,g_447;em_12_169738;n_6945275-n_6945276;p_110;#=ew_69_155933;prefix=06180-;[0]=ew_0_1326224,K003M,PresentElder,229.188,229.058,https://labbcat.canterbury.ac.nz/maonze/transcript?ag_id=447#ew_0_1326224,0.13,130,4.86753445,,
6041,oa,g_451;em_12_161321;n_6123528-n_6123535;p_110;#=ew_69_156458;prefix=07206-;[0]=ew_0_1252637,K003M,PresentElder,217.561,217.431,https://labbcat.canterbury.ac.nz/maonze/transcript?ag_id=451#ew_0_1252637,0.13,130,4.86753445,,
6043,oa,g_451;em_12_46640;n_69104-n_69105;p_110;#=ew_69_156304;prefix=06975-;[0]=ew_0_1253628,K003M,PresentElder,49.095,48.965,https://labbcat.canterbury.ac.nz/maonze/transcript?ag_id=451#ew_0_1253628,0.13,130,4.86753445,,
6045,oa,g_451;em_12_46659;n_69121-n_69122;p_110;#=ew_69_156353;prefix=07022-;[0]=ew_0_291866,K003M,PresentElder,106.872,106.742,https://labbcat.canterbury.ac.nz/maonze/transcript?ag_id=451#ew_0_291866,0.13,130,4.86753445,,
6074,oa,g_474;em_12_49002;n_70935-n_70936;p_121;#=ew_69_167087;prefix=17016-;[0]=ew_0_304855,K009M,PresentElder,143.073,142.943,https://labbcat.canterbury.ac.nz/maonze/transcript?ag_id=474#ew_0_304855,0.13,130,4.86753445,,
6081,oa,g_477;em_12_49179;n_71097-n_71098;p_121;#=ew_69_167792;prefix=17578-;[0]=ew_0_307226,K009M,PresentElder,275.929,275.799,https://labbcat.canterbury.ac.nz/maonze/transcript?ag_id=477#ew_0_307226,0.13,130,4.86753445,,
6107,oa,g_490;em_12_50492;n_72111-n_72112;p_122;#=ew_69_170364;prefix=19678-;[0]=ew_0_315319,K010M,PresentElder,227.452,227.322,https://labbcat.canterbury.ac.nz/maonze/transcript?ag_id=490#ew_0_315319,0.13,130,4.86753445,,
6110,oa,g_491;em_12_50620;n_72220-n_72221;p_122;#=ew_69_169749;prefix=19804-;[0]=ew_0_315908,K010M,PresentElder,174.466,174.336,https://labbcat.canterbury.ac.nz/maonze/transcript?ag_id=491#ew_0_315908,0.13,130,4.86753445,,
6129,oa,g_50;em_12_158328;n_5387885-n_5387891;p_32;#=ew_69_157615;prefix=07860-;[0]=ew_0_1208438,K004M,PresentElder,142.459,142.329,https://labbcat.canterbury.ac.nz/maonze/transcript?ag_id=50#ew_0_1208438,0.13,130,4.86753445,,
6139,oa,g_51;em_12_3719;n_34053-n_34054;p_32;#=ew_69_157497;prefix=07967-;[0]=ew_0_34026,K004M,PresentElder,243.718,243.588,https://labbcat.canterbury.ac.nz/maonze/transcript?ag_id=51#ew_0_34026,0.13,130,4.86753445,,
6161,oa,g_58;em_12_162185;n_6217229-n_6217245;p_32;#=ew_69_159668;prefix=09533-;[0]=ew_0_1263208,K004M,PresentElder,86.454,86.324,https://labbcat.canterbury.ac.nz/maonze/transcript?ag_id=58#ew_0_1263208,0.13,130,4.86753445,,
6168,oa,g_597;em_12_63876;n_83476-n_83477;p_140;#=ew_69_189337;prefix=38327-;[0]=ew_0_380782,L1Y05M,L1,120.795,120.665,https://labbcat.canterbury.ac.nz/maonze/transcript?ag_id=597#ew_0_380782,0.13,130,4.86753445,,
6175,oa,g_599;em_12_64039;n_83637-n_83638;p_140;#=ew_69_189729;prefix=38700-;[0]=ew_0_382167,L1Y05M,L1,178.906,178.776,https://labbcat.canterbury.ac.nz/maonze/transcript?ag_id=599#ew_0_382167,0.13,130,4.86753445,,
6209,oa,g_610;em_12_64699;n_84267-n_84268;p_142;#=ew_69_182180;prefix=31071-;[0]=ew_0_389080,L1Y01M,L1,157.725,157.595,https://labbcat.canterbury.ac.nz/maonze/transcript?ag_id=610#ew_0_389080,0.13,130,4.86753445,,
6224,oa,g_618;em_12_65057;n_84615-n_84616;p_142;#=ew_69_182889;prefix=32018-;[0]=ew_0_392971,L1Y01M,L1,163.576,163.446,https://labbcat.canterbury.ac.nz/maonze/transcript?ag_id=618#ew_0_392971,0.13,130,4.86753445,,
6239,oa,g_626;em_12_170738;n_6981784-n_6981785;p_142;#=ew_69_183792;prefix=32947-;[0]=ew_0_1334428,L1Y01M,L1,135.333,135.203,https://labbcat.canterbury.ac.nz/maonze/transcript?ag_id=626#ew_0_1334428,0.13,130,4.86753445,,
6266,oa,g_632;em_12_66190;n_85642-n_85643;p_143;#=ew_69_203463;prefix=51662-;[0]=ew_0_402247,L2Y02M,L2,303.246,303.116,https://labbcat.canterbury.ac.nz/maonze/transcript?ag_id=632#ew_0_402247,0.13,130,4.86753445,,
6271,oa,g_633;em_12_66266;n_85715-n_85716;p_143;#=ew_69_202984;prefix=51809-;[0]=ew_0_402846,L2Y02M,L2,153.802,153.672,https://labbcat.canterbury.ac.nz/maonze/transcript?ag_id=633#ew_0_402846,0.13,130,4.86753445,,
6277,oa,g_633;em_12_66314;n_85759-n_85760;p_143;#=ew_69_203287;prefix=51932-;[0]=ew_0_403273,L2Y02M,L2,296.395,296.265,https://labbcat.canterbury.ac.nz/maonze/transcript?ag_id=633#ew_0_403273,0.13,130,4.86753445,,
6318,oa,g_663;em_12_70409;n_89205-n_89206;p_148;#=ew_69_207503;prefix=55169-;[0]=ew_0_420576,L2Y05M,L2,162.192,162.062,https://labbcat.canterbury.ac.nz/maonze/transcript?ag_id=663#ew_0_420576,0.13,130,4.86753445,,
6337,oa,g_671;em_12_70698;n_89476-n_89477;p_148;#=ew_69_208703;prefix=56579-;[0]=ew_0_425598,L2Y05M,L2,95.935,95.805,https://labbcat.canterbury.ac.nz/maonze/transcript?ag_id=671#ew_0_425598,0.13,130,4.86753445,,
6351,oa,g_81;em_12_5567;n_35642-n_35643;p_37;#=ew_69_160297;prefix=10672-;[0]=ew_0_55656,K005M,PresentElder,145.524,145.394,https://labbcat.canterbury.ac.nz/maonze/transcript?ag_id=81#ew_0_55656,0.13,130,4.86753445,,
6399,oa,g_861;em_12_86304;n_101237-n_101238;p_168;#=ew_69_173391;prefix=22648-;[0]=ew_0_547689,L1H02M,L1,218.273,218.143,https://labbcat.canterbury.ac.nz/maonze/transcript?ag_id=861#ew_0_547689,0.13,130,4.86753445,,
6473,oa,g_894;em_12_88461;n_5774575-n_102720;p_174;#=ew_69_179300;prefix=28354-;[0]=ew_0_563377,L1H05M,L1,117.922,117.792,https://labbcat.canterbury.ac.nz/maonze/transcript?ag_id=894#ew_0_563377,0.13,130,4.86753445,,
6507,oa,g_908;em_12_89201;n_15541-n_15542;p_173;#=ew_69_177075;prefix=26490-;[0]=ew_0_570797,L1H04M,L1,151.377,151.247,https://labbcat.canterbury.ac.nz/maonze/transcript?ag_id=908#ew_0_570797,0.13,130,4.86753445,,
6517,oa,g_926;em_12_90260;n_104080-n_104081;p_179;#=ew_69_217548;prefix=64592-;[0]=ew_0_580004,R001M,PresentElder,205.066,204.936,https://labbcat.canterbury.ac.nz/maonze/transcript?ag_id=926#ew_0_580004,0.13,130,4.86753445,,
6527,oa,g_928;em_12_90437;n_104255-n_104256;p_179;#=ew_69_217852;prefix=64922-;[0]=ew_0_581080,R001M,PresentElder,192.579,192.449,https://labbcat.canterbury.ac.nz/maonze/transcript?ag_id=928#ew_0_581080,0.13,130,4.86753445,,
6528,oa,g_928;em_12_90461;n_104279-n_104280;p_179;#=ew_69_217900;prefix=64968-;[0]=ew_0_581273,R001M,PresentElder,276.693,276.563,https://labbcat.canterbury.ac.nz/maonze/transcript?ag_id=928#ew_0_581273,0.13,130,4.86753445,,
6607,oa,g_97;em_12_162862;n_6282045-n_6282050;p_41;#=ew_69_163232;prefix=12661-;[0]=ew_0_1269236,K007M,PresentElder,167.563,167.433,https://labbcat.canterbury.ac.nz/maonze/transcript?ag_id=97#ew_0_1269236,0.13,130,4.86753445,,
6622,oa,g_972;em_12_93035;n_106396-n_106397;p_184;#=ew_69_224008;prefix=70775-;[0]=ew_0_603333,R004M,PresentElder,217.112,216.982,https://labbcat.canterbury.ac.nz/maonze/transcript?ag_id=972#ew_0_603333,0.13,130,4.86753445,,
6623,oa,g_972;em_12_93036;n_106397-n_106398;p_184;#=ew_69_224012;prefix=70777-;[0]=ew_0_603338,R004M,PresentElder,218.418,218.288,https://labbcat.canterbury.ac.nz/maonze/transcript?ag_id=972#ew_0_603338,0.13,130,4.86753445,,
6631,oa,g_976;em_12_93335;n_106591-n_106592;p_184;#=ew_69_224448;prefix=71410-;[0]=ew_0_605577,R004M,PresentElder,143.428,143.298,https://labbcat.canterbury.ac.nz/maonze/transcript?ag_id=976#ew_0_605577,0.13,130,4.86753445,,
6643,oa,g_978;em_12_93524;n_7039564-n_106700;p_184;#=ew_69_225137;prefix=71754-;[0]=ew_0_606740,R004M,PresentElder,166.821,166.691,https://labbcat.canterbury.ac.nz/maonze/transcript?ag_id=978#ew_0_606740,0.13,130,4.86753445,,
6660,oa,g_99;em_12_162761;n_6281874-n_6281879;p_41;#=ew_69_163477;prefix=13256-;[0]=ew_0_1271421,K007M,PresentElder,89.24,89.11,https://labbcat.canterbury.ac.nz/maonze/transcript?ag_id=99#ew_0_1271421,0.13,130,4.86753445,,
6674,ua,g_10;em_12_693;n_31340-n_31341;p_28;#=ew_69_149780;prefix=00493-;[0]=ew_0_6228,K001M,PresentElder,53.666,53.536,https://labbcat.canterbury.ac.nz/maonze/transcript?ag_id=10#ew_0_6228,0.13,130,4.86753445,,
6685,ua,g_100;em_12_162741;n_6281810-n_6281939;p_41;#=ew_69_162719;prefix=13445-;[0]=ew_0_1269924,K007M,PresentElder,103.758,103.628,https://labbcat.canterbury.ac.nz/maonze/transcript?ag_id=100#ew_0_1269924,0.13,130,4.86753445,,
6698,ua,g_1007;em_12_95264;n_108224-n_108225;p_284;#=ew_69_210510;prefix=58179-;[0]=ew_0_623736,MU01M,Historical,128.685,128.555,https://labbcat.canterbury.ac.nz/maonze/transcript?ag_id=1007#ew_0_623736,0.13,130,4.86753445,,
6773,ua,g_102;em_12_162923;n_6286114-n_6286120;p_41;#=ew_69_163812;prefix=13885-;[0]=ew_0_1273691,K007M,PresentElder,253.15,253.02,https://labbcat.canterbury.ac.nz/maonze/transcript?ag_id=102#ew_0_1273691,0.13,130,4.86753445,,
6793,ua,g_1022;em_12_96074;n_17129-n_108546;p_190;#=ew_69_232260;prefix=78844-;[0]=ew_0_630176,R009M,PresentElder,120.547,120.417,https://labbcat.canterbury.ac.nz/maonze/transcript?ag_id=1022#ew_0_630176,0.13,130,4.86753445,,
6891,ua,g_1036;em_12_96675;n_108965-n_108966;p_193;#=ew_69_234957;prefix=81162-;[0]=ew_0_639092,R010M,PresentElder,100.228,100.098,https://labbcat.canterbury.ac.nz/maonze/transcript?ag_id=1036#ew_0_639092,0.13,130,4.86753445,,
6903,ua,g_1037;em_12_96779;n_109034-n_17336;p_193;#=ew_69_235492;prefix=81473-;[0]=ew_0_640249,R010M,PresentElder,250.607,250.477,https://labbcat.canterbury.ac.nz/maonze/transcript?ag_id=1037#ew_0_640249,0.13,130,4.86753445,,
6915,ua,g_1038;em_12_96859;n_109091-n_109092;p_193;#=ew_69_235460;prefix=81656-;[0]=ew_0_640951,R010M,PresentElder,215.964,215.834,https://labbcat.canterbury.ac.nz/maonze/transcript?ag_id=1038#ew_0_640951,0.13,130,4.86753445,,
6917,ua,g_1039;em_12_96900;n_109114-n_109115;p_193;#=ew_69_235462;prefix=81735-;[0]=ew_0_641288,R010M,PresentElder,53.095,52.965,https://labbcat.canterbury.ac.nz/maonze/transcript?ag_id=1039#ew_0_641288,0.13,130,4.86753445,,
6918,ua,g_1039;em_12_96931;n_109131-n_109132;p_193;#=ew_69_235606;prefix=81789-;[0]=ew_0_641538,R010M,PresentElder,135.134,135.004,https://labbcat.canterbury.ac.nz/maonze/transcript?ag_id=1039#ew_0_641538,0.13,130,4.86753445,,
6922,ua,g_1039;em_12_96957;n_109153-n_109154;p_193;#=ew_69_235670;prefix=81903-;[0]=ew_0_641749,R010M,PresentElder,208.671,208.541,https://labbcat.canterbury.ac.nz/maonze/transcript?ag_id=1039#ew_0_641749,0.13,130,4.86753445,,
6924,ua,g_104;em_12_7205;n_37046-n_37047;p_41;#=ew_69_164405;prefix=14234-;[0]=ew_0_71810,K007M,PresentElder,102.005,101.875,https://labbcat.canterbury.ac.nz/maonze/transcript?ag_id=104#ew_0_71810,0.13,130,4.86753445,,
6938,ua,g_1040;em_12_97063;n_109215-n_29937;p_193;#=ew_69_234884;prefix=82065-;[0]=ew_0_642664,R010M,PresentElder,273.963,273.833,https://labbcat.canterbury.ac.nz/maonze/transcript?ag_id=1040#ew_0_642664,0.13,130,4.86753445,,
6962,ua,g_1045;em_12_163792;n_6793353-n_6793357;p_193;#=ew_69_236505;prefix=82649-;[0]=ew_0_1283630,R010M,PresentElder,159.345,159.215,https://labbcat.canterbury.ac.nz/maonze/transcript?ag_id=1045#ew_0_1283630,0.13,130,4.86753445,,
6975,ua,g_1045;em_12_97451;n_109381-n_109382;p_193;#=ew_69_236544;prefix=82670-;[0]=ew_0_646136,R010M,PresentElder,179.589,179.459,https://labbcat.canterbury.ac.nz/maonze/transcript?ag_id=1045#ew_0_646136,0.13,130,4.86753445,,
6976,ua,g_1045;em_12_97451;n_109381-n_109382;p_193;#=ew_69_236552;prefix=82674-;[0]=ew_0_646143,R010M,PresentElder,182.789,182.659,https://labbcat.canterbury.ac.nz/maonze/transcript?ag_id=1045#ew_0_646143,0.13,130,4.86753445,,
7030,ua,g_1071;em_12_99581;n_110796-n_110797;p_206;#=ew_69_245750;prefix=91297-;[0]=ew_0_660132,WU06M,Historical,194.742,194.612,https://labbcat.canterbury.ac.nz/maonze/transcript?ag_id=1071#ew_0_660132,0.13,130,4.86753445,,
7045,ua,g_1072;em_12_99628;n_110842-n_110843;p_206;#=ew_69_246111;prefix=91475-;[0]=ew_0_660774,WU06M,Historical,191.885,191.755,https://labbcat.canterbury.ac.nz/maonze/transcript?ag_id=1072#ew_0_660774,0.13,130,4.86753445,,
7095,ua,g_1080;em_12_100014;n_111179-n_111180;p_208;#=ew_69_246556;prefix=92327-;[0]=ew_0_664276,WU07M,Historical,93.152,93.022,https://labbcat.canterbury.ac.nz/maonze/transcript?ag_id=1080#ew_0_664276,0.13,130,4.86753445,,
7111,ua,g_1081;em_12_100102;n_111244-n_111245;p_208;#=ew_69_247143;prefix=92510-;[0]=ew_0_665045,WU07M,Historical,182.827,182.697,https://labbcat.canterbury.ac.nz/maonze/transcript?ag_id=1081#ew_0_665045,0.13,130,4.86753445,,
7117,ua,g_1082;em_12_100145;n_111283-n_4699040;p_208;#=ew_69_247047;prefix=92655-;[0]=ew_0_665500,WU07M,Historical,100.24,100.11,https://labbcat.canterbury.ac.nz/maonze/transcript?ag_id=1082#ew_0_665500,0.13,130,4.86753445,,
7209,ua,g_11;em_12_848;n_31494-n_31495;p_28;#=ew_69_149385;prefix=00414-;[0]=ew_0_1230768,K001M,PresentElder,260.141,260.011,https://labbcat.canterbury.ac.nz/maonze/transcript?ag_id=11#ew_0_1230768,0.13,130,4.86753445,,
7221,ua,g_115;em_12_8255;n_37814-n_37815;p_43;#=ew_69_211226;prefix=59410-;[0]=ew_0_80021,MU02M,Historical,173.12,172.99,https://labbcat.canterbury.ac.nz/maonze/transcript?ag_id=115#ew_0_80021,0.13,130,4.86753445,,
7237,ua,g_116;em_12_8412;n_37970-n_37971;p_43;#=ew_69_212104;prefix=59185-;[0]=ew_0_81492,MU02M,Historical,387.688,387.558,https://labbcat.canterbury.ac.nz/maonze/transcript?ag_id=116#ew_0_81492,0.13,130,4.86753445,,
7257,ua,g_117;em_12_8497;n_38054-n_38055;p_43;#=ew_69_211570;prefix=58688-;[0]=ew_0_1113626,MU02M,Historical,135.114,134.984,https://labbcat.canterbury.ac.nz/maonze/transcript?ag_id=117#ew_0_1113626,0.13,130,4.86753445,,
7264,ua,g_117;em_12_8504;n_38061-n_4017018;p_43;#=ew_69_211606;prefix=58718-;[0]=ew_0_82530,MU02M,Historical,166.821,166.691,https://labbcat.canterbury.ac.nz/maonze/transcript?ag_id=117#ew_0_82530,0.13,130,4.86753445,,
7286,ua,g_12;em_12_922;n_31558-n_31559;p_28;#=ew_69_149542;prefix=00124-;[0]=ew_0_1230989,K001M,PresentElder,174.856,174.726,https://labbcat.canterbury.ac.nz/maonze/transcript?ag_id=12#ew_0_1230989,0.13,130,4.86753445,,
7324,ua,g_1227;em_12_110658;n_119134-n_119135;p_249;#=ew_69_180201;prefix=29187-;[0]=ew_0_738392,L1H06M,L1,104.705,104.575,https://labbcat.canterbury.ac.nz/maonze/transcript?ag_id=1227#ew_0_738392,0.13,130,4.86753445,,
7326,ua,g_1229;em_12_110730;n_21020-n_5826759;p_249;#=ew_69_179869;prefix=29376-;[0]=ew_0_739221,L1H06M,L1,170.321,170.191,https://labbcat.canterbury.ac.nz/maonze/transcript?ag_id=1229#ew_0_739221,0.13,130,4.86753445,,
7370,ua,g_1239;em_12_111437;n_21667-n_5826425;p_249;#=ew_69_180655;prefix=30288-;[0]=ew_0_744858,L1H06M,L1,162.292,162.162,https://labbcat.canterbury.ac.nz/maonze/transcript?ag_id=1239#ew_0_744858,0.13,130,4.86753445,,
7373,ua,g_1239;em_12_111461;n_119215-n_5826499;p_249;#=ew_69_180716;prefix=30330-;[0]=ew_0_1230222,L1H06M,L1,227.486,227.356,https://labbcat.canterbury.ac.nz/maonze/transcript?ag_id=1239#ew_0_1230222,0.13,130,4.86753445,,
7389,ua,g_1242;em_12_111655;n_119233-n_119234;p_249;#=ew_69_181399;prefix=30664-;[0]=ew_0_1227797,L1H06M,L1,194.827,194.697,https://labbcat.canterbury.ac.nz/maonze/transcript?ag_id=1242#ew_0_1227797,0.13,130,4.86753445,,
7405,ua,g_13;em_12_1048;n_31683-n_31684;p_19;#=ew_69_152823;prefix=03486-;[0]=ew_0_9142,K002M,PresentElder,267.156,267.026,https://labbcat.canterbury.ac.nz/maonze/transcript?ag_id=13#ew_0_9142,0.13,130,4.86753445,,
7429,ua,g_133;em_12_9064;n_38542-n_38543;p_284;#=ew_69_209847;prefix=57225-;[0]=ew_0_87610,MU01M,Historical,449.556,449.426,https://labbcat.canterbury.ac.nz/maonze/transcript?ag_id=133#ew_0_87610,0.13,130,4.86753445,,
7437,ua,g_134;em_12_9156;n_38633-n_38634;p_284;#=ew_69_209731;prefix=57462-;[0]=ew_0_88496,MU01M,Historical,412.951,412.821,https://labbcat.canterbury.ac.nz/maonze/transcript?ag_id=134#ew_0_88496,0.13,130,4.86753445,,
7446,ua,g_137;em_12_9590;n_39063-n_39064;p_284;#=ew_69_210170;prefix=57620-;[0]=ew_0_92226,MU01M,Historical,107.169,107.039,https://labbcat.canterbury.ac.nz/maonze/transcript?ag_id=137#ew_0_92226,0.13,130,4.86753445,,
7447,ua,g_137;em_12_9594;n_39067-n_39068;p_284;#=ew_69_210222;prefix=57637-;[0]=ew_0_92302,MU01M,Historical,140.298,140.168,https://labbcat.canterbury.ac.nz/maonze/transcript?ag_id=137#ew_0_92302,0.13,130,4.86753445,,
7465,ua,g_1372;em_12_118255;n_123802-n_123803;p_287;#=ew_69_227731;prefix=74693-;[0]=ew_0_814123,R006M,PresentElder,67.678,67.548,https://labbcat.canterbury.ac.nz/maonze/transcript?ag_id=1372#ew_0_814123,0.13,130,4.86753445,,
7504,ua,g_1384;em_12_118910;n_124406-n_124407;p_262;#=ew_69_248278;prefix=94096-;[0]=ew_0_820636,WU08M,Historical,106.978,106.848,https://labbcat.canterbury.ac.nz/maonze/transcript?ag_id=1384#ew_0_820636,0.13,130,4.86753445,,
7514,ua,g_1389;em_12_119076;n_124553-n_124554;p_262;#=ew_69_249028;prefix=94682-;[0]=ew_0_822906,WU08M,Historical,62.717,62.587,https://labbcat.canterbury.ac.nz/maonze/transcript?ag_id=1389#ew_0_822906,0.13,130,4.86753445,,
7517,ua,g_1389;em_12_119083;n_4711654-n_124561;p_262;#=ew_69_249244;prefix=94731-;[0]=ew_0_823045,WU08M,Historical,118.49,118.36,https://labbcat.canterbury.ac.nz/maonze/transcript?ag_id=1389#ew_0_823045,0.13,130,4.86753445,,
7524,ua,g_139;em_12_9701;n_39172-n_39173;p_284;#=ew_69_210159;prefix=57984-;[0]=ew_0_93618,MU01M,Historical,227.131,227.001,https://labbcat.canterbury.ac.nz/maonze/transcript?ag_id=139#ew_0_93618,0.13,130,4.86753445,,
7526,ua,g_1390;em_12_119120;n_124596-n_124597;p_262;#=ew_69_249402;prefix=94887-;[0]=ew_0_823605,WU08M,Historical,134.267,134.137,https://labbcat.canterbury.ac.nz/maonze/transcript?ag_id=1390#ew_0_823605,0.13,130,4.86753445,,
7531,ua,g_1391;em_12_151911;n_4711961-n_4711964;p_262;#=ew_69_249257;prefix=95052-;[0]=ew_0_1134579,WU08M,Historical,170.283,170.153,https://labbcat.canterbury.ac.nz/maonze/transcript?ag_id=1391#ew_0_1134579,0.13,130,4.86753445,,
7534,ua,g_1391;em_12_151930;n_4711957-n_4711961;p_262;#=ew_69_249226;prefix=95046-;[0]=ew_0_1134805,WU08M,Historical,158.393,158.263,https://labbcat.canterbury.ac.nz/maonze/transcript?ag_id=1391#ew_0_1134805,0.13,130,4.86753445,,
7544,ua,g_1395;em_12_119288;n_124746-n_124747;p_262;#=ew_69_249966;prefix=95552-;[0]=ew_0_826158,WU08M,Historical,171.739,171.609,https://labbcat.canterbury.ac.nz/maonze/transcript?ag_id=1395#ew_0_826158,0.13,130,4.86753445,,
7547,ua,g_1396;em_12_119306;n_124761-n_124762;p_262;#=ew_69_249831;prefix=95592-;[0]=ew_0_826366,WU08M,Historical,59.647,59.517,https://labbcat.canterbury.ac.nz/maonze/transcript?ag_id=1396#ew_0_826366,0.13,130,4.86753445,,
7552,ua,g_1396;em_12_151948;n_4742991-n_4742995;p_262;#=ew_69_249938;prefix=95640-;[0]=ew_0_1135009,WU08M,Historical,169.703,169.573,https://labbcat.canterbury.ac.nz/maonze/transcript?ag_id=1396#ew_0_1135009,0.13,130,4.86753445,,
7599,ua,g_1517;em_12_125822;n_129899-n_25250;p_276;#=ew_69_242289;prefix=88082-;[0]=ew_0_883709,WU03M,Historical,277.194,277.064,https://labbcat.canterbury.ac.nz/maonze/transcript?ag_id=1517#ew_0_883709,0.13,130,4.86753445,,
7646,ua,g_1527;em_12_126267;n_130281-n_130282;p_287;#=ew_69_229094;prefix=75809-;[0]=ew_0_889202,R006M,PresentElder,59.449,59.319,https://labbcat.canterbury.ac.nz/maonze/transcript?ag_id=1527#ew_0_889202,0.13,130,4.86753445,,
7655,ua,g_1527;em_12_126284;n_130298-n_130299;p_287;#=ew_69_229197;prefix=75909-;[0]=ew_0_889502,R006M,PresentElder,185.291,185.161,https://labbcat.canterbury.ac.nz/maonze/transcript?ag_id=1527#ew_0_889502,0.13,130,4.86753445,,
7665,ua,g_1528;em_12_126321;n_130334-n_130335;p_287;#=ew_69_229419;prefix=76084-;[0]=ew_0_890114,R006M,PresentElder,138.111,137.981,https://labbcat.canterbury.ac.nz/maonze/transcript?ag_id=1528#ew_0_890114,0.13,130,4.86753445,,
7667,ua,g_1528;em_12_126338;n_130351-n_130352;p_287;#=ew_69_229477;prefix=76141-;[0]=ew_0_890345,R006M,PresentElder,257.752,257.622,https://labbcat.canterbury.ac.nz/maonze/transcript?ag_id=1528#ew_0_890345,0.13,130,4.86753445,,
7672,ua,g_1528;em_12_126344;n_6614250-n_30417;p_287;#=ew_69_229509;prefix=76172-;[0]=ew_0_890448,R006M,PresentElder,312.51,312.38,https://labbcat.canterbury.ac.nz/maonze/transcript?ag_id=1528#ew_0_890448,0.13,130,4.86753445,,
7673,ua,g_1530;em_12_126382;n_25320-n_25321;p_200;#=ew_69_216047;prefix=63437-;[0]=ew_0_890707,MU08M,Historical,38.166,38.036,https://labbcat.canterbury.ac.nz/maonze/transcript?ag_id=1530#ew_0_890707,0.13,130,4.86753445,,
7685,ua,g_1534;em_12_126638;n_130501-n_25459;p_200;#=ew_69_216125;prefix=63551-;[0]=ew_0_893090,MU08M,Historical,175.09,174.96,https://labbcat.canterbury.ac.nz/maonze/transcript?ag_id=1534#ew_0_893090,0.13,130,4.86753445,,
7692,ua,g_1538;em_12_126865;n_25583-n_130604;p_200;#=ew_69_216224;prefix=63677-;[0]=ew_0_895346,MU08M,Historical,96.556,96.426,https://labbcat.canterbury.ac.nz/maonze/transcript?ag_id=1538#ew_0_895346,0.13,130,4.86753445,,
7694,ua,g_1541;em_12_126999;n_130692-n_130693;p_291;#=ew_69_216353;prefix=63735-;[0]=ew_0_896483,MU09M,Historical,115.88,115.75,https://labbcat.canterbury.ac.nz/maonze/transcript?ag_id=1541#ew_0_896483,0.13,130,4.86753445,,
7727,ua,g_1617;em_12_131743;n_134239-n_134240;p_299;#=ew_69_192215;prefix=40522-;[0]=ew_0_932896,L2H01M,L2,174.85,174.72,https://labbcat.canterbury.ac.nz/maonze/transcript?ag_id=1617#ew_0_932896,0.13,130,4.86753445,,
7742,ua,g_1619;em_12_131885;n_134351-n_134352;p_299;#=ew_69_192063;prefix=40811-;[0]=ew_0_934100,L2H01M,L2,223.09,222.96,https://labbcat.canterbury.ac.nz/maonze/transcript?ag_id=1619#ew_0_934100,0.13,130,4.86753445,,
7768,ua,g_1624;em_12_132231;n_26891-n_26892;p_299;#=ew_69_192983;prefix=41286-;[0]=ew_0_936403,L2H01M,L2,52.541,52.411,https://labbcat.canterbury.ac.nz/maonze/transcript?ag_id=1624#ew_0_936403,0.13,130,4.86753445,,
7806,ua,g_1633;em_12_132698;n_134947-n_134948;p_288;#=ew_69_195381;prefix=43872-;[0]=ew_0_939579,L2H03M,L2,126.405,126.275,https://labbcat.canterbury.ac.nz/maonze/transcript?ag_id=1633#ew_0_939579,0.13,130,4.86753445,,
7917,ua,g_1650;em_12_163146;n_6345639-n_6345646;p_300;#=ew_69_194043;prefix=42745-;[0]=ew_0_1275374,L2H02M,L2,93.559,93.429,https://labbcat.canterbury.ac.nz/maonze/transcript?ag_id=1650#ew_0_1275374,0.13,130,4.86753445,,
7969,ua,g_1661;em_12_163179;n_6399773-n_6399777;p_302;#=ew_69_197600;prefix=45653-;[0]=ew_0_1276445,L2H04M,L2,208.926,208.796,https://labbcat.canterbury.ac.nz/maonze/transcript?ag_id=1661#ew_0_1276445,0.13,130,4.86753445,,
7995,ua,g_1666;em_12_163180;n_6399044-n_6399052;p_302;#=ew_69_197928;prefix=46384-;[0]=ew_0_1276197,L2H04M,L2,218.252,218.122,https://labbcat.canterbury.ac.nz/maonze/transcript?ag_id=1666#ew_0_1276197,0.13,130,4.86753445,,
8042,ua,g_1671;em_12_163207;n_6399709-n_6399717;p_302;#=ew_69_198852;prefix=47096-;[0]=ew_0_1276481,L2H04M,L2,183.817,183.687,https://labbcat.canterbury.ac.nz/maonze/transcript?ag_id=1671#ew_0_1276481,0.13,130,4.86753445,,
8065,ua,g_1679;em_12_135509;n_137199-n_137200;p_307;#=ew_69_200007;prefix=48237-;[0]=ew_0_961856,L2H05M,L2,188.557,188.427,https://labbcat.canterbury.ac.nz/maonze/transcript?ag_id=1679#ew_0_961856,0.13,130,4.86753445,,
8066,ua,g_1679;em_12_135519;n_137205-n_137206;p_307;#=ew_69_200075;prefix=48255-;[0]=ew_0_961928,L2H05M,L2,221.142,221.012,https://labbcat.canterbury.ac.nz/maonze/transcript?ag_id=1679#ew_0_961928,0.13,130,4.86753445,,
8079,ua,g_1684;em_12_135864;n_137425-n_137426;p_307;#=ew_69_199353;prefix=47632-;[0]=ew_0_964473,L2H05M,L2,227.13,227,https://labbcat.canterbury.ac.nz/maonze/transcript?ag_id=1684#ew_0_964473,0.13,130,4.86753445,,
8083,ua,g_1686;em_12_135961;n_137464-n_137465;p_307;#=ew_69_199059;prefix=47350-;[0]=ew_0_965108,L2H05M,L2,54.971,54.841,https://labbcat.canterbury.ac.nz/maonze/transcript?ag_id=1686#ew_0_965108,0.13,130,4.86753445,,
8105,ua,g_1747;em_12_139691;n_140399-n_140400;p_318;#=ew_69_230979;prefix=77714-;[0]=ew_0_1001807,R008M,PresentElder,125.688,125.558,https://labbcat.canterbury.ac.nz/maonze/transcript?ag_id=1747#ew_0_1001807,0.13,130,4.86753445,,
8114,ua,g_1748;em_12_139731;n_140432-n_140433;p_318;#=ew_69_231149;prefix=77782-;[0]=ew_0_1002031,R008M,PresentElder,49.806,49.676,https://labbcat.canterbury.ac.nz/maonze/transcript?ag_id=1748#ew_0_1002031,0.13,130,4.86753445,,
8119,ua,g_1749;em_12_139823;n_140511-n_140512;p_318;#=ew_69_231283;prefix=77908-;[0]=ew_0_1002530,R008M,PresentElder,110.24,110.11,https://labbcat.canterbury.ac.nz/maonze/transcript?ag_id=1749#ew_0_1002530,0.13,130,4.86753445,,
8153,ua,g_1753;em_12_140112;n_28555-n_140764;p_318;#=ew_69_231667;prefix=78367-;[0]=ew_0_1004048,R008M,PresentElder,99.348,99.218,https://labbcat.canterbury.ac.nz/maonze/transcript?ag_id=1753#ew_0_1004048,0.13,130,4.86753445,,
8176,ua,g_1842;em_12_149158;n_3849729-n_3849748;p_49;#=ew_69_204959;prefix=52714-;[0]=ew_0_1102666,L2Y03M,L2,283.012,282.882,https://labbcat.canterbury.ac.nz/maonze/transcript?ag_id=1842#ew_0_1102666,0.13,130,4.86753445,,
8191,ua,g_1845;em_12_149322;n_3851987-n_3852003;p_49;#=ew_69_205058;prefix=53103-;[0]=ew_0_1104594,L2Y03M,L2,256.189,256.059,https://labbcat.canterbury.ac.nz/maonze/transcript?ag_id=1845#ew_0_1104594,0.13,130,4.86753445,,
8224,ua,g_1854;em_12_150513;n_4610234-n_4610240;p_97;#=ew_69_215424;prefix=63253-;[0]=ew_0_1125212,MU07M,Historical,278.618,278.488,https://labbcat.canterbury.ac.nz/maonze/transcript?ag_id=1854#ew_0_1125212,0.13,130,4.86753445,,
8250,ua,g_1884;em_12_155136;n_5259968-n_5259979;p_334;#=ew_69_237300;prefix=83485-;[0]=ew_0_1171541,R011M,PresentElder,143.702,143.572,https://labbcat.canterbury.ac.nz/maonze/transcript?ag_id=1884#ew_0_1171541,0.13,130,4.86753445,,
8307,ua,g_19;em_12_1533;n_32153-n_32154;p_19;#=ew_69_152774;prefix=02964-;[0]=ew_0_1231955,K002M,PresentElder,265.7,265.57,https://labbcat.canterbury.ac.nz/maonze/transcript?ag_id=19#ew_0_1231955,0.13,130,4.86753445,,
8308,ua,g_19;em_12_1564;n_32184-n_32185;p_19;#=ew_69_152935;prefix=03043-;[0]=ew_0_13686,K002M,PresentElder,359.419,359.289,https://labbcat.canterbury.ac.nz/maonze/transcript?ag_id=19#ew_0_13686,0.13,130,4.86753445,,
8367,ua,g_1908;em_12_156756;n_5284833-n_5284840;p_333;#=ew_69_241236;prefix=86397-;[0]=ew_0_1190668,R012M,PresentElder,271.407,271.277,https://labbcat.canterbury.ac.nz/maonze/transcript?ag_id=1908#ew_0_1190668,0.13,130,4.86753445,,
8401,ua,g_1910;em_12_156929;n_5286638-n_5286648;p_333;#=ew_69_240528;prefix=86859-;[0]=ew_0_1193127,R012M,PresentElder,142.453,142.323,https://labbcat.canterbury.ac.nz/maonze/transcript?ag_id=1910#ew_0_1193127,0.13,130,4.86753445,,
8418,ua,g_1912;em_12_157027;n_5288995-n_5289008;p_333;#=ew_69_240137;prefix=87160-;[0]=ew_0_1194546,R012M,PresentElder,207.575,207.445,https://labbcat.canterbury.ac.nz/maonze/transcript?ag_id=1912#ew_0_1194546,0.13,130,4.86753445,,
8428,ua,g_1913;em_12_157133;n_5289971-n_5289986;p_333;#=ew_69_240254;prefix=87319-;[0]=ew_0_1195939,R012M,PresentElder,170.381,170.251,https://labbcat.canterbury.ac.nz/maonze/transcript?ag_id=1913#ew_0_1195939,0.13,130,4.86753445,,
8440,ua,g_1922;em_12_162565;n_6279136-n_6279142;p_337;#=ew_69_217051;prefix=64316-;[0]=ew_0_1267646,MU11M,Historical,295.415,295.285,https://labbcat.canterbury.ac.nz/maonze/transcript?ag_id=1922#ew_0_1267646,0.13,130,4.86753445,,
8452,ua,g_1942;em_12_165528;n_6842571-n_6842585;p_41;#=ew_69_165010;prefix=14973-;[0]=ew_0_1295362,K007M,PresentElder,255.808,255.678,https://labbcat.canterbury.ac.nz/maonze/transcript?ag_id=1942#ew_0_1295362,0.13,130,4.86753445,,
8462,ua,g_1943;em_12_165624;n_6846530-n_6846536;p_19;#=ew_69_152174;prefix=02742-;[0]=ew_0_1296315,K002M,PresentElder,318.271,318.141,https://labbcat.canterbury.ac.nz/maonze/transcript?ag_id=1943#ew_0_1296315,0.13,130,4.86753445,,
8473,ua,g_1944;em_12_165763;n_6846891-n_6846907;p_28;#=ew_69_150158;prefix=01350-;[0]=ew_0_1296994,K001M,PresentElder,86.315,86.185,https://labbcat.canterbury.ac.nz/maonze/transcript?ag_id=1944#ew_0_1296994,0.13,130,4.86753445,,
8494,ua,g_1946;em_12_165958;n_6849831-n_6849851;p_121;#=ew_69_167837;prefix=17317-;[0]=ew_0_1298479,K009M,PresentElder,228.13,228,https://labbcat.canterbury.ac.nz/maonze/transcript?ag_id=1946#ew_0_1298479,0.13,130,4.86753445,,
8571,ua,g_305;em_12_162410;n_6240968-n_6240970;p_81;#=ew_69_186721;prefix=35171-;[0]=ew_0_1265902,L1Y03M,L1,168.509,168.379,https://labbcat.canterbury.ac.nz/maonze/transcript?ag_id=305#ew_0_1265902,0.13,130,4.86753445,,
8668,ua,g_322;em_12_31790;n_56351-n_3841491;p_89;#=ew_69_189042;prefix=37410-;[0]=ew_0_215680,L1Y04M,L1,50.547,50.417,https://labbcat.canterbury.ac.nz/maonze/transcript?ag_id=322#ew_0_215680,0.13,130,4.86753445,,
8700,ua,g_326;em_12_148473;n_3841120-n_5937;p_89;#=ew_69_188557;prefix=38054-;[0]=ew_0_1094659,L1Y04M,L1,34.788,34.658,https://labbcat.canterbury.ac.nz/maonze/transcript?ag_id=326#ew_0_1094659,0.13,130,4.86753445,,
8727,ua,g_331;em_12_33227;n_57491-n_57492;p_85;#=ew_69_184171;prefix=33315-;[0]=ew_0_1241471,L1Y02M,L1,40.94,40.81,https://labbcat.canterbury.ac.nz/maonze/transcript?ag_id=331#ew_0_1241471,0.13,130,4.86753445,,
8733,ua,g_334;em_12_161029;n_6031614-n_6031617;p_85;#=ew_69_185063;prefix=34242-;[0]=ew_0_1242640,L1Y02M,L1,128.376,128.246,https://labbcat.canterbury.ac.nz/maonze/transcript?ag_id=334#ew_0_1242640,0.13,130,4.86753445,,
8763,ua,g_340;em_12_33462;n_57680-n_57681;p_85;#=ew_69_185675;prefix=34801-;[0]=ew_0_1242901,L1Y02M,L1,75.853,75.723,https://labbcat.canterbury.ac.nz/maonze/transcript?ag_id=340#ew_0_1242901,0.13,130,4.86753445,,
8774,ua,g_342;em_12_33523;n_57729-n_57730;p_85;#=ew_69_184961;prefix=34107-;[0]=ew_0_1242898,L1Y02M,L1,84.904,84.774,https://labbcat.canterbury.ac.nz/maonze/transcript?ag_id=342#ew_0_1242898,0.13,130,4.86753445,,
8781,ua,g_343;em_12_33554;n_57755-n_57756;p_85;#=ew_69_185367;prefix=34572-;[0]=ew_0_225023,L1Y02M,L1,98.633,98.503,https://labbcat.canterbury.ac.nz/maonze/transcript?ag_id=343#ew_0_225023,0.13,130,4.86753445,,
8797,ua,g_345;em_12_33629;n_6063-n_7087080;p_85;#=ew_69_184734;prefix=33804-;[0]=ew_0_225959,L1Y02M,L1,146.774,146.644,https://labbcat.canterbury.ac.nz/maonze/transcript?ag_id=345#ew_0_225959,0.13,130,4.86753445,,
8837,ua,g_366;em_12_35407;n_59243-n_59244;p_92;#=ew_69_212289;prefix=60132-;[0]=ew_0_1124003,MU04M,Historical,67.708,67.578,https://labbcat.canterbury.ac.nz/maonze/transcript?ag_id=366#ew_0_1124003,0.13,130,4.86753445,,
8868,ua,g_370;em_12_36114;n_59939-n_59940;p_92;#=ew_69_214349;prefix=61121-;[0]=ew_0_239710,MU04M,Historical,449.025,448.895,https://labbcat.canterbury.ac.nz/maonze/transcript?ag_id=370#ew_0_239710,0.13,130,4.86753445,,
8885,ua,g_377;em_12_37366;n_61170-n_61172;p_94;#=ew_69_214167;prefix=61886-;[0]=ew_0_243745,MU05M,Historical,182.48,182.35,https://labbcat.canterbury.ac.nz/maonze/transcript?ag_id=377#ew_0_243745,0.13,130,4.86753445,,
8902,ua,g_384;em_12_38763;n_62560-n_62561;p_95;#=ew_69_214874;prefix=62429-;[0]=ew_0_247266,MU06M,Historical,129.334,129.204,https://labbcat.canterbury.ac.nz/maonze/transcript?ag_id=384#ew_0_247266,0.13,130,4.86753445,,
8909,ua,g_385;em_12_38947;n_62743-n_62744;p_95;#=ew_69_215146;prefix=62550-;[0]=ew_0_247846,MU06M,Historical,106.929,106.799,https://labbcat.canterbury.ac.nz/maonze/transcript?ag_id=385#ew_0_247846,0.13,130,4.86753445,,
8918,ua,g_386;em_12_39214;n_63009-n_63010;p_95;#=ew_69_215729;prefix=62797-;[0]=ew_0_248806,MU06M,Historical,121.267,121.137,https://labbcat.canterbury.ac.nz/maonze/transcript?ag_id=386#ew_0_248806,0.13,130,4.86753445,,
8923,ua,g_387;em_12_150287;n_4463953-n_63189;p_95;#=ew_69_214710;prefix=62967-;[0]=ew_0_1121508,MU06M,Historical,76.202,76.072,https://labbcat.canterbury.ac.nz/maonze/transcript?ag_id=387#ew_0_1121508,0.13,130,4.86753445,,
8950,ua,g_447;em_12_169753;n_6945238-n_6945239;p_110;#=ew_69_155577;prefix=06070-;[0]=ew_0_1326474,K003M,PresentElder,98.083,97.953,https://labbcat.canterbury.ac.nz/maonze/transcript?ag_id=447#ew_0_1326474,0.13,130,4.86753445,,
8956,ua,g_448;em_12_161504;n_6125820-n_6125822;p_110;#=ew_69_155098;prefix=06311-;[0]=ew_0_1252654,K003M,PresentElder,75.898,75.768,https://labbcat.canterbury.ac.nz/maonze/transcript?ag_id=448#ew_0_1252654,0.13,130,4.86753445,,
8972,ua,g_450;em_12_169842;n_6946252-n_29346;p_110;#=ew_69_156934;prefix=06933-;[0]=ew_0_1326847,K003M,PresentElder,414.735,414.605,https://labbcat.canterbury.ac.nz/maonze/transcript?ag_id=450#ew_0_1326847,0.13,130,4.86753445,,
8981,ua,g_451;em_12_46664;n_69126-n_69127;p_110;#=ew_69_156368;prefix=07036-;[0]=ew_0_1253331,K003M,PresentElder,122,121.87,https://labbcat.canterbury.ac.nz/maonze/transcript?ag_id=451#ew_0_1253331,0.13,130,4.86753445,,
9027,ua,g_462;em_12_47674;n_7973-n_69757;p_112;#=ew_69_162385;prefix=12449-;[0]=ew_0_298448,K006M,PresentElder,258.452,258.322,https://labbcat.canterbury.ac.nz/maonze/transcript?ag_id=462#ew_0_298448,0.13,130,4.86753445,,
9037,ua,g_465;em_12_47991;n_70031-n_8015;p_120;#=ew_69_165797;prefix=15852-;[0]=ew_0_300197,K008M,PresentElder,258.793,258.663,https://labbcat.canterbury.ac.nz/maonze/transcript?ag_id=465#ew_0_300197,0.13,130,4.86753445,,
9050,ua,g_467;em_12_48187;n_70202-n_70203;p_120;#=ew_69_166019;prefix=16080-;[0]=ew_0_1090659,K008M,PresentElder,84.348,84.218,https://labbcat.canterbury.ac.nz/maonze/transcript?ag_id=467#ew_0_1090659,0.13,130,4.86753445,,
9080,ua,g_476;em_12_49111;n_71032-n_71033;p_121;#=ew_69_166944;prefix=17381-;[0]=ew_0_1258141,K009M,PresentElder,36.848,36.718,https://labbcat.canterbury.ac.nz/maonze/transcript?ag_id=476#ew_0_1258141,0.13,130,4.86753445,,
9093,ua,g_478;em_12_49231;n_8141-n_71145;p_121;#=ew_69_167715;prefix=17901-;[0]=ew_0_307857,K009M,PresentElder,278.049,277.919,https://labbcat.canterbury.ac.nz/maonze/transcript?ag_id=478#ew_0_307857,0.13,130,4.86753445,,
9103,ua,g_480;em_12_49309;n_71207-n_71208;p_121;#=ew_69_168518;prefix=18160-;[0]=ew_0_308816,K009M,PresentElder,120.52,120.39,https://labbcat.canterbury.ac.nz/maonze/transcript?ag_id=480#ew_0_308816,0.13,130,4.86753445,,
9108,ua,g_482;em_12_49505;n_71371-n_71372;p_121;#=ew_69_169185;prefix=18645-;[0]=ew_0_310329,K009M,PresentElder,251.119,250.989,https://labbcat.canterbury.ac.nz/maonze/transcript?ag_id=482#ew_0_310329,0.13,130,4.86753445,,
9118,ua,g_484;em_12_49693;n_71513-n_71514;p_121;#=ew_69_168946;prefix=18892-;[0]=ew_0_311311,K009M,PresentElder,75.597,75.467,https://labbcat.canterbury.ac.nz/maonze/transcript?ag_id=484#ew_0_311311,0.13,130,4.86753445,,
9153,ua,g_489;em_12_50242;n_71936-n_71937;p_122;#=ew_69_169979;prefix=19471-;[0]=ew_0_314312,K010M,PresentElder,109.05,108.92,https://labbcat.canterbury.ac.nz/maonze/transcript?ag_id=489#ew_0_314312,0.13,130,4.86753445,,
9161,ua,g_489;em_12_50291;n_71971-n_71972;p_122;#=ew_69_170135;prefix=19516-;[0]=ew_0_314525,K010M,PresentElder,189.75,189.62,https://labbcat.canterbury.ac.nz/maonze/transcript?ag_id=489#ew_0_314525,0.13,130,4.86753445,,
9203,ua,g_50;em_12_158313;n_5387891-n_5387895;p_32;#=ew_69_157620;prefix=07865-;[0]=ew_0_1208643,K004M,PresentElder,148.512,148.382,https://labbcat.canterbury.ac.nz/maonze/transcript?ag_id=50#ew_0_1208643,0.13,130,4.86753445,,
9205,ua,g_50;em_12_158320;n_5387841-n_5387849;p_32;#=ew_69_157582;prefix=07827-;[0]=ew_0_1210478,K004M,PresentElder,103.277,103.147,https://labbcat.canterbury.ac.nz/maonze/transcript?ag_id=50#ew_0_1210478,0.13,130,4.86753445,,
9234,ua,g_54;em_12_161906;n_6213630-n_6213631;p_32;#=ew_69_158248;prefix=08679-;[0]=ew_0_1259148,K004M,PresentElder,145.852,145.722,https://labbcat.canterbury.ac.nz/maonze/transcript?ag_id=54#ew_0_1259148,0.13,130,4.86753445,,
9257,ua,g_57;em_12_162108;n_6216355-n_6216356;p_32;#=ew_69_158783;prefix=09211-;[0]=ew_0_1261828,K004M,PresentElder,71.157,71.027,https://labbcat.canterbury.ac.nz/maonze/transcript?ag_id=57#ew_0_1261828,0.13,130,4.86753445,,
9305,ua,g_602;em_12_64210;n_83805-n_83806;p_140;#=ew_69_190158;prefix=39168-;[0]=ew_0_383982,L1Y05M,L1,160.228,160.098,https://labbcat.canterbury.ac.nz/maonze/transcript?ag_id=602#ew_0_383982,0.13,130,4.86753445,,
9323,ua,g_603;em_12_64280;n_83874-n_83875;p_140;#=ew_69_190787;prefix=39464-;[0]=ew_0_384874,L1Y05M,L1,226.995,226.865,https://labbcat.canterbury.ac.nz/maonze/transcript?ag_id=603#ew_0_384874,0.13,130,4.86753445,,
9355,ua,g_607;em_12_64544;n_84120-n_84121;p_140;#=ew_69_191207;prefix=40176-;[0]=ew_0_1249681,L1Y05M,L1,166.073,165.943,https://labbcat.canterbury.ac.nz/maonze/transcript?ag_id=607#ew_0_1249681,0.13,130,4.86753445,,
9365,ua,g_609;em_12_161077;n_6052251-n_6052255;p_142;#=ew_69_181564;prefix=30897-;[0]=ew_0_1244405,L1Y01M,L1,118.573,118.443,https://labbcat.canterbury.ac.nz/maonze/transcript?ag_id=609#ew_0_1244405,0.13,130,4.86753445,,
9376,ua,g_610;em_12_64677;n_84245-n_84246;p_142;#=ew_69_182005;prefix=31006-;[0]=ew_0_1244047,L1Y01M,L1,72.369,72.239,https://labbcat.canterbury.ac.nz/maonze/transcript?ag_id=610#ew_0_1244047,0.13,130,4.86753445,,
9383,ua,g_611;em_12_64733;n_84300-n_84301;p_142;#=ew_69_181807;prefix=31160-;[0]=ew_0_1244334,L1Y01M,L1,126.473,126.343,https://labbcat.canterbury.ac.nz/maonze/transcript?ag_id=611#ew_0_1244334,0.13,130,4.86753445,,
9386,ua,g_612;em_12_64769;n_84335-n_84336;p_142;#=ew_69_182171;prefix=31246-;[0]=ew_0_389814,L1Y01M,L1,81.548,81.418,https://labbcat.canterbury.ac.nz/maonze/transcript?ag_id=612#ew_0_389814,0.13,130,4.86753445,,
9405,ua,g_614;em_12_64883;n_84447-n_84448;p_142;#=ew_69_182081;prefix=31540-;[0]=ew_0_390984,L1Y01M,L1,129.932,129.802,https://labbcat.canterbury.ac.nz/maonze/transcript?ag_id=614#ew_0_390984,0.13,130,4.86753445,,
9416,ua,g_615;em_12_64937;n_84500-n_84501;p_142;#=ew_69_182660;prefix=31676-;[0]=ew_0_1245700,L1Y01M,L1,168.649,168.519,https://labbcat.canterbury.ac.nz/maonze/transcript?ag_id=615#ew_0_1245700,0.13,130,4.86753445,,
9432,ua,g_619;em_12_65082;n_84639-n_84640;p_142;#=ew_69_182695;prefix=32112-;[0]=ew_0_393275,L1Y01M,L1,93.786,93.656,https://labbcat.canterbury.ac.nz/maonze/transcript?ag_id=619#ew_0_393275,0.13,130,4.86753445,,
9434,ua,g_619;em_12_65082;n_84639-n_84640;p_142;#=ew_69_182700;prefix=32115-;[0]=ew_0_393278,L1Y01M,L1,94.606,94.476,https://labbcat.canterbury.ac.nz/maonze/transcript?ag_id=619#ew_0_393278,0.13,130,4.86753445,,
9445,ua,g_622;em_12_65218;n_84762-n_29518;p_142;#=ew_69_183135;prefix=32421-;[0]=ew_0_394904,L1Y01M,L1,180.505,180.375,https://labbcat.canterbury.ac.nz/maonze/transcript?ag_id=622#ew_0_394904,0.13,130,4.86753445,,
9455,ua,g_623;em_12_65250;n_84793-n_84794;p_142;#=ew_69_183577;prefix=32523-;[0]=ew_0_395296,L1Y01M,L1,149.083,148.953,https://labbcat.canterbury.ac.nz/maonze/transcript?ag_id=623#ew_0_395296,0.13,130,4.86753445,,
9500,ua,g_628;em_12_65577;n_85079-n_85080;p_143;#=ew_69_202801;prefix=50601-;[0]=ew_0_1250703,L2Y02M,L2,298.738,298.608,https://labbcat.canterbury.ac.nz/maonze/transcript?ag_id=628#ew_0_1250703,0.13,130,4.86753445,,
9507,ua,g_629;em_12_171133;n_7007079-n_7007080;p_143;#=ew_69_202760;prefix=50806-;[0]=ew_0_1339659,L2Y02M,L2,98.021,97.891,https://labbcat.canterbury.ac.nz/maonze/transcript?ag_id=629#ew_0_1339659,0.13,130,4.86753445,,
9524,ua,g_631;em_12_65991;n_85458-n_85459;p_143;#=ew_69_202295;prefix=51281-;[0]=ew_0_400752,L2Y02M,L2,117.88,117.75,https://labbcat.canterbury.ac.nz/maonze/transcript?ag_id=631#ew_0_400752,0.13,130,4.86753445,,
9530,ua,g_632;em_12_66092;n_85552-n_85553;p_143;#=ew_69_203195;prefix=51483-;[0]=ew_0_1250741,L2Y02M,L2,60.001,59.871,https://labbcat.canterbury.ac.nz/maonze/transcript?ag_id=632#ew_0_1250741,0.13,130,4.86753445,,
9555,ua,g_635;em_12_66428;n_85852-n_85853;p_145;#=ew_69_200675;prefix=48986-;[0]=ew_0_1107470,L2Y01M,L2,91.106,90.976,https://labbcat.canterbury.ac.nz/maonze/transcript?ag_id=635#ew_0_1107470,0.13,130,4.86753445,,
9621,ua,g_642;em_12_67009;n_86253-n_86254;p_145;#=ew_69_201203;prefix=50088-;[0]=ew_0_409652,L2Y01M,L2,192.869,192.739,https://labbcat.canterbury.ac.nz/maonze/transcript?ag_id=642#ew_0_409652,0.13,130,4.86753445,,
9622,ua,g_642;em_12_67015;n_86257-n_86258;p_145;#=ew_69_201213;prefix=50093-;[0]=ew_0_1107732,L2Y01M,L2,231.477,231.347,https://labbcat.canterbury.ac.nz/maonze/transcript?ag_id=642#ew_0_1107732,0.13,130,4.86753445,,
9677,ua,g_664;em_12_171231;n_7016085-n_89250;p_148;#=ew_69_207286;prefix=55384-;[0]=ew_0_1116036,L2Y05M,L2,162.507,162.377,https://labbcat.canterbury.ac.nz/maonze/transcript?ag_id=664#ew_0_1116036,0.13,130,4.86753445,,
9699,ua,g_665;em_12_70499;n_89293-n_89294;p_148;#=ew_69_207908;prefix=55612-;[0]=ew_0_1116271,L2Y05M,L2,256.82,256.69,https://labbcat.canterbury.ac.nz/maonze/transcript?ag_id=665#ew_0_1116271,0.13,130,4.86753445,,
9705,ua,g_666;em_12_70524;n_89317-n_89318;p_148;#=ew_69_207621;prefix=55727-;[0]=ew_0_422500,L2Y05M,L2,160.679,160.549,https://labbcat.canterbury.ac.nz/maonze/transcript?ag_id=666#ew_0_422500,0.13,130,4.86753445,,
9706,ua,g_666;em_12_70527;n_89320-n_89321;p_148;#=ew_69_207677;prefix=55744-;[0]=ew_0_422557,L2Y05M,L2,188.524,188.394,https://labbcat.canterbury.ac.nz/maonze/transcript?ag_id=666#ew_0_422557,0.13,130,4.86753445,,
9710,ua,g_666;em_12_70531;n_89324-n_89325;p_148;#=ew_69_207733;prefix=55763-;[0]=ew_0_422621,L2Y05M,L2,218.221,218.091,https://labbcat.canterbury.ac.nz/maonze/transcript?ag_id=666#ew_0_422621,0.13,130,4.86753445,,
9739,ua,g_670;em_12_70666;n_89447-n_89448;p_148;#=ew_69_208517;prefix=56417-;[0]=ew_0_425004,L2Y05M,L2,122.782,122.652,https://labbcat.canterbury.ac.nz/maonze/transcript?ag_id=670#ew_0_425004,0.13,130,4.86753445,,
9740,ua,g_670;em_12_70669;n_89450-n_89451;p_148;#=ew_69_208520;prefix=56420-;[0]=ew_0_425040,L2Y05M,L2,147.125,146.995,https://labbcat.canterbury.ac.nz/maonze/transcript?ag_id=670#ew_0_425040,0.13,130,4.86753445,,
9743,ua,g_670;em_12_70676;n_89457-n_89458;p_148;#=ew_69_208551;prefix=56451-;[0]=ew_0_425188,L2Y05M,L2,214.228,214.098,https://labbcat.canterbury.ac.nz/maonze/transcript?ag_id=670#ew_0_425188,0.13,130,4.86753445,,
9774,ua,g_8;em_12_469;n_31123-n_31124;p_28;#=ew_69_149657;prefix=01074-;[0]=ew_0_4442,K001M,PresentElder,82.383,82.253,https://labbcat.canterbury.ac.nz/maonze/transcript?ag_id=8#ew_0_4442,0.13,130,4.86753445,,
9777,ua,g_8;em_12_489;n_31143-n_31144;p_28;#=ew_69_149801;prefix=01122-;[0]=ew_0_4596,K001M,PresentElder,148.111,147.981,https://labbcat.canterbury.ac.nz/maonze/transcript?ag_id=8#ew_0_4596,0.13,130,4.86753445,,
9790,ua,g_82;em_12_5618;n_35677-n_35678;p_37;#=ew_69_160259;prefix=10755-;[0]=ew_0_56260,K005M,PresentElder,178.26,178.13,https://labbcat.canterbury.ac.nz/maonze/transcript?ag_id=82#ew_0_56260,0.13,130,4.86753445,,
9813,ua,g_848;em_12_85393;n_100410-n_100411;p_167;#=ew_69_170865;prefix=20676-;[0]=ew_0_540398,L1H01M,L1,118.851,118.721,https://labbcat.canterbury.ac.nz/maonze/transcript?ag_id=848#ew_0_540398,0.13,130,4.86753445,,
9834,ua,g_849;em_12_85477;n_100493-n_100494;p_167;#=ew_69_171493;prefix=20870-;[0]=ew_0_541157,L1H01M,L1,205.722,205.592,https://labbcat.canterbury.ac.nz/maonze/transcript?ag_id=849#ew_0_541157,0.13,130,4.86753445,,
9891,ua,g_862;em_12_86334;n_101255-n_101256;p_168;#=ew_69_172779;prefix=22720-;[0]=ew_0_547948,L1H02M,L1,79.214,79.084,https://labbcat.canterbury.ac.nz/maonze/transcript?ag_id=862#ew_0_547948,0.13,130,4.86753445,,
9917,ua,g_866;em_12_159564;n_5657077-n_5657056;p_168;#=ew_69_173439;prefix=23519-;[0]=ew_0_1220573,L1H02M,L1,218.72,218.59,https://labbcat.canterbury.ac.nz/maonze/transcript?ag_id=866#ew_0_1220573,0.13,130,4.86753445,,
9959,ua,g_870;em_12_159570;n_5657585-n_5657587;p_168;#=ew_69_174330;prefix=24195-;[0]=ew_0_1220693,L1H02M,L1,32.16,32.03,https://labbcat.canterbury.ac.nz/maonze/transcript?ag_id=870#ew_0_1220693,0.13,130,4.86753445,,
9976,ua,g_875;em_12_87250;n_101905-n_101906;p_169;#=ew_69_174875;prefix=24501-;[0]=ew_0_554883,L1H03M,L1,50.111,49.981,https://labbcat.canterbury.ac.nz/maonze/transcript?ag_id=875#ew_0_554883,0.13,130,4.86753445,,
9983,ua,g_875;em_12_87301;n_101948-n_14978;p_169;#=ew_69_174945;prefix=24570-;[0]=ew_0_555168,L1H03M,L1,238.253,238.123,https://labbcat.canterbury.ac.nz/maonze/transcript?ag_id=875#ew_0_555168,0.13,130,4.86753445,,
10015,ua,g_881;em_12_87713;n_102196-n_15134;p_169;#=ew_69_175099;prefix=25071-;[0]=ew_0_1224915,L1H03M,L1,114.283,114.153,https://labbcat.canterbury.ac.nz/maonze/transcript?ag_id=881#ew_0_1224915,0.13,130,4.86753445,,
10052,ua,g_886;em_12_88057;n_15276-n_15277;p_169;#=ew_69_175710;prefix=25485-;[0]=ew_0_559590,L1H03M,L1,116.407,116.277,https://labbcat.canterbury.ac.nz/maonze/transcript?ag_id=886#ew_0_559590,0.13,130,4.86753445,,
10055,ua,g_887;em_12_88107;n_102415-n_102416;p_169;#=ew_69_175950;prefix=25530-;[0]=ew_0_559832,L1H03M,L1,34.159,34.029,https://labbcat.canterbury.ac.nz/maonze/transcript?ag_id=887#ew_0_559832,0.13,130,4.86753445,,
10064,ua,g_892;em_12_88342;n_102615-n_102616;p_174;#=ew_69_179213;prefix=28643-;[0]=ew_0_561948,L1H05M,L1,55.973,55.843,https://labbcat.canterbury.ac.nz/maonze/transcript?ag_id=892#ew_0_561948,0.13,130,4.86753445,,
10093,ua,g_897;em_12_159881;n_5774356-n_5774364;p_174;#=ew_69_178708;prefix=27896-;[0]=ew_0_1224396,L1H05M,L1,198.506,198.376,https://labbcat.canterbury.ac.nz/maonze/transcript?ag_id=897#ew_0_1224396,0.13,130,4.86753445,,
10098,ua,g_897;em_12_88615;n_102851-n_102852;p_174;#=ew_69_178610;prefix=27852-;[0]=ew_0_565245,L1H05M,L1,139.287,139.157,https://labbcat.canterbury.ac.nz/maonze/transcript?ag_id=897#ew_0_565245,0.13,130,4.86753445,,
10139,ua,g_901;em_12_88857;n_103051-n_103052;p_173;#=ew_69_177240;prefix=26876-;[0]=ew_0_567333,L1H04M,L1,187.351,187.221,https://labbcat.canterbury.ac.nz/maonze/transcript?ag_id=901#ew_0_567333,0.13,130,4.86753445,,
10141,ua,g_901;em_12_88869;n_15422-n_103058;p_173;#=ew_69_177298;prefix=26893-;[0]=ew_0_567400,L1H04M,L1,232.178,232.048,https://labbcat.canterbury.ac.nz/maonze/transcript?ag_id=901#ew_0_567400,0.13,130,4.86753445,,
10148,ua,g_902;em_12_88925;n_103097-n_103098;p_173;#=ew_69_177535;prefix=27017-;[0]=ew_0_567800,L1H04M,L1,196.541,196.411,https://labbcat.canterbury.ac.nz/maonze/transcript?ag_id=902#ew_0_567800,0.13,130,4.86753445,,
10192,ua,g_908;em_12_89201;n_15541-n_15542;p_173;#=ew_69_177071;prefix=26489-;[0]=ew_0_570796,L1H04M,L1,150.917,150.787,https://labbcat.canterbury.ac.nz/maonze/transcript?ag_id=908#ew_0_570796,0.13,130,4.86753445,,
10211,ua,g_910;em_12_89284;n_103297-n_103298;p_173;#=ew_69_176234;prefix=26270-;[0]=ew_0_571963,L1H04M,L1,197.726,197.596,https://labbcat.canterbury.ac.nz/maonze/transcript?ag_id=910#ew_0_571963,0.13,130,4.86753445,,
10233,ua,g_912;em_12_89357;n_103324-n_103325;p_173;#=ew_69_176635;prefix=26050-;[0]=ew_0_573000,L1H04M,L1,220.207,220.077,https://labbcat.canterbury.ac.nz/maonze/transcript?ag_id=912#ew_0_573000,0.13,130,4.86753445,,
10241,ua,g_913;em_12_89395;n_103341-n_103342;p_173;#=ew_69_176519;prefix=25952-;[0]=ew_0_573538,L1H04M,L1,227.39,227.26,https://labbcat.canterbury.ac.nz/maonze/transcript?ag_id=913#ew_0_573538,0.13,130,4.86753445,,
10275,ua,g_928;em_12_90385;n_104203-n_104204;p_179;#=ew_69_217739;prefix=64822-;[0]=ew_0_580740,R001M,PresentElder,49.504,49.374,https://labbcat.canterbury.ac.nz/maonze/transcript?ag_id=928#ew_0_580740,0.13,130,4.86753445,,
10349,ua,g_940;em_12_91292;n_105044-n_105045;p_179;#=ew_69_219225;prefix=66423-;[0]=ew_0_586485,R001M,PresentElder,86.021,85.891,https://labbcat.canterbury.ac.nz/maonze/transcript?ag_id=940#ew_0_586485,0.13,130,4.86753445,,
10354,ua,g_940;em_12_91301;n_105053-n_105054;p_179;#=ew_69_219258;prefix=66455-;[0]=ew_0_586576,R001M,PresentElder,121.295,121.165,https://labbcat.canterbury.ac.nz/maonze/transcript?ag_id=940#ew_0_586576,0.13,130,4.86753445,,
10374,ua,g_942;em_12_91457;n_105159-n_105160;p_179;#=ew_69_219440;prefix=66784-;[0]=ew_0_587738,R001M,PresentElder,113.265,113.135,https://labbcat.canterbury.ac.nz/maonze/transcript?ag_id=942#ew_0_587738,0.13,130,4.86753445,,
10383,ua,g_946;em_12_91590;n_105268-n_105269;p_181;#=ew_69_219901;prefix=67072-;[0]=ew_0_588693,R002M,PresentElder,39.87,39.74,https://labbcat.canterbury.ac.nz/maonze/transcript?ag_id=946#ew_0_588693,0.13,130,4.86753445,,
10397,ua,g_947;em_12_91655;n_105332-n_105333;p_181;#=ew_69_220810;prefix=67325-;[0]=ew_0_589609,R002M,PresentElder,205.248,205.118,https://labbcat.canterbury.ac.nz/maonze/transcript?ag_id=947#ew_0_589609,0.13,130,4.86753445,,
10399,ua,g_947;em_12_91660;n_15929-n_105336;p_181;#=ew_69_220829;prefix=67343-;[0]=ew_0_589672,R002M,PresentElder,236.589,236.459,https://labbcat.canterbury.ac.nz/maonze/transcript?ag_id=947#ew_0_589672,0.13,130,4.86753445,,
10415,ua,g_949;em_12_91727;n_105389-n_105390;p_181;#=ew_69_220488;prefix=67569-;[0]=ew_0_590605,R002M,PresentElder,102.541,102.411,https://labbcat.canterbury.ac.nz/maonze/transcript?ag_id=949#ew_0_590605,0.13,130,4.86753445,,
10418,ua,g_949;em_12_91731;n_105393-n_105394;p_181;#=ew_69_220536;prefix=67590-;[0]=ew_0_590664,R002M,PresentElder,126.737,126.607,https://labbcat.canterbury.ac.nz/maonze/transcript?ag_id=949#ew_0_590664,0.13,130,4.86753445,,
10435,ua,g_951;em_12_91839;n_105477-n_105478;p_181;#=ew_69_220253;prefix=67952-;[0]=ew_0_592083,R002M,PresentElder,164.501,164.371,https://labbcat.canterbury.ac.nz/maonze/transcript?ag_id=951#ew_0_592083,0.13,130,4.86753445,,
10468,ua,g_959;em_12_92188;n_105782-n_105783;p_183;#=ew_69_221929;prefix=68857-;[0]=ew_0_595882,R003M,PresentElder,73.185,73.055,https://labbcat.canterbury.ac.nz/maonze/transcript?ag_id=959#ew_0_595882,0.13,130,4.86753445,,
10478,ua,g_960;em_12_92262;n_105848-n_105849;p_183;#=ew_69_222413;prefix=69109-;[0]=ew_0_596746,R003M,PresentElder,139.218,139.088,https://labbcat.canterbury.ac.nz/maonze/transcript?ag_id=960#ew_0_596746,0.13,130,4.86753445,,
10492,ua,g_962;em_12_92421;n_7036061-n_105950;p_183;#=ew_69_222621;prefix=69536-;[0]=ew_0_598223,R003M,PresentElder,267.664,267.534,https://labbcat.canterbury.ac.nz/maonze/transcript?ag_id=962#ew_0_598223,0.13,130,4.86753445,,
10497,ua,g_963;em_12_92482;n_105980-n_105981;p_183;#=ew_69_221955;prefix=69624-;[0]=ew_0_598659,R003M,PresentElder,189.237,189.107,https://labbcat.canterbury.ac.nz/maonze/transcript?ag_id=963#ew_0_598659,0.13,130,4.86753445,,
10503,ua,g_964;em_12_92530;n_106016-n_106017;p_183;#=ew_69_223027;prefix=69723-;[0]=ew_0_599108,R003M,PresentElder,89.104,88.974,https://labbcat.canterbury.ac.nz/maonze/transcript?ag_id=964#ew_0_599108,0.13,130,4.86753445,,
10576,ua,g_976;em_12_93298;n_106571-n_106572;p_184;#=ew_69_224384;prefix=71348-;[0]=ew_0_605303,R004M,PresentElder,35.358,35.228,https://labbcat.canterbury.ac.nz/maonze/transcript?ag_id=976#ew_0_605303,0.13,130,4.86753445,,
10625,ua,g_985;em_12_93844;n_106932-n_106933;p_182;#=ew_69_226070;prefix=72608-;[0]=ew_0_609698,R005M,PresentElder,78.926,78.796,https://labbcat.canterbury.ac.nz/maonze/transcript?ag_id=985#ew_0_609698,0.13,130,4.86753445,,
10627,ua,g_985;em_12_93852;n_106940-n_16517;p_182;#=ew_69_226170;prefix=72642-;[0]=ew_0_609800,R005M,PresentElder,125.307,125.177,https://labbcat.canterbury.ac.nz/maonze/transcript?ag_id=985#ew_0_609800,0.13,130,4.86753445,,
10629,ua,g_985;em_12_93858;n_106944-n_106945;p_182;#=ew_69_226250;prefix=72672-;[0]=ew_0_609875,R005M,PresentElder,157.441,157.311,https://labbcat.canterbury.ac.nz/maonze/transcript?ag_id=985#ew_0_609875,0.13,130,4.86753445,,
10633,ua,g_985;em_12_93875;n_106957-n_106958;p_182;#=ew_69_226495;prefix=72748-;[0]=ew_0_610058,R005M,PresentElder,250.587,250.457,https://labbcat.canterbury.ac.nz/maonze/transcript?ag_id=985#ew_0_610058,0.13,130,4.86753445,,
10645,ua,g_986;em_12_93917;n_16529-n_29882;p_182;#=ew_69_226549;prefix=72932-;[0]=ew_0_610627,R005M,PresentElder,259.573,259.443,https://labbcat.canterbury.ac.nz/maonze/transcript?ag_id=986#ew_0_610627,0.13,130,4.86753445,,
10660,ua,g_99;em_12_162765;n_6281869-n_6281874;p_41;#=ew_69_163470;prefix=13254-;[0]=ew_0_1270293,K007M,PresentElder,84.14,84.01,https://labbcat.canterbury.ac.nz/maonze/transcript?ag_id=99#ew_0_1270293,0.13,130,4.86753445,,
7351,ua,g_1233;em_12_160011;n_5824623-n_21279;p_249;#=ew_69_180778;prefix=29787-;[0]=ew_0_1229038,L1H06M,L1,128.009,127.879,https://labbcat.canterbury.ac.nz/maonze/transcript?ag_id=1233#ew_0_1229038,0.13,130,4.86753445,,
2,ea,g_10;em_12_698;n_31345-n_31346;p_28;#=ew_69_149833;prefix=00505-;[0]=ew_0_6263,K001M,PresentElder,70.293,70.173,https://labbcat.canterbury.ac.nz/maonze/transcript?ag_id=10#ew_0_6263,0.12,120,4.787491743,,
10,ea,g_100;em_12_162724;n_6282096-n_6282099;p_41;#=ew_69_162844;prefix=13291-;[0]=ew_0_1270138,K007M,PresentElder,270.48,270.36,https://labbcat.canterbury.ac.nz/maonze/transcript?ag_id=100#ew_0_1270138,0.12,120,4.787491743,,
62,ea,g_102;em_12_163040;n_6285885-n_6285890;p_41;#=ew_69_163238;prefix=13723-;[0]=ew_0_1272839,K007M,PresentElder,32.377,32.257,https://labbcat.canterbury.ac.nz/maonze/transcript?ag_id=102#ew_0_1272839,0.12,120,4.787491743,,
88,ea,g_1029;em_12_96376;n_108737-n_108738;p_190;#=ew_69_233519;prefix=79896-;[0]=ew_0_634579,R009M,PresentElder,71.721,71.601,https://labbcat.canterbury.ac.nz/maonze/transcript?ag_id=1029#ew_0_634579,0.12,120,4.787491743,,
95,ea,g_103;em_12_163006;n_6285995-n_6286001;p_41;#=ew_69_164660;prefix=14034-;[0]=ew_0_1274404,K007M,PresentElder,194.405,194.285,https://labbcat.canterbury.ac.nz/maonze/transcript?ag_id=103#ew_0_1274404,0.12,120,4.787491743,,
100,ea,g_1030;em_12_96429;n_108778-n_108779;p_190;#=ew_69_234060;prefix=80104-;[0]=ew_0_635387,R009M,PresentElder,138.245,138.125,https://labbcat.canterbury.ac.nz/maonze/transcript?ag_id=1030#ew_0_635387,0.12,120,4.787491743,,
108,ea,g_1032;em_12_96513;n_108838-n_108839;p_190;#=ew_69_233424;prefix=80387-;[0]=ew_0_636544,R009M,PresentElder,81.793,81.673,https://labbcat.canterbury.ac.nz/maonze/transcript?ag_id=1032#ew_0_636544,0.12,120,4.787491743,,
120,ea,g_1035;em_12_96638;n_108934-n_108935;p_190;#=ew_69_234590;prefix=80946-;[0]=ew_0_638535,R009M,PresentElder,123.825,123.705,https://labbcat.canterbury.ac.nz/maonze/transcript?ag_id=1035#ew_0_638535,0.12,120,4.787491743,,
132,ea,g_1038;em_12_96809;n_109054-n_6745948;p_193;#=ew_69_235071;prefix=81535-;[0]=ew_0_640485,R010M,PresentElder,47.639,47.519,https://labbcat.canterbury.ac.nz/maonze/transcript?ag_id=1038#ew_0_640485,0.12,120,4.787491743,,
135,ea,g_1038;em_12_96858;n_109090-n_109091;p_193;#=ew_69_235452;prefix=81653-;[0]=ew_0_640944,R010M,PresentElder,213.883,213.763,https://labbcat.canterbury.ac.nz/maonze/transcript?ag_id=1038#ew_0_640944,0.12,120,4.787491743,,
142,ea,g_1039;em_12_96968;n_109162-n_109163;p_193;#=ew_69_235706;prefix=81825-;[0]=ew_0_641848,R010M,PresentElder,245,244.88,https://labbcat.canterbury.ac.nz/maonze/transcript?ag_id=1039#ew_0_641848,0.12,120,4.787491743,,
152,ea,g_1040;em_12_163759;n_6745891-n_6745894;p_193;#=ew_69_234728;prefix=81942-;[0]=ew_0_1283185,R010M,PresentElder,43.652,43.532,https://labbcat.canterbury.ac.nz/maonze/transcript?ag_id=1040#ew_0_1283185,0.12,120,4.787491743,,
172,ea,g_1044;em_12_97392;n_17602-n_109331;p_193;#=ew_69_236091;prefix=82476-;[0]=ew_0_645203,R010M,PresentElder,87.632,87.512,https://labbcat.canterbury.ac.nz/maonze/transcript?ag_id=1044#ew_0_645203,0.12,120,4.787491743,,
192,ea,g_105;em_12_7261;n_37100-n_37101;p_41;#=ew_69_163873;prefix=14408-;[0]=ew_0_72544,K007M,PresentElder,94.418,94.298,https://labbcat.canterbury.ac.nz/maonze/transcript?ag_id=105#ew_0_72544,0.12,120,4.787491743,,
230,ea,g_1076;em_12_99830;n_111023-n_111024;p_208;#=ew_69_246321;prefix=91984-;[0]=ew_0_662795,WU07M,Historical,165.243,165.123,https://labbcat.canterbury.ac.nz/maonze/transcript?ag_id=1076#ew_0_662795,0.12,120,4.787491743,,
234,ea,g_1077;em_12_99880;n_111072-n_111073;p_208;#=ew_69_246409;prefix=92071-;[0]=ew_0_663201,WU07M,Historical,156.931,156.811,https://labbcat.canterbury.ac.nz/maonze/transcript?ag_id=1077#ew_0_663201,0.12,120,4.787491743,,
255,ea,g_1083;em_12_100258;n_111368-n_111369;p_208;#=ew_69_247318;prefix=92912-;[0]=ew_0_666532,WU07M,Historical,257.26,257.14,https://labbcat.canterbury.ac.nz/maonze/transcript?ag_id=1083#ew_0_666532,0.12,120,4.787491743,,
279,ea,g_109;em_12_7510;n_37297-n_37298;p_41;#=ew_69_165208;prefix=15229-;[0]=ew_0_75409,K007M,PresentElder,113.884,113.764,https://labbcat.canterbury.ac.nz/maonze/transcript?ag_id=109#ew_0_75409,0.12,120,4.787491743,,
301,ea,g_11;em_12_860;n_31506-n_31507;p_28;#=ew_69_149405;prefix=00434-;[0]=ew_0_7638,K001M,PresentElder,302.69,302.57,https://labbcat.canterbury.ac.nz/maonze/transcript?ag_id=11#ew_0_7638,0.12,120,4.787491743,,
314,ea,g_116;em_12_8453;n_38011-n_38012;p_43;#=ew_69_212219;prefix=59293-;[0]=ew_0_81925,MU02M,Historical,541.648,541.528,https://labbcat.canterbury.ac.nz/maonze/transcript?ag_id=116#ew_0_81925,0.12,120,4.787491743,,
332,ea,g_1201;em_12_108756;n_117559-n_117560;p_244;#=ew_69_243316;prefix=89274-;[0]=ew_0_724837,WU04M,Historical,101.843,101.723,https://labbcat.canterbury.ac.nz/maonze/transcript?ag_id=1201#ew_0_724837,0.12,120,4.787491743,,
352,ea,g_1205;em_12_109232;n_118031-n_118032;p_244;#=ew_69_244506;prefix=89877-;[0]=ew_0_727346,WU04M,Historical,129.123,129.003,https://labbcat.canterbury.ac.nz/maonze/transcript?ag_id=1205#ew_0_727346,0.12,120,4.787491743,,
363,ea,g_1209;em_12_109633;n_118418-n_118419;p_244;#=ew_69_243902;prefix=90500-;[0]=ew_0_729621,WU04M,Historical,121.433,121.313,https://labbcat.canterbury.ac.nz/maonze/transcript?ag_id=1209#ew_0_729621,0.12,120,4.787491743,,
364,ea,g_1209;em_12_109656;n_118441-n_4689521;p_244;#=ew_69_244014;prefix=90554-;[0]=ew_0_729764,WU04M,Historical,184.254,184.134,https://labbcat.canterbury.ac.nz/maonze/transcript?ag_id=1209#ew_0_729764,0.12,120,4.787491743,,
386,ea,g_1227;em_12_110655;n_119131-n_119132;p_249;#=ew_69_180164;prefix=29171-;[0]=ew_0_738323,L1H06M,L1,74.186,74.066,https://labbcat.canterbury.ac.nz/maonze/transcript?ag_id=1227#ew_0_738323,0.12,120,4.787491743,,
459,ea,g_13;em_12_996;n_31631-n_31632;p_19;#=ew_69_152564;prefix=03368-;[0]=ew_0_8780,K002M,PresentElder,87.111,86.991,https://labbcat.canterbury.ac.nz/maonze/transcript?ag_id=13#ew_0_8780,0.12,120,4.787491743,,
463,ea,g_130;em_12_8849;n_38330-n_38331;p_284;#=ew_69_209748;prefix=58071-;[0]=ew_0_85549,MU01M,Historical,219.739,219.619,https://labbcat.canterbury.ac.nz/maonze/transcript?ag_id=130#ew_0_85549,0.12,120,4.787491743,,
474,ea,g_1371;em_12_118214;n_23820-n_123763;p_287;#=ew_69_228123;prefix=74877-;[0]=ew_0_813454,R006M,PresentElder,64.504,64.384,https://labbcat.canterbury.ac.nz/maonze/transcript?ag_id=1371#ew_0_813454,0.12,120,4.787491743,,
496,ea,g_1373;em_12_118327;n_123871-n_123872;p_287;#=ew_69_227737;prefix=74615-;[0]=ew_0_815129,R006M,PresentElder,231.082,230.962,https://labbcat.canterbury.ac.nz/maonze/transcript?ag_id=1373#ew_0_815129,0.12,120,4.787491743,,
570,ea,g_1523;em_12_126120;n_130152-n_130153;p_287;#=ew_69_228303;prefix=75211-;[0]=ew_0_886999,R006M,PresentElder,151.043,150.923,https://labbcat.canterbury.ac.nz/maonze/transcript?ag_id=1523#ew_0_886999,0.12,120,4.787491743,,
576,ea,g_1524;em_12_126156;n_130185-n_130186;p_287;#=ew_69_228687;prefix=75358-;[0]=ew_0_887557,R006M,PresentElder,121.927,121.807,https://labbcat.canterbury.ac.nz/maonze/transcript?ag_id=1524#ew_0_887557,0.12,120,4.787491743,,
579,ea,g_1524;em_12_126160;n_130189-n_130190;p_287;#=ew_69_228720;prefix=75375-;[0]=ew_0_887619,R006M,PresentElder,148.948,148.828,https://labbcat.canterbury.ac.nz/maonze/transcript?ag_id=1524#ew_0_887619,0.12,120,4.787491743,,
636,ea,g_1550;em_12_127446;n_130929-n_25837;p_293;#=ew_69_216718;prefix=64137-;[0]=ew_0_900664,MU10M,Historical,39.459,39.339,https://labbcat.canterbury.ac.nz/maonze/transcript?ag_id=1550#ew_0_900664,0.12,120,4.787491743,,
643,ea,g_1616;em_12_131694;n_134195-n_134196;p_299;#=ew_69_191589;prefix=40427-;[0]=ew_0_932518,L2H01M,L2,80.527,80.407,https://labbcat.canterbury.ac.nz/maonze/transcript?ag_id=1616#ew_0_932518,0.12,120,4.787491743,,
684,ea,g_1629;em_12_132527;n_134801-n_134802;p_299;#=ew_69_192867;prefix=41760-;[0]=ew_0_938497,L2H01M,L2,59.02,58.9,https://labbcat.canterbury.ac.nz/maonze/transcript?ag_id=1629#ew_0_938497,0.12,120,4.787491743,,
685,ea,g_1629;em_12_132544;n_134818-n_134819;p_299;#=ew_69_192981;prefix=41814-;[0]=ew_0_938641,L2H01M,L2,134.035,133.915,https://labbcat.canterbury.ac.nz/maonze/transcript?ag_id=1629#ew_0_938641,0.12,120,4.787491743,,
739,ea,g_1648;em_12_133668;n_135824-n_135825;p_300;#=ew_69_193567;prefix=42372-;[0]=ew_0_946326,L2H02M,L2,108.763,108.643,https://labbcat.canterbury.ac.nz/maonze/transcript?ag_id=1648#ew_0_946326,0.12,120,4.787491743,,
805,ea,g_1662;em_12_134650;n_7000969-n_136497;p_302;#=ew_69_197120;prefix=45780-;[0]=ew_0_953362,L2H04M,L2,187.748,187.628,https://labbcat.canterbury.ac.nz/maonze/transcript?ag_id=1662#ew_0_953362,0.12,120,4.787491743,,
838,ea,g_1668;em_12_134935;n_136746-n_136747;p_302;#=ew_69_198444;prefix=46655-;[0]=ew_0_956576,L2H04M,L2,231.613,231.493,https://labbcat.canterbury.ac.nz/maonze/transcript?ag_id=1668#ew_0_956576,0.12,120,4.787491743,,
872,ea,g_1675;em_12_135183;n_136931-n_136932;p_307;#=ew_69_200391;prefix=48672-;[0]=ew_0_959638,L2H05M,L2,96.354,96.234,https://labbcat.canterbury.ac.nz/maonze/transcript?ag_id=1675#ew_0_959638,0.12,120,4.787491743,,
873,ea,g_1675;em_12_135185;n_136933-n_136934;p_307;#=ew_69_200396;prefix=48677-;[0]=ew_0_959653,L2H05M,L2,102.884,102.764,https://labbcat.canterbury.ac.nz/maonze/transcript?ag_id=1675#ew_0_959653,0.12,120,4.787491743,,
926,ea,g_17;em_12_1357;n_31983-n_31984;p_19;#=ew_69_151630;prefix=02500-;[0]=ew_0_11894,K002M,PresentElder,248.817,248.697,https://labbcat.canterbury.ac.nz/maonze/transcript?ag_id=17#ew_0_11894,0.12,120,4.787491743,,
934,ea,g_1752;em_12_140039;n_140697-n_140698;p_318;#=ew_69_231735;prefix=78258-;[0]=ew_0_1003667,R008M,PresentElder,100.202,100.082,https://labbcat.canterbury.ac.nz/maonze/transcript?ag_id=1752#ew_0_1003667,0.12,120,4.787491743,,
1004,ea,g_1847;em_12_149427;n_3853446-n_3853465;p_49;#=ew_69_205494;prefix=53362-;[0]=ew_0_1105832,L2Y03M,L2,178.006,177.886,https://labbcat.canterbury.ac.nz/maonze/transcript?ag_id=1847#ew_0_1105832,0.12,120,4.787491743,,
1005,ea,g_1847;em_12_149438;n_3853611-n_3853628;p_49;#=ew_69_205504;prefix=53367-;[0]=ew_0_1105973,L2Y03M,L2,225.481,225.361,https://labbcat.canterbury.ac.nz/maonze/transcript?ag_id=1847#ew_0_1105973,0.12,120,4.787491743,,
1007,ea,g_1847;em_12_149442;n_3853674-n_3853697;p_49;#=ew_69_205540;prefix=53385-;[0]=ew_0_1106031,L2Y03M,L2,248.572,248.452,https://labbcat.canterbury.ac.nz/maonze/transcript?ag_id=1847#ew_0_1106031,0.12,120,4.787491743,,
1016,ea,g_1849;em_12_149534;n_3854809-n_3854825;p_49;#=ew_69_205285;prefix=53561-;[0]=ew_0_1106988,L2Y03M,L2,411.503,411.383,https://labbcat.canterbury.ac.nz/maonze/transcript?ag_id=1849#ew_0_1106988,0.12,120,4.787491743,,
1026,ea,g_1853;em_12_150419;n_4569191-n_4569213;p_148;#=ew_69_208034;prefix=55936-;[0]=ew_0_1124774,L2Y05M,L2,186.048,185.928,https://labbcat.canterbury.ac.nz/maonze/transcript?ag_id=1853#ew_0_1124774,0.12,120,4.787491743,,
1062,ea,g_1895;em_12_155817;n_5270844-n_5270860;p_334;#=ew_69_238824;prefix=84290-;[0]=ew_0_1180059,R011M,PresentElder,200.02,199.9,https://labbcat.canterbury.ac.nz/maonze/transcript?ag_id=1895#ew_0_1180059,0.12,120,4.787491743,,
1083,ea,g_1901;em_12_156311;n_5278144-n_5278160;p_333;#=ew_69_239165;prefix=85183-;[0]=ew_0_1185499,R012M,PresentElder,154.79,154.67,https://labbcat.canterbury.ac.nz/maonze/transcript?ag_id=1901#ew_0_1185499,0.12,120,4.787491743,,
1087,ea,g_1902;em_12_156442;n_5279031-n_5279046;p_333;#=ew_69_239295;prefix=85424-;[0]=ew_0_1186542,R012M,PresentElder,113.319,113.199,https://labbcat.canterbury.ac.nz/maonze/transcript?ag_id=1902#ew_0_1186542,0.12,120,4.787491743,,
1110,ea,g_1908;em_12_156775;n_5284914-n_5284936;p_333;#=ew_69_241285;prefix=86283-;[0]=ew_0_1190859,R012M,PresentElder,300.95,300.83,https://labbcat.canterbury.ac.nz/maonze/transcript?ag_id=1908#ew_0_1190859,0.12,120,4.787491743,,
1122,ea,g_1909;em_12_156847;n_5285534-n_5285556;p_333;#=ew_69_240985;prefix=86628-;[0]=ew_0_1191858,R012M,PresentElder,152.439,152.319,https://labbcat.canterbury.ac.nz/maonze/transcript?ag_id=1909#ew_0_1191858,0.12,120,4.787491743,,
1130,ea,g_1910;em_12_156935;n_5286710-n_5286727;p_333;#=ew_69_240555;prefix=86963-;[0]=ew_0_1193091,R012M,PresentElder,168.918,168.798,https://labbcat.canterbury.ac.nz/maonze/transcript?ag_id=1910#ew_0_1193091,0.12,120,4.787491743,,
1183,ea,g_1944;em_12_165781;n_6846972-n_6846982;p_28;#=ew_69_150231;prefix=01366-;[0]=ew_0_1296973,K001M,PresentElder,106.462,106.342,https://labbcat.canterbury.ac.nz/maonze/transcript?ag_id=1944#ew_0_1296973,0.12,120,4.787491743,,
1200,ea,g_1946;em_12_165959;n_6849670-n_6849682;p_121;#=ew_69_167741;prefix=17276-;[0]=ew_0_1298293,K009M,PresentElder,169.314,169.194,https://labbcat.canterbury.ac.nz/maonze/transcript?ag_id=1946#ew_0_1298293,0.12,120,4.787491743,,
1219,ea,g_20;em_12_1652;n_32271-n_32272;p_19;#=ew_69_153863;prefix=03706-;[0]=ew_0_14277,K002M,PresentElder,266.512,266.392,https://labbcat.canterbury.ac.nz/maonze/transcript?ag_id=20#ew_0_14277,0.12,120,4.787491743,,
1243,ea,g_23;em_12_1950;n_32566-n_32567;p_19;#=ew_69_153324;prefix=04448-;[0]=ew_0_16610,K002M,PresentElder,243.417,243.297,https://labbcat.canterbury.ac.nz/maonze/transcript?ag_id=23#ew_0_16610,0.12,120,4.787491743,,
1245,ea,g_23;em_12_1969;n_32585-n_32586;p_19;#=ew_69_153479;prefix=04491-;[0]=ew_0_16764,K002M,PresentElder,320.511,320.391,https://labbcat.canterbury.ac.nz/maonze/transcript?ag_id=23#ew_0_16764,0.12,120,4.787491743,,
1254,ea,g_24;em_12_2029;n_32644-n_32645;p_19;#=ew_69_154438;prefix=04641-;[0]=ew_0_17248,K002M,PresentElder,203.705,203.585,https://labbcat.canterbury.ac.nz/maonze/transcript?ag_id=24#ew_0_17248,0.12,120,4.787491743,,
1255,ea,g_24;em_12_2034;n_32649-n_32650;p_19;#=ew_69_154453;prefix=04656-;[0]=ew_0_17286,K002M,PresentElder,220.609,220.489,https://labbcat.canterbury.ac.nz/maonze/transcript?ag_id=24#ew_0_17286,0.12,120,4.787491743,,
1264,ea,g_24;em_12_2084;n_32699-n_28931;p_19;#=ew_69_154612;prefix=04809-;[0]=ew_0_17728,K002M,PresentElder,410.821,410.701,https://labbcat.canterbury.ac.nz/maonze/transcript?ag_id=24#ew_0_17728,0.12,120,4.787491743,,
1268,ea,g_25;em_12_2102;n_32716-n_32717;p_19;#=ew_69_153975;prefix=04854-;[0]=ew_0_17843,K002M,PresentElder,54.228,54.108,https://labbcat.canterbury.ac.nz/maonze/transcript?ag_id=25#ew_0_17843,0.12,120,4.787491743,,
1278,ea,g_27;em_12_2237;n_32844-n_32845;p_19;#=ew_69_154856;prefix=05204-;[0]=ew_0_18967,K002M,PresentElder,162.585,162.465,https://labbcat.canterbury.ac.nz/maonze/transcript?ag_id=27#ew_0_18967,0.12,120,4.787491743,,
1280,ea,g_27;em_12_2238;n_32845-n_32846;p_19;#=ew_69_154864;prefix=05212-;[0]=ew_0_18989,K002M,PresentElder,169.148,169.028,https://labbcat.canterbury.ac.nz/maonze/transcript?ag_id=27#ew_0_18989,0.12,120,4.787491743,,
1292,ea,g_27;em_12_2256;n_32863-n_32864;p_19;#=ew_69_154931;prefix=05279-;[0]=ew_0_19164,K002M,PresentElder,247.548,247.428,https://labbcat.canterbury.ac.nz/maonze/transcript?ag_id=27#ew_0_19164,0.12,120,4.787491743,,
1326,ea,g_309;em_12_160797;n_5999825-n_5999976;p_81;#=ew_69_186100;prefix=35852-;[0]=ew_0_1237925,L1Y03M,L1,212.621,212.501,https://labbcat.canterbury.ac.nz/maonze/transcript?ag_id=309#ew_0_1237925,0.12,120,4.787491743,,
1340,ea,g_312;em_12_30461;n_5600-n_55127;p_81;#=ew_69_187018;prefix=36194-;[0]=ew_0_210981,L1Y03M,L1,266.57,266.45,https://labbcat.canterbury.ac.nz/maonze/transcript?ag_id=312#ew_0_210981,0.12,120,4.787491743,,
1344,ea,g_315;em_12_30613;n_55258-n_55259;p_89;#=ew_69_187387;prefix=36472-;[0]=ew_0_211740,L1Y04M,L1,151.153,151.033,https://labbcat.canterbury.ac.nz/maonze/transcript?ag_id=315#ew_0_211740,0.12,120,4.787491743,,
1350,ea,g_317;em_12_148815;n_3841132-n_3841145;p_89;#=ew_69_187602;prefix=36660-;[0]=ew_0_1095127,L1Y04M,L1,72.811,72.691,https://labbcat.canterbury.ac.nz/maonze/transcript?ag_id=317#ew_0_1095127,0.12,120,4.787491743,,
1353,ea,g_317;em_12_148856;n_3841965-n_3841991;p_89;#=ew_69_187665;prefix=36719-;[0]=ew_0_1097251,L1Y04M,L1,170.989,170.869,https://labbcat.canterbury.ac.nz/maonze/transcript?ag_id=317#ew_0_1097251,0.12,120,4.787491743,,
1356,ea,g_317;em_12_148877;n_3842382-n_3842397;p_89;#=ew_69_187707;prefix=36759-;[0]=ew_0_1097916,L1Y04M,L1,216.202,216.082,https://labbcat.canterbury.ac.nz/maonze/transcript?ag_id=317#ew_0_1097916,0.12,120,4.787491743,,
1394,ea,g_321;em_12_31683;n_56256-n_56258;p_89;#=ew_69_188175;prefix=37359-;[0]=ew_0_215381,L1Y04M,L1,213.049,212.929,https://labbcat.canterbury.ac.nz/maonze/transcript?ag_id=321#ew_0_215381,0.12,120,4.787491743,,
1409,ea,g_323;em_12_32208;n_56701-n_56702;p_89;#=ew_69_188877;prefix=37670-;[0]=ew_0_216762,L1Y04M,L1,125.51,125.39,https://labbcat.canterbury.ac.nz/maonze/transcript?ag_id=323#ew_0_216762,0.12,120,4.787491743,,
1410,ea,g_324;em_12_148802;n_3841281-n_3842484;p_89;#=ew_69_188512;prefix=37903-;[0]=ew_0_1097571,L1Y04M,L1,239.876,239.756,https://labbcat.canterbury.ac.nz/maonze/transcript?ag_id=324#ew_0_1097571,0.12,120,4.787491743,,
1442,ea,g_329;em_12_33184;n_57452-n_57453;p_85;#=ew_69_184641;prefix=34004-;[0]=ew_0_1242886,L1Y02M,L1,97.444,97.324,https://labbcat.canterbury.ac.nz/maonze/transcript?ag_id=329#ew_0_1242886,0.12,120,4.787491743,,
1592,ea,g_446;em_12_46150;n_68642-n_68643;p_110;#=ew_69_156196;prefix=05967-;[0]=ew_0_287731,K003M,PresentElder,360.526,360.406,https://labbcat.canterbury.ac.nz/maonze/transcript?ag_id=446#ew_0_287731,0.12,120,4.787491743,,
1600,ea,g_450;em_12_169840;n_6946214-n_6946215;p_110;#=ew_69_156813;prefix=06816-;[0]=ew_0_1326840,K003M,PresentElder,281.717,281.597,https://labbcat.canterbury.ac.nz/maonze/transcript?ag_id=450#ew_0_1326840,0.12,120,4.787491743,,
1641,ea,g_460;em_12_47478;n_69661-n_69662;p_112;#=ew_69_162115;prefix=12250-;[0]=ew_0_297252,K006M,PresentElder,258.433,258.313,https://labbcat.canterbury.ac.nz/maonze/transcript?ag_id=460#ew_0_297252,0.12,120,4.787491743,,
1671,ea,g_468;em_12_48433;n_70431-n_70432;p_120;#=ew_69_166338;prefix=16346-;[0]=ew_0_302289,K008M,PresentElder,297.001,296.881,https://labbcat.canterbury.ac.nz/maonze/transcript?ag_id=468#ew_0_302289,0.12,120,4.787491743,,
1684,ea,g_473;em_12_48973;n_70907-n_70908;p_120;#=ew_69_165431;prefix=15506-;[0]=ew_0_304488,K008M,PresentElder,284.927,284.807,https://labbcat.canterbury.ac.nz/maonze/transcript?ag_id=473#ew_0_304488,0.12,120,4.787491743,,
1687,ea,g_474;em_12_49003;n_70936-n_70937;p_121;#=ew_69_167097;prefix=17020-;[0]=ew_0_304867,K009M,PresentElder,147.334,147.214,https://labbcat.canterbury.ac.nz/maonze/transcript?ag_id=474#ew_0_304867,0.12,120,4.787491743,,
1695,ea,g_477;em_12_49146;n_71064-n_71065;p_121;#=ew_69_167407;prefix=17660-;[0]=ew_0_306797,K009M,PresentElder,88.063,87.943,https://labbcat.canterbury.ac.nz/maonze/transcript?ag_id=477#ew_0_306797,0.12,120,4.787491743,,
1718,ea,g_482;em_12_49525;n_8194-n_71386;p_121;#=ew_69_169236;prefix=18670-;[0]=ew_0_310431,K009M,PresentElder,287.969,287.849,https://labbcat.canterbury.ac.nz/maonze/transcript?ag_id=482#ew_0_310431,0.12,120,4.787491743,,
1743,ea,g_491;em_12_50583;n_72189-n_72190;p_122;#=ew_69_169696;prefix=19763-;[0]=ew_0_315736,K010M,PresentElder,105.199,105.079,https://labbcat.canterbury.ac.nz/maonze/transcript?ag_id=491#ew_0_315736,0.12,120,4.787491743,,
1744,ea,g_491;em_12_50634;n_72234-n_72235;p_122;#=ew_69_169770;prefix=19814-;[0]=ew_0_315951,K010M,PresentElder,201.439,201.319,https://labbcat.canterbury.ac.nz/maonze/transcript?ag_id=491#ew_0_315951,0.12,120,4.787491743,,
1750,ea,g_492;em_12_50796;n_72359-n_72360;p_122;#=ew_69_170189;prefix=19977-;[0]=ew_0_316769,K010M,PresentElder,231.309,231.189,https://labbcat.canterbury.ac.nz/maonze/transcript?ag_id=492#ew_0_316769,0.12,120,4.787491743,,
1761,ea,g_494;em_12_51112;n_8610-n_8611;p_122;#=ew_69_170091;prefix=20254-;[0]=ew_0_318058,K010M,PresentElder,268.536,268.416,https://labbcat.canterbury.ac.nz/maonze/transcript?ag_id=494#ew_0_318058,0.12,120,4.787491743,,
1805,ea,g_52;em_12_3768;n_34101-n_34102;p_32;#=ew_69_158138;prefix=08223-;[0]=ew_0_34925,K004M,PresentElder,308.811,308.691,https://labbcat.canterbury.ac.nz/maonze/transcript?ag_id=52#ew_0_34925,0.12,120,4.787491743,,
1808,ea,g_53;em_12_158349;n_5387956-n_5387963;p_32;#=ew_69_157886;prefix=08415-;[0]=ew_0_1210905,K004M,PresentElder,205.084,204.964,https://labbcat.canterbury.ac.nz/maonze/transcript?ag_id=53#ew_0_1210905,0.12,120,4.787491743,,
1848,ea,g_57;em_12_162111;n_6216392-n_6216393;p_32;#=ew_69_159068;prefix=09276-;[0]=ew_0_1261441,K004M,PresentElder,286.139,286.019,https://labbcat.canterbury.ac.nz/maonze/transcript?ag_id=57#ew_0_1261441,0.12,120,4.787491743,,
1853,ea,g_58;em_12_162158;n_6217271-n_6217272;p_32;#=ew_69_159819;prefix=09500-;[0]=ew_0_1263004,K004M,PresentElder,259.809,259.689,https://labbcat.canterbury.ac.nz/maonze/transcript?ag_id=58#ew_0_1263004,0.12,120,4.787491743,,
1869,ea,g_597;em_12_63911;n_83511-n_83512;p_140;#=ew_69_189435;prefix=38417-;[0]=ew_0_381066,L1Y05M,L1,274.212,274.092,https://labbcat.canterbury.ac.nz/maonze/transcript?ag_id=597#ew_0_381066,0.12,120,4.787491743,,
1904,ea,g_607;em_12_64546;n_84122-n_84123;p_140;#=ew_69_191212;prefix=40178-;[0]=ew_0_387438,L1Y05M,L1,173.112,172.992,https://labbcat.canterbury.ac.nz/maonze/transcript?ag_id=607#ew_0_387438,0.12,120,4.787491743,,
1930,ea,g_612;em_12_64787;n_84353-n_84354;p_142;#=ew_69_182244;prefix=31299-;[0]=ew_0_390027,L1Y01M,L1,151.203,151.083,https://labbcat.canterbury.ac.nz/maonze/transcript?ag_id=612#ew_0_390027,0.12,120,4.787491743,,
1936,ea,g_613;em_12_64832;n_84397-n_84398;p_142;#=ew_69_181796;prefix=31420-;[0]=ew_0_390510,L1Y01M,L1,132.08,131.96,https://labbcat.canterbury.ac.nz/maonze/transcript?ag_id=613#ew_0_390510,0.12,120,4.787491743,,
1946,ea,g_616;em_12_64978;n_84538-n_84539;p_142;#=ew_69_182443;prefix=31765-;[0]=ew_0_391933,L1Y01M,L1,144.198,144.078,https://labbcat.canterbury.ac.nz/maonze/transcript?ag_id=616#ew_0_391933,0.12,120,4.787491743,,
1949,ea,g_616;em_12_64979;n_84539-n_84540;p_142;#=ew_69_182452;prefix=31774-;[0]=ew_0_391956,L1Y01M,L1,150.056,149.936,https://labbcat.canterbury.ac.nz/maonze/transcript?ag_id=616#ew_0_391956,0.12,120,4.787491743,,
1977,ea,g_622;em_12_65187;n_84733-n_84734;p_142;#=ew_69_183087;prefix=32397-;[0]=ew_0_394542,L1Y01M,L1,40.072,39.952,https://labbcat.canterbury.ac.nz/maonze/transcript?ag_id=622#ew_0_394542,0.12,120,4.787491743,,
1978,ea,g_622;em_12_65214;n_10412-n_84759;p_142;#=ew_69_183114;prefix=32410-;[0]=ew_0_394868,L1Y01M,L1,167.679,167.559,https://labbcat.canterbury.ac.nz/maonze/transcript?ag_id=622#ew_0_394868,0.12,120,4.787491743,,
1991,ea,g_626;em_12_65348;n_84867-n_84868;p_142;#=ew_69_183712;prefix=32913-;[0]=ew_0_396517,L1Y01M,L1,82.22,82.1,https://labbcat.canterbury.ac.nz/maonze/transcript?ag_id=626#ew_0_396517,0.12,120,4.787491743,,
2006,ea,g_629;em_12_171109;n_7007061-n_7007062;p_143;#=ew_69_202696;prefix=50786-;[0]=ew_0_1339634,L2Y02M,L2,72.897,72.777,https://labbcat.canterbury.ac.nz/maonze/transcript?ag_id=629#ew_0_1339634,0.12,120,4.787491743,,
2010,ea,g_629;em_12_65734;n_85219-n_85220;p_143;#=ew_69_202998;prefix=50743-;[0]=ew_0_398975,L2Y02M,L2,228.695,228.575,https://labbcat.canterbury.ac.nz/maonze/transcript?ag_id=629#ew_0_398975,0.12,120,4.787491743,,
2035,ea,g_632;em_12_66192;n_85644-n_85645;p_143;#=ew_69_203476;prefix=51668-;[0]=ew_0_402265,L2Y02M,L2,308.458,308.338,https://labbcat.canterbury.ac.nz/maonze/transcript?ag_id=632#ew_0_402265,0.12,120,4.787491743,,
2041,ea,g_633;em_12_66238;n_85687-n_85688;p_143;#=ew_69_202826;prefix=51745-;[0]=ew_0_402620,L2Y02M,L2,76.187,76.067,https://labbcat.canterbury.ac.nz/maonze/transcript?ag_id=633#ew_0_402620,0.12,120,4.787491743,,
2044,ea,g_633;em_12_66255;n_85704-n_85705;p_143;#=ew_69_202930;prefix=51782-;[0]=ew_0_402753,L2Y02M,L2,121.962,121.842,https://labbcat.canterbury.ac.nz/maonze/transcript?ag_id=633#ew_0_402753,0.12,120,4.787491743,,
2053,ea,g_634;em_12_66351;n_85791-n_85792;p_143;#=ew_69_203954;prefix=52023-;[0]=ew_0_403581,L2Y02M,L2,92.558,92.438,https://labbcat.canterbury.ac.nz/maonze/transcript?ag_id=634#ew_0_403581,0.12,120,4.787491743,,
2074,ea,g_642;em_12_67017;n_86259-n_86260;p_145;#=ew_69_201232;prefix=50102-;[0]=ew_0_409757,L2Y01M,L2,248.062,247.942,https://labbcat.canterbury.ac.nz/maonze/transcript?ag_id=642#ew_0_409757,0.12,120,4.787491743,,
2089,ea,g_651;em_12_67967;n_87095-n_87096;p_146;#=ew_69_206109;prefix=53977-;[0]=ew_0_414402,L2Y04M,L2,159.381,159.261,https://labbcat.canterbury.ac.nz/maonze/transcript?ag_id=651#ew_0_414402,0.12,120,4.787491743,,
2093,ea,g_652;em_12_68206;n_87311-n_87312;p_146;#=ew_69_206099;prefix=54070-;[0]=ew_0_414952,L2Y04M,L2,172.243,172.123,https://labbcat.canterbury.ac.nz/maonze/transcript?ag_id=652#ew_0_414952,0.12,120,4.787491743,,
2096,ea,g_653;em_12_68514;n_87574-n_87575;p_146;#=ew_69_205947;prefix=54210-;[0]=ew_0_415681,L2Y04M,L2,241.941,241.821,https://labbcat.canterbury.ac.nz/maonze/transcript?ag_id=653#ew_0_415681,0.12,120,4.787491743,,
2105,ea,g_657;em_12_69368;n_11025-n_88287;p_146;#=ew_69_206781;prefix=54539-;[0]=ew_0_417623,L2Y04M,L2,98.221,98.101,https://labbcat.canterbury.ac.nz/maonze/transcript?ag_id=657#ew_0_417623,0.12,120,4.787491743,,
2111,ea,g_659;em_12_69752;n_88632-n_88633;p_146;#=ew_69_206424;prefix=54743-;[0]=ew_0_418532,L2Y04M,L2,64.435,64.315,https://labbcat.canterbury.ac.nz/maonze/transcript?ag_id=659#ew_0_418532,0.12,120,4.787491743,,
2121,ea,g_663;em_12_70424;n_89220-n_89221;p_148;#=ew_69_207684;prefix=55242-;[0]=ew_0_420836,L2Y05M,L2,277.924,277.804,https://labbcat.canterbury.ac.nz/maonze/transcript?ag_id=663#ew_0_420836,0.12,120,4.787491743,,
2140,ea,g_668;em_12_70588;n_89377-n_89378;p_148;#=ew_69_208198;prefix=56088-;[0]=ew_0_423629,L2Y05M,L2,94.745,94.625,https://labbcat.canterbury.ac.nz/maonze/transcript?ag_id=668#ew_0_423629,0.12,120,4.787491743,,
2160,ea,g_670;em_12_70662;n_89443-n_89444;p_148;#=ew_69_208504;prefix=56404-;[0]=ew_0_424922,L2Y05M,L2,85.426,85.306,https://labbcat.canterbury.ac.nz/maonze/transcript?ag_id=670#ew_0_424922,0.12,120,4.787491743,,
2162,ea,g_670;em_12_70665;n_89446-n_89447;p_148;#=ew_69_208515;prefix=56415-;[0]=ew_0_424996,L2Y05M,L2,119.744,119.624,https://labbcat.canterbury.ac.nz/maonze/transcript?ag_id=670#ew_0_424996,0.12,120,4.787491743,,
2165,ea,g_670;em_12_70677;n_89458-n_89459;p_148;#=ew_69_208556;prefix=56456-;[0]=ew_0_425203,L2Y05M,L2,219.784,219.664,https://labbcat.canterbury.ac.nz/maonze/transcript?ag_id=670#ew_0_425203,0.12,120,4.787491743,,
2199,ea,g_8;em_12_488;n_31142-n_31143;p_28;#=ew_69_149789;prefix=01118-;[0]=ew_0_4585,K001M,PresentElder,143.339,143.219,https://labbcat.canterbury.ac.nz/maonze/transcript?ag_id=8#ew_0_4585,0.12,120,4.787491743,,
2205,ea,g_8;em_12_517;n_31171-n_31172;p_28;#=ew_69_149964;prefix=01197-;[0]=ew_0_4838,K001M,PresentElder,239.03,238.91,https://labbcat.canterbury.ac.nz/maonze/transcript?ag_id=8#ew_0_4838,0.12,120,4.787491743,,
2262,ea,g_854;em_12_85798;n_100802-n_100803;p_167;#=ew_69_171731;prefix=21522-;[0]=ew_0_543833,L1H01M,L1,103.934,103.814,https://labbcat.canterbury.ac.nz/maonze/transcript?ag_id=854#ew_0_543833,0.12,120,4.787491743,,
2298,ea,g_858;em_12_86100;n_101081-n_101082;p_167;#=ew_69_172167;prefix=22169-;[0]=ew_0_546146,L1H01M,L1,104.101,103.981,https://labbcat.canterbury.ac.nz/maonze/transcript?ag_id=858#ew_0_546146,0.12,120,4.787491743,,
2304,ea,g_859;em_12_86227;n_14689-n_14690;p_167;#=ew_69_172589;prefix=22381-;[0]=ew_0_546973,L1H01M,L1,145.453,145.333,https://labbcat.canterbury.ac.nz/maonze/transcript?ag_id=859#ew_0_546973,0.12,120,4.787491743,,
2424,ea,g_895;em_12_88530;n_6970193-n_102776;p_174;#=ew_69_178204;prefix=28260-;[0]=ew_0_564235,L1H05M,L1,231.395,231.275,https://labbcat.canterbury.ac.nz/maonze/transcript?ag_id=895#ew_0_564235,0.12,120,4.787491743,,
2428,ea,g_896;em_12_88565;n_102802-n_102803;p_174;#=ew_69_178219;prefix=28015-;[0]=ew_0_564611,L1H05M,L1,144.504,144.384,https://labbcat.canterbury.ac.nz/maonze/transcript?ag_id=896#ew_0_564611,0.12,120,4.787491743,,
2519,ea,g_926;em_12_90241;n_104061-n_104062;p_179;#=ew_69_217500;prefix=64550-;[0]=ew_0_579863,R001M,PresentElder,148.775,148.655,https://labbcat.canterbury.ac.nz/maonze/transcript?ag_id=926#ew_0_579863,0.12,120,4.787491743,,
2523,ea,g_927;em_12_90353;n_104172-n_104173;p_179;#=ew_69_217322;prefix=64769-;[0]=ew_0_580596,R001M,PresentElder,196.068,195.948,https://labbcat.canterbury.ac.nz/maonze/transcript?ag_id=927#ew_0_580596,0.12,120,4.787491743,,
2569,ea,g_940;em_12_91323;n_105063-n_15865;p_179;#=ew_69_219300;prefix=66496-;[0]=ew_0_586734,R001M,PresentElder,177.421,177.301,https://labbcat.canterbury.ac.nz/maonze/transcript?ag_id=940#ew_0_586734,0.12,120,4.787491743,,
2589,ea,g_947;em_12_91652;n_105329-n_105330;p_181;#=ew_69_220793;prefix=67309-;[0]=ew_0_589560,R002M,PresentElder,179.854,179.734,https://labbcat.canterbury.ac.nz/maonze/transcript?ag_id=947#ew_0_589560,0.12,120,4.787491743,,
2606,ea,g_949;em_12_91728;n_105390-n_105391;p_181;#=ew_69_220503;prefix=67576-;[0]=ew_0_590619,R002M,PresentElder,109.37,109.25,https://labbcat.canterbury.ac.nz/maonze/transcript?ag_id=949#ew_0_590619,0.12,120,4.787491743,,
2640,ea,g_955;em_12_92020;n_105640-n_105641;p_181;#=ew_69_221419;prefix=68336-;[0]=ew_0_594516,R002M,PresentElder,182.844,182.724,https://labbcat.canterbury.ac.nz/maonze/transcript?ag_id=955#ew_0_594516,0.12,120,4.787491743,,
2670,ea,g_965;em_12_92624;n_16152-n_106077;p_183;#=ew_69_222854;prefix=69917-;[0]=ew_0_599974,R003M,PresentElder,252.303,252.183,https://labbcat.canterbury.ac.nz/maonze/transcript?ag_id=965#ew_0_599974,0.12,120,4.787491743,,
2721,ea,g_973;em_12_93090;n_106433-n_106434;p_184;#=ew_69_223835;prefix=70890-;[0]=ew_0_603767,R004M,PresentElder,137.023,136.903,https://labbcat.canterbury.ac.nz/maonze/transcript?ag_id=973#ew_0_603767,0.12,120,4.787491743,,
2735,ea,g_975;em_12_93253;n_106549-n_16309;p_184;#=ew_69_224194;prefix=71267-;[0]=ew_0_605037,R004M,PresentElder,170.643,170.523,https://labbcat.canterbury.ac.nz/maonze/transcript?ag_id=975#ew_0_605037,0.12,120,4.787491743,,
2806,ea,g_985;em_12_93865;n_106949-n_106950;p_182;#=ew_69_226366;prefix=72708-;[0]=ew_0_609950,R005M,PresentElder,191.899,191.779,https://labbcat.canterbury.ac.nz/maonze/transcript?ag_id=985#ew_0_609950,0.12,120,4.787491743,,
2816,ea,g_989;em_12_150936;n_4619437-n_4619439;p_182;#=ew_69_225890;prefix=73333-;[0]=ew_0_1128182,R005M,PresentElder,167.381,167.261,https://labbcat.canterbury.ac.nz/maonze/transcript?ag_id=989#ew_0_1128182,0.12,120,4.787491743,,
2872,ia,g_1010;em_12_95425;n_6650527-n_108317;p_188;#=ew_69_230142;prefix=76456-;[0]=ew_0_625002,R007M,PresentElder,148.29,148.17,https://labbcat.canterbury.ac.nz/maonze/transcript?ag_id=1010#ew_0_625002,0.12,120,4.787491743,,
2878,ia,g_1012;em_12_95593;n_16786-n_108409;p_188;#=ew_69_230219;prefix=76732-;[0]=ew_0_626146,R007M,PresentElder,240.863,240.743,https://labbcat.canterbury.ac.nz/maonze/transcript?ag_id=1012#ew_0_626146,0.12,120,4.787491743,,
2938,ia,g_1029;em_12_96382;n_108743-n_108744;p_190;#=ew_69_233602;prefix=79917-;[0]=ew_0_634686,R009M,PresentElder,113.686,113.566,https://labbcat.canterbury.ac.nz/maonze/transcript?ag_id=1029#ew_0_634686,0.12,120,4.787491743,,
2946,ia,g_1029;em_12_96394;n_108751-n_108752;p_190;#=ew_69_233709;prefix=79968-;[0]=ew_0_634841,R009M,PresentElder,177.225,177.105,https://labbcat.canterbury.ac.nz/maonze/transcript?ag_id=1029#ew_0_634841,0.12,120,4.787491743,,
2947,ia,g_103;em_12_162963;n_6285911-n_6285916;p_41;#=ew_69_164448;prefix=14140-;[0]=ew_0_1273834,K007M,PresentElder,103.958,103.838,https://labbcat.canterbury.ac.nz/maonze/transcript?ag_id=103#ew_0_1273834,0.12,120,4.787491743,,
3071,ia,g_1077;em_12_99889;n_111081-n_29975;p_208;#=ew_69_246427;prefix=92087-;[0]=ew_0_663264,WU07M,Historical,183.811,183.691,https://labbcat.canterbury.ac.nz/maonze/transcript?ag_id=1077#ew_0_663264,0.12,120,4.787491743,,
3097,ia,g_1085;em_12_100347;n_111450-n_111451;p_208;#=ew_69_246743;prefix=93114-;[0]=ew_0_667284,WU07M,Historical,161.071,160.951,https://labbcat.canterbury.ac.nz/maonze/transcript?ag_id=1085#ew_0_667284,0.12,120,4.787491743,,
3182,ia,g_117;em_12_8558;n_38115-n_38116;p_43;#=ew_69_211791;prefix=58894-;[0]=ew_0_83164,MU02M,Historical,379.079,378.959,https://labbcat.canterbury.ac.nz/maonze/transcript?ag_id=117#ew_0_83164,0.12,120,4.787491743,,
3190,ia,g_1199;em_12_108583;n_117390-n_117391;p_244;#=ew_69_243476;prefix=88983-;[0]=ew_0_723993,WU04M,Historical,219.178,219.058,https://labbcat.canterbury.ac.nz/maonze/transcript?ag_id=1199#ew_0_723993,0.12,120,4.787491743,,
3203,ia,g_1200;em_12_108667;n_117471-n_117472;p_244;#=ew_69_243066;prefix=89129-;[0]=ew_0_724427,WU04M,Historical,153.695,153.575,https://labbcat.canterbury.ac.nz/maonze/transcript?ag_id=1200#ew_0_724427,0.12,120,4.787491743,,
3271,ia,g_134;em_12_9136;n_38613-n_38614;p_284;#=ew_69_209621;prefix=57420-;[0]=ew_0_88287,MU01M,Historical,307.784,307.664,https://labbcat.canterbury.ac.nz/maonze/transcript?ag_id=134#ew_0_88287,0.12,120,4.787491743,,
3286,ia,g_1374;em_12_118367;n_123910-n_123911;p_284;#=ew_69_210421;prefix=58307-;[0]=ew_0_815616,MU01M,Historical,224.078,223.958,https://labbcat.canterbury.ac.nz/maonze/transcript?ag_id=1374#ew_0_815616,0.12,120,4.787491743,,
3296,ia,g_1383;em_12_118884;n_124384-n_124385;p_262;#=ew_69_248421;prefix=93977-;[0]=ew_0_820211,WU08M,Historical,129.011,128.891,https://labbcat.canterbury.ac.nz/maonze/transcript?ag_id=1383#ew_0_820211,0.12,120,4.787491743,,
3302,ia,g_1386;em_12_118983;n_124471-n_124472;p_262;#=ew_69_248610;prefix=94350-;[0]=ew_0_821669,WU08M,Historical,169.084,168.964,https://labbcat.canterbury.ac.nz/maonze/transcript?ag_id=1386#ew_0_821669,0.12,120,4.787491743,,
3304,ia,g_1387;em_12_119009;n_124495-n_124496;p_262;#=ew_69_248760;prefix=94429-;[0]=ew_0_821975,WU08M,Historical,107.193,107.073,https://labbcat.canterbury.ac.nz/maonze/transcript?ag_id=1387#ew_0_821975,0.12,120,4.787491743,,
3319,ia,g_1390;em_12_119124;n_124600-n_124601;p_262;#=ew_69_249448;prefix=94902-;[0]=ew_0_823661,WU08M,Historical,160.78,160.66,https://labbcat.canterbury.ac.nz/maonze/transcript?ag_id=1390#ew_0_823661,0.12,120,4.787491743,,
3339,ia,g_1396;em_12_151949;n_4742999-n_4743001;p_262;#=ew_69_250005;prefix=95666-;[0]=ew_0_1135029,WU08M,Historical,227.674,227.554,https://labbcat.canterbury.ac.nz/maonze/transcript?ag_id=1396#ew_0_1135029,0.12,120,4.787491743,,
3364,ia,g_1523;em_12_126135;n_130167-n_30412;p_287;#=ew_69_228388;prefix=75271-;[0]=ew_0_887272,R006M,PresentElder,255.81,255.69,https://labbcat.canterbury.ac.nz/maonze/transcript?ag_id=1523#ew_0_887272,0.12,120,4.787491743,,
3376,ia,g_1531;em_12_126459;n_130414-n_130415;p_200;#=ew_69_216182;prefix=63479-;[0]=ew_0_891429,MU08M,Historical,174.879,174.759,https://labbcat.canterbury.ac.nz/maonze/transcript?ag_id=1531#ew_0_891429,0.12,120,4.787491743,,
3403,ia,g_1617;em_12_131723;n_134219-n_134220;p_299;#=ew_69_192104;prefix=40467-;[0]=ew_0_932724,L2H01M,L2,90.617,90.497,https://labbcat.canterbury.ac.nz/maonze/transcript?ag_id=1617#ew_0_932724,0.12,120,4.787491743,,
3445,ia,g_1629;em_12_132573;n_134847-n_134848;p_299;#=ew_69_193097;prefix=41874-;[0]=ew_0_938836,L2H01M,L2,259.47,259.35,https://labbcat.canterbury.ac.nz/maonze/transcript?ag_id=1629#ew_0_938836,0.12,120,4.787491743,,
3463,ia,g_1637;em_12_133021;n_135251-n_135252;p_288;#=ew_69_196017;prefix=44462-;[0]=ew_0_941300,L2H03M,L2,305.435,305.315,https://labbcat.canterbury.ac.nz/maonze/transcript?ag_id=1637#ew_0_941300,0.12,120,4.787491743,,
3481,ia,g_1644;em_12_133439;n_135640-n_135641;p_288;#=ew_69_196291;prefix=45351-;[0]=ew_0_944669,L2H03M,L2,184.16,184.04,https://labbcat.canterbury.ac.nz/maonze/transcript?ag_id=1644#ew_0_944669,0.12,120,4.787491743,,
3557,ia,g_1671;em_12_163216;n_6399734-n_6399745;p_302;#=ew_69_198867;prefix=47108-;[0]=ew_0_1277144,L2H04M,L2,201.299,201.179,https://labbcat.canterbury.ac.nz/maonze/transcript?ag_id=1671#ew_0_1277144,0.12,120,4.787491743,,
3575,ia,g_1749;em_12_139840;n_140526-n_140527;p_318;#=ew_69_231333;prefix=77936-;[0]=ew_0_1002616,R008M,PresentElder,161.824,161.704,https://labbcat.canterbury.ac.nz/maonze/transcript?ag_id=1749#ew_0_1002616,0.12,120,4.787491743,,
3588,ia,g_1754;em_12_140206;n_140848-n_140849;p_318;#=ew_69_231931;prefix=78495-;[0]=ew_0_1004527,R008M,PresentElder,168.935,168.815,https://labbcat.canterbury.ac.nz/maonze/transcript?ag_id=1754#ew_0_1004527,0.12,120,4.787491743,,
3677,ia,g_1897;em_12_155964;n_5274570-n_5274589;p_333;#=ew_69_238813;prefix=84825-;[0]=ew_0_1182716,R012M,PresentElder,264.938,264.818,https://labbcat.canterbury.ac.nz/maonze/transcript?ag_id=1897#ew_0_1182716,0.12,120,4.787491743,,
3683,ia,g_1898;em_12_156035;n_5274981-n_5274994;p_333;#=ew_69_238218;prefix=84950-;[0]=ew_0_1183373,R012M,PresentElder,114.123,114.003,https://labbcat.canterbury.ac.nz/maonze/transcript?ag_id=1898#ew_0_1183373,0.12,120,4.787491743,,
3766,ia,g_1942;em_12_165516;n_6842426-n_6842437;p_41;#=ew_69_164969;prefix=15116-;[0]=ew_0_1295289,K007M,PresentElder,222.011,221.891,https://labbcat.canterbury.ac.nz/maonze/transcript?ag_id=1942#ew_0_1295289,0.12,120,4.787491743,,
3773,ia,g_1942;em_12_165584;n_6841848-n_6841859;p_41;#=ew_69_164826;prefix=14907-;[0]=ew_0_1294667,K007M,PresentElder,73.045,72.925,https://labbcat.canterbury.ac.nz/maonze/transcript?ag_id=1942#ew_0_1294667,0.12,120,4.787491743,,
3799,ia,g_20;em_12_1606;n_32225-n_32226;p_19;#=ew_69_153756;prefix=03609-;[0]=ew_0_13963,K002M,PresentElder,103.813,103.693,https://labbcat.canterbury.ac.nz/maonze/transcript?ag_id=20#ew_0_13963,0.12,120,4.787491743,,
3819,ia,g_22;em_12_1861;n_32478-n_32479;p_19;#=ew_69_153654;prefix=04231-;[0]=ew_0_15933,K002M,PresentElder,282.08,281.96,https://labbcat.canterbury.ac.nz/maonze/transcript?ag_id=22#ew_0_15933,0.12,120,4.787491743,,
3827,ia,g_22;em_12_1880;n_32497-n_32498;p_19;#=ew_69_153725;prefix=04268-;[0]=ew_0_16063,K002M,PresentElder,347.137,347.017,https://labbcat.canterbury.ac.nz/maonze/transcript?ag_id=22#ew_0_16063,0.12,120,4.787491743,,
3837,ia,g_24;em_12_2078;n_32693-n_32694;p_19;#=ew_69_154594;prefix=04791-;[0]=ew_0_17688,K002M,PresentElder,393.571,393.451,https://labbcat.canterbury.ac.nz/maonze/transcript?ag_id=24#ew_0_17688,0.12,120,4.787491743,,
3839,ia,g_25;em_12_2119;n_32728-n_32729;p_19;#=ew_69_154030;prefix=04881-;[0]=ew_0_1266858,K002M,PresentElder,104.461,104.341,https://labbcat.canterbury.ac.nz/maonze/transcript?ag_id=25#ew_0_1266858,0.12,120,4.787491743,,
3849,ia,g_304;em_12_162391;n_6240817-n_6240754;p_81;#=ew_69_185835;prefix=34959-;[0]=ew_0_1264788,L1Y03M,L1,218.042,217.922,https://labbcat.canterbury.ac.nz/maonze/transcript?ag_id=304#ew_0_1264788,0.12,120,4.787491743,,
3874,ia,g_311;em_12_30314;n_55046-n_5999518;p_81;#=ew_69_187141;prefix=35971-;[0]=ew_0_1239924,L1Y03M,L1,112.144,112.024,https://labbcat.canterbury.ac.nz/maonze/transcript?ag_id=311#ew_0_1239924,0.12,120,4.787491743,,
3916,ia,g_330;em_12_33214;n_57479-n_57480;p_85;#=ew_69_185405;prefix=34463-;[0]=ew_0_220513,L1Y02M,L1,134.619,134.499,https://labbcat.canterbury.ac.nz/maonze/transcript?ag_id=330#ew_0_220513,0.12,120,4.787491743,,
3947,ia,g_351;em_12_33882;n_58006-n_58007;p_87;#=ew_69_211053;prefix=59591-;[0]=ew_0_228022,MU03M,Historical,180.061,179.941,https://labbcat.canterbury.ac.nz/maonze/transcript?ag_id=351#ew_0_228022,0.12,120,4.787491743,,
3957,ia,g_365;em_12_35316;n_59155-n_59157;p_92;#=ew_69_212896;prefix=60047-;[0]=ew_0_236257,MU04M,Historical,199.905,199.785,https://labbcat.canterbury.ac.nz/maonze/transcript?ag_id=365#ew_0_236257,0.12,120,4.787491743,,
3962,ia,g_367;em_12_35610;n_59439-n_59440;p_92;#=ew_69_212491;prefix=60317-;[0]=ew_0_1123812,MU04M,Historical,173.233,173.113,https://labbcat.canterbury.ac.nz/maonze/transcript?ag_id=367#ew_0_1123812,0.12,120,4.787491743,,
3965,ia,g_367;em_12_35674;n_59502-n_59505;p_92;#=ew_69_212562;prefix=60385-;[0]=ew_0_237451,MU04M,Historical,261.083,260.963,https://labbcat.canterbury.ac.nz/maonze/transcript?ag_id=367#ew_0_237451,0.12,120,4.787491743,,
4039,ia,g_445;em_12_45964;n_68465-n_68466;p_110;#=ew_69_155500;prefix=05511-;[0]=ew_0_286329,K003M,PresentElder,91.471,91.351,https://labbcat.canterbury.ac.nz/maonze/transcript?ag_id=445#ew_0_286329,0.12,120,4.787491743,,
4042,ia,g_446;em_12_169652;n_6944596-n_6944597;p_110;#=ew_69_155796;prefix=05851-;[0]=ew_0_1326204,K003M,PresentElder,202.407,202.287,https://labbcat.canterbury.ac.nz/maonze/transcript?ag_id=446#ew_0_1326204,0.12,120,4.787491743,,
4047,ia,g_446;em_12_169693;n_6944577-n_6944578;p_110;#=ew_69_155657;prefix=05808-;[0]=ew_0_1325891,K003M,PresentElder,122.042,121.922,https://labbcat.canterbury.ac.nz/maonze/transcript?ag_id=446#ew_0_1325891,0.12,120,4.787491743,,
4055,ia,g_447;em_12_169756;n_6945280-n_6945281;p_110;#=ew_69_155954;prefix=06188-;[0]=ew_0_1326408,K003M,PresentElder,245.579,245.459,https://labbcat.canterbury.ac.nz/maonze/transcript?ag_id=447#ew_0_1326408,0.12,120,4.787491743,,
4091,ia,g_451;em_12_46650;n_69114-n_7628;p_110;#=ew_69_156338;prefix=07008-;[0]=ew_0_291809,K003M,PresentElder,82.528,82.408,https://labbcat.canterbury.ac.nz/maonze/transcript?ag_id=451#ew_0_291809,0.12,120,4.787491743,,
4094,ia,g_451;em_12_46736;n_69186-n_69187;p_110;#=ew_69_156590;prefix=07157-;[0]=ew_0_292454,K003M,PresentElder,331.219,331.099,https://labbcat.canterbury.ac.nz/maonze/transcript?ag_id=451#ew_0_292454,0.12,120,4.787491743,,
4101,ia,g_453;em_12_161339;n_6124108-n_6124113;p_110;#=ew_69_157028;prefix=07584-;[0]=ew_0_1254119,K003M,PresentElder,165.906,165.786,https://labbcat.canterbury.ac.nz/maonze/transcript?ag_id=453#ew_0_1254119,0.12,120,4.787491743,,
4158,ia,g_480;em_12_49327;n_71225-n_71226;p_121;#=ew_69_168699;prefix=18246-;[0]=ew_0_309069,K009M,PresentElder,233.341,233.221,https://labbcat.canterbury.ac.nz/maonze/transcript?ag_id=480#ew_0_309069,0.12,120,4.787491743,,
4183,ia,g_485;em_12_49749;n_71568-n_71569;p_121;#=ew_69_168309;prefix=19129-;[0]=ew_0_1258434,K009M,PresentElder,100.281,100.161,https://labbcat.canterbury.ac.nz/maonze/transcript?ag_id=485#ew_0_1258434,0.12,120,4.787491743,,
4237,ia,g_55;em_12_161954;n_6214555-n_6214556;p_32;#=ew_69_158744;prefix=08855-;[0]=ew_0_1259728,K004M,PresentElder,155.088,154.968,https://labbcat.canterbury.ac.nz/maonze/transcript?ag_id=55#ew_0_1259728,0.12,120,4.787491743,,
4238,ia,g_55;em_12_161956;n_6214578-n_6214579;p_32;#=ew_69_158935;prefix=08728-;[0]=ew_0_1260186,K004M,PresentElder,284.267,284.147,https://labbcat.canterbury.ac.nz/maonze/transcript?ag_id=55#ew_0_1260186,0.12,120,4.787491743,,
4244,ia,g_55;em_12_161977;n_6214560-n_6214561;p_32;#=ew_69_158786;prefix=08874-;[0]=ew_0_1259943,K004M,PresentElder,179.734,179.614,https://labbcat.canterbury.ac.nz/maonze/transcript?ag_id=55#ew_0_1259943,0.12,120,4.787491743,,
4257,ia,g_58;em_12_162146;n_6217259-n_6217260;p_32;#=ew_69_159751;prefix=09449-;[0]=ew_0_1263138,K004M,PresentElder,193.987,193.867,https://labbcat.canterbury.ac.nz/maonze/transcript?ag_id=58#ew_0_1263138,0.12,120,4.787491743,,
4279,ia,g_598;em_12_63980;n_83579-n_83580;p_140;#=ew_69_189587;prefix=38563-;[0]=ew_0_381624,L1Y05M,L1,243.251,243.131,https://labbcat.canterbury.ac.nz/maonze/transcript?ag_id=598#ew_0_381624,0.12,120,4.787491743,,
4292,ia,g_600;em_12_64116;n_83713-n_83714;p_140;#=ew_69_189933;prefix=38892-;[0]=ew_0_382925,L1Y05M,L1,269.844,269.724,https://labbcat.canterbury.ac.nz/maonze/transcript?ag_id=600#ew_0_382925,0.12,120,4.787491743,,
4300,ia,g_603;em_12_64297;n_83891-n_29499;p_140;#=ew_69_190848;prefix=39522-;[0]=ew_0_385067,L1Y05M,L1,326.338,326.218,https://labbcat.canterbury.ac.nz/maonze/transcript?ag_id=603#ew_0_385067,0.12,120,4.787491743,,
4305,ia,g_604;em_12_64321;n_83914-n_83915;p_140;#=ew_69_191288;prefix=39626-;[0]=ew_0_385395,L1Y05M,L1,127.598,127.478,https://labbcat.canterbury.ac.nz/maonze/transcript?ag_id=604#ew_0_385395,0.12,120,4.787491743,,
4306,ia,g_604;em_12_64321;n_83914-n_83915;p_140;#=ew_69_191295;prefix=39630-;[0]=ew_0_385398,L1Y05M,L1,128.948,128.828,https://labbcat.canterbury.ac.nz/maonze/transcript?ag_id=604#ew_0_385398,0.12,120,4.787491743,,
4334,ia,g_615;em_12_64933;n_84496-n_84497;p_142;#=ew_69_182636;prefix=31669-;[0]=ew_0_391500,L1Y01M,L1,156.375,156.255,https://labbcat.canterbury.ac.nz/maonze/transcript?ag_id=615#ew_0_391500,0.12,120,4.787491743,,
4345,ia,g_619;em_12_65088;n_84645-n_84646;p_142;#=ew_69_182752;prefix=32137-;[0]=ew_0_393349,L1Y01M,L1,129.309,129.189,https://labbcat.canterbury.ac.nz/maonze/transcript?ag_id=619#ew_0_393349,0.12,120,4.787491743,,
4377,ia,g_633;em_12_66262;n_85711-n_85712;p_143;#=ew_69_202951;prefix=51791-;[0]=ew_0_402805,L2Y02M,L2,139.966,139.846,https://labbcat.canterbury.ac.nz/maonze/transcript?ag_id=633#ew_0_402805,0.12,120,4.787491743,,
4392,ia,g_636;em_12_66557;n_85946-n_85947;p_145;#=ew_69_201408;prefix=49220-;[0]=ew_0_405159,L2Y01M,L2,181.207,181.087,https://labbcat.canterbury.ac.nz/maonze/transcript?ag_id=636#ew_0_405159,0.12,120,4.787491743,,
4395,ia,g_637;em_12_66623;n_85989-n_85990;p_145;#=ew_69_201005;prefix=49331-;[0]=ew_0_405676,L2Y01M,L2,71.837,71.717,https://labbcat.canterbury.ac.nz/maonze/transcript?ag_id=637#ew_0_405676,0.12,120,4.787491743,,
4402,ia,g_640;em_12_66876;n_86164-n_10659;p_145;#=ew_69_201839;prefix=49759-;[0]=ew_0_408199,L2Y01M,L2,235.217,235.097,https://labbcat.canterbury.ac.nz/maonze/transcript?ag_id=640#ew_0_408199,0.12,120,4.787491743,,
4411,ia,g_645;em_12_67177;n_86387-n_86388;p_145;#=ew_69_201998;prefix=50181-;[0]=ew_0_411559,L2Y01M,L2,101.848,101.728,https://labbcat.canterbury.ac.nz/maonze/transcript?ag_id=645#ew_0_411559,0.12,120,4.787491743,,
4435,ia,g_666;em_12_70520;n_89313-n_89314;p_148;#=ew_69_207579;prefix=55707-;[0]=ew_0_422431,L2Y05M,L2,126.126,126.006,https://labbcat.canterbury.ac.nz/maonze/transcript?ag_id=666#ew_0_422431,0.12,120,4.787491743,,
4449,ia,g_669;em_12_70630;n_89412-n_89413;p_148;#=ew_69_208802;prefix=56275-;[0]=ew_0_424352,L2Y05M,L2,121.309,121.189,https://labbcat.canterbury.ac.nz/maonze/transcript?ag_id=669#ew_0_424352,0.12,120,4.787491743,,
4521,ia,g_856;em_12_85942;n_100933-n_100934;p_167;#=ew_69_171904;prefix=21860-;[0]=ew_0_545017,L1H01M,L1,95.208,95.088,https://labbcat.canterbury.ac.nz/maonze/transcript?ag_id=856#ew_0_545017,0.12,120,4.787491743,,
4554,ia,g_864;em_12_86535;n_101402-n_101403;p_168;#=ew_69_173780;prefix=23093-;[0]=ew_0_549580,L1H02M,L1,196.351,196.231,https://labbcat.canterbury.ac.nz/maonze/transcript?ag_id=864#ew_0_549580,0.12,120,4.787491743,,
4562,ia,g_865;em_12_86583;n_101443-n_101444;p_168;#=ew_69_173543;prefix=23262-;[0]=ew_0_549996,L1H02M,L1,115.956,115.836,https://labbcat.canterbury.ac.nz/maonze/transcript?ag_id=865#ew_0_549996,0.12,120,4.787491743,,
4565,ia,g_865;em_12_86627;n_101478-n_101479;p_168;#=ew_69_173640;prefix=23321-;[0]=ew_0_550357,L1H02M,L1,255.219,255.099,https://labbcat.canterbury.ac.nz/maonze/transcript?ag_id=865#ew_0_550357,0.12,120,4.787491743,,
4592,ia,g_877;em_12_87428;n_15025-n_102025;p_169;#=ew_69_175359;prefix=24773-;[0]=ew_0_555893,L1H03M,L1,134.362,134.242,https://labbcat.canterbury.ac.nz/maonze/transcript?ag_id=877#ew_0_555893,0.12,120,4.787491743,,
4605,ia,g_886;em_12_88063;n_102396-n_102397;p_169;#=ew_69_175715;prefix=25490-;[0]=ew_0_559617,L1H03M,L1,129.031,128.911,https://labbcat.canterbury.ac.nz/maonze/transcript?ag_id=886#ew_0_559617,0.12,120,4.787491743,,
4622,ia,g_892;em_12_88380;n_102651-n_102652;p_174;#=ew_69_179608;prefix=28767-;[0]=ew_0_562384,L1H05M,L1,211.955,211.835,https://labbcat.canterbury.ac.nz/maonze/transcript?ag_id=892#ew_0_562384,0.12,120,4.787491743,,
4640,ia,g_895;em_12_88527;n_102772-n_102773;p_174;#=ew_69_178175;prefix=28246-;[0]=ew_0_564204,L1H05M,L1,214.567,214.447,https://labbcat.canterbury.ac.nz/maonze/transcript?ag_id=895#ew_0_564204,0.12,120,4.787491743,,
4647,ia,g_898;em_12_159872;n_5774209-n_5774218;p_174;#=ew_69_178627;prefix=27652-;[0]=ew_0_1224110,L1H05M,L1,95.812,95.692,https://labbcat.canterbury.ac.nz/maonze/transcript?ag_id=898#ew_0_1224110,0.12,120,4.787491743,,
4682,ia,g_909;em_12_89232;n_15564-n_15565;p_173;#=ew_69_176286;prefix=26321-;[0]=ew_0_571168,L1H04M,L1,87.605,87.485,https://labbcat.canterbury.ac.nz/maonze/transcript?ag_id=909#ew_0_571168,0.12,120,4.787491743,,
4697,ia,g_925;em_12_90184;n_104005-n_104006;p_179;#=ew_69_217233;prefix=64428-;[0]=ew_0_579499,R001M,PresentElder,258.843,258.723,https://labbcat.canterbury.ac.nz/maonze/transcript?ag_id=925#ew_0_579499,0.12,120,4.787491743,,
4700,ia,g_926;em_12_90251;n_104071-n_104072;p_179;#=ew_69_217527;prefix=64576-;[0]=ew_0_579938,R001M,PresentElder,180.436,180.316,https://labbcat.canterbury.ac.nz/maonze/transcript?ag_id=926#ew_0_579938,0.12,120,4.787491743,,
4710,ia,g_928;em_12_90462;n_104280-n_104281;p_179;#=ew_69_217910;prefix=64977-;[0]=ew_0_581289,R001M,PresentElder,282.924,282.804,https://labbcat.canterbury.ac.nz/maonze/transcript?ag_id=928#ew_0_581289,0.12,120,4.787491743,,
4747,ia,g_938;em_12_91179;n_104953-n_104954;p_179;#=ew_69_218963;prefix=66194-;[0]=ew_0_585632,R001M,PresentElder,241.255,241.135,https://labbcat.canterbury.ac.nz/maonze/transcript?ag_id=938#ew_0_585632,0.12,120,4.787491743,,
4835,ia,g_971;em_12_92927;n_106303-n_106304;p_184;#=ew_69_223542;prefix=70546-;[0]=ew_0_602440,R004M,PresentElder,60.801,60.681,https://labbcat.canterbury.ac.nz/maonze/transcript?ag_id=971#ew_0_602440,0.12,120,4.787491743,,
5001,oa,g_1027;em_12_96306;n_17206-n_108697;p_190;#=ew_69_232938;prefix=79662-;[0]=ew_0_633670,R009M,PresentElder,206.287,206.167,https://labbcat.canterbury.ac.nz/maonze/transcript?ag_id=1027#ew_0_633670,0.12,120,4.787491743,,
5006,oa,g_1029;em_12_96383;n_108744-n_108745;p_190;#=ew_69_233617;prefix=79924-;[0]=ew_0_634710,R009M,PresentElder,124.244,124.124,https://labbcat.canterbury.ac.nz/maonze/transcript?ag_id=1029#ew_0_634710,0.12,120,4.787491743,,
5007,oa,g_1029;em_12_96385;n_108746-n_108747;p_190;#=ew_69_233636;prefix=79934-;[0]=ew_0_634747,R009M,PresentElder,139.641,139.521,https://labbcat.canterbury.ac.nz/maonze/transcript?ag_id=1029#ew_0_634747,0.12,120,4.787491743,,
5009,oa,g_1029;em_12_96399;n_108756-n_108757;p_190;#=ew_69_233762;prefix=79995-;[0]=ew_0_634951,R009M,PresentElder,216.356,216.236,https://labbcat.canterbury.ac.nz/maonze/transcript?ag_id=1029#ew_0_634951,0.12,120,4.787491743,,
5024,oa,g_1034;em_12_96605;n_108910-n_108911;p_190;#=ew_69_234296;prefix=80750-;[0]=ew_0_637940,R009M,PresentElder,179.829,179.709,https://labbcat.canterbury.ac.nz/maonze/transcript?ag_id=1034#ew_0_637940,0.12,120,4.787491743,,
5025,oa,g_1034;em_12_96607;n_108912-n_108913;p_190;#=ew_69_234345;prefix=80768-;[0]=ew_0_637981,R009M,PresentElder,198.104,197.984,https://labbcat.canterbury.ac.nz/maonze/transcript?ag_id=1034#ew_0_637981,0.12,120,4.787491743,,
5028,oa,g_1035;em_12_96640;n_108936-n_108937;p_190;#=ew_69_234611;prefix=80966-;[0]=ew_0_638592,R009M,PresentElder,142.119,141.999,https://labbcat.canterbury.ac.nz/maonze/transcript?ag_id=1035#ew_0_638592,0.12,120,4.787491743,,
5032,oa,g_1036;em_12_96673;n_17302-n_108964;p_193;#=ew_69_234943;prefix=81155-;[0]=ew_0_639072,R010M,PresentElder,89.673,89.553,https://labbcat.canterbury.ac.nz/maonze/transcript?ag_id=1036#ew_0_639072,0.12,120,4.787491743,,
5047,oa,g_1039;em_12_96951;n_109147-n_109148;p_193;#=ew_69_235649;prefix=81882-;[0]=ew_0_641691,R010M,PresentElder,188.957,188.837,https://labbcat.canterbury.ac.nz/maonze/transcript?ag_id=1039#ew_0_641691,0.12,120,4.787491743,,
5048,oa,g_104;em_12_7202;n_37043-n_37044;p_41;#=ew_69_164384;prefix=14224-;[0]=ew_0_71773,K007M,PresentElder,88.748,88.628,https://labbcat.canterbury.ac.nz/maonze/transcript?ag_id=104#ew_0_71773,0.12,120,4.787491743,,
5117,oa,g_1083;em_12_100218;n_18407-n_18408;p_208;#=ew_69_247068;prefix=92828-;[0]=ew_0_666162,WU07M,Historical,108.9,108.78,https://labbcat.canterbury.ac.nz/maonze/transcript?ag_id=1083#ew_0_666162,0.12,120,4.787491743,,
5122,oa,g_1085;em_12_100349;n_111452-n_111453;p_208;#=ew_69_246749;prefix=93120-;[0]=ew_0_667311,WU07M,Historical,169.741,169.621,https://labbcat.canterbury.ac.nz/maonze/transcript?ag_id=1085#ew_0_667311,0.12,120,4.787491743,,
5123,oa,g_1085;em_12_100354;n_111457-n_111458;p_208;#=ew_69_246769;prefix=93139-;[0]=ew_0_667378,WU07M,Historical,193.292,193.172,https://labbcat.canterbury.ac.nz/maonze/transcript?ag_id=1085#ew_0_667378,0.12,120,4.787491743,,
5125,oa,g_1086;em_12_100381;n_111482-n_111483;p_208;#=ew_69_247370;prefix=93179-;[0]=ew_0_667652,WU07M,Historical,48.865,48.745,https://labbcat.canterbury.ac.nz/maonze/transcript?ag_id=1086#ew_0_667652,0.12,120,4.787491743,,
5144,oa,g_1090;em_12_100624;n_111667-n_111668;p_208;#=ew_69_248061;prefix=93721-;[0]=ew_0_669883,WU07M,Historical,158.525,158.405,https://labbcat.canterbury.ac.nz/maonze/transcript?ag_id=1090#ew_0_669883,0.12,120,4.787491743,,
5147,oa,g_1091;em_12_100656;n_111696-n_18490;p_208;#=ew_69_247550;prefix=93785-;[0]=ew_0_670108,WU07M,Historical,81.284,81.164,https://labbcat.canterbury.ac.nz/maonze/transcript?ag_id=1091#ew_0_670108,0.12,120,4.787491743,,
5178,oa,g_1202;em_12_108911;n_117713-n_117714;p_244;#=ew_69_242987;prefix=89541-;[0]=ew_0_725674,WU04M,Historical,196.704,196.584,https://labbcat.canterbury.ac.nz/maonze/transcript?ag_id=1202#ew_0_725674,0.12,120,4.787491743,,
5197,oa,g_1210;em_12_109688;n_118467-n_118468;p_244;#=ew_69_244666;prefix=90614-;[0]=ew_0_730057,WU04M,Historical,125.914,125.794,https://labbcat.canterbury.ac.nz/maonze/transcript?ag_id=1210#ew_0_730057,0.12,120,4.787491743,,
5265,oa,g_1384;em_12_118909;n_124405-n_124406;p_262;#=ew_69_248268;prefix=94091-;[0]=ew_0_820625,WU08M,Historical,101.186,101.066,https://labbcat.canterbury.ac.nz/maonze/transcript?ag_id=1384#ew_0_820625,0.12,120,4.787491743,,
5274,oa,g_1389;em_12_119081;n_124558-n_124559;p_262;#=ew_69_249168;prefix=94716-;[0]=ew_0_822998,WU08M,Historical,103.421,103.301,https://labbcat.canterbury.ac.nz/maonze/transcript?ag_id=1389#ew_0_822998,0.12,120,4.787491743,,
5276,oa,g_139;em_12_9695;n_39166-n_39167;p_284;#=ew_69_210099;prefix=57965-;[0]=ew_0_93536,MU01M,Historical,191.141,191.021,https://labbcat.canterbury.ac.nz/maonze/transcript?ag_id=139#ew_0_93536,0.12,120,4.787491743,,
5280,oa,g_1391;em_12_151912;n_4711945-n_4711948;p_262;#=ew_69_249138;prefix=95029-;[0]=ew_0_1134940,WU08M,Historical,134.866,134.746,https://labbcat.canterbury.ac.nz/maonze/transcript?ag_id=1391#ew_0_1134940,0.12,120,4.787491743,,
5290,oa,g_1394;em_12_151897;n_4711952-n_4711955;p_262;#=ew_69_249778;prefix=95449-;[0]=ew_0_1134461,WU08M,Historical,225.124,225.004,https://labbcat.canterbury.ac.nz/maonze/transcript?ag_id=1394#ew_0_1134461,0.12,120,4.787491743,,
5360,oa,g_1527;em_12_126297;n_130311-n_6614901;p_287;#=ew_69_229273;prefix=75983-;[0]=ew_0_889751,R006M,PresentElder,274.415,274.295,https://labbcat.canterbury.ac.nz/maonze/transcript?ag_id=1527#ew_0_889751,0.12,120,4.787491743,,
5395,oa,g_1621;em_12_132032;n_134465-n_6993105;p_299;#=ew_69_191856;prefix=41027-;[0]=ew_0_935156,L2H01M,L2,200.1,199.98,https://labbcat.canterbury.ac.nz/maonze/transcript?ag_id=1621#ew_0_935156,0.12,120,4.787491743,,
5422,oa,g_1636;em_12_132905;n_135142-n_135143;p_288;#=ew_69_195258;prefix=44259-;[0]=ew_0_1275802,L2H03M,L2,111.09,110.97,https://labbcat.canterbury.ac.nz/maonze/transcript?ag_id=1636#ew_0_1275802,0.12,120,4.787491743,,
5446,oa,g_1651;em_12_133932;n_136015-n_136016;p_300;#=ew_69_193896;prefix=42803-;[0]=ew_0_947957,L2H02M,L2,91.254,91.134,https://labbcat.canterbury.ac.nz/maonze/transcript?ag_id=1651#ew_0_947957,0.12,120,4.787491743,,
5452,oa,g_1653;em_12_134122;n_136143-n_136144;p_300;#=ew_69_194686;prefix=43066-;[0]=ew_0_948974,L2H02M,L2,73.123,73.003,https://labbcat.canterbury.ac.nz/maonze/transcript?ag_id=1653#ew_0_948974,0.12,120,4.787491743,,
5453,oa,g_1653;em_12_134133;n_136150-n_136151;p_300;#=ew_69_194774;prefix=43083-;[0]=ew_0_949036,L2H02M,L2,104.68,104.56,https://labbcat.canterbury.ac.nz/maonze/transcript?ag_id=1653#ew_0_949036,0.12,120,4.787491743,,
5459,oa,g_1655;em_12_134289;n_136263-n_136264;p_300;#=ew_69_194363;prefix=43340-;[0]=ew_0_950052,L2H02M,L2,100.656,100.536,https://labbcat.canterbury.ac.nz/maonze/transcript?ag_id=1655#ew_0_950052,0.12,120,4.787491743,,
5485,oa,g_1666;em_12_163174;n_6398994-n_6399002;p_302;#=ew_69_197885;prefix=46344-;[0]=ew_0_1276591,L2H04M,L2,148.238,148.118,https://labbcat.canterbury.ac.nz/maonze/transcript?ag_id=1666#ew_0_1276591,0.12,120,4.787491743,,
5614,oa,g_1868;em_12_153982;n_5221708-n_5221718;p_334;#=ew_69_237180;prefix=83562-;[0]=ew_0_1157553,R011M,PresentElder,173.029,172.909,https://labbcat.canterbury.ac.nz/maonze/transcript?ag_id=1868#ew_0_1157553,0.12,120,4.787491743,,
5677,oa,g_19;em_12_1554;n_32174-n_32175;p_19;#=ew_69_152852;prefix=03001-;[0]=ew_0_13601,K002M,PresentElder,320.71,320.59,https://labbcat.canterbury.ac.nz/maonze/transcript?ag_id=19#ew_0_13601,0.12,120,4.787491743,,
5722,oa,g_1909;em_12_156812;n_5285658-n_5285670;p_333;#=ew_69_241071;prefix=86660-;[0]=ew_0_1192400,R012M,PresentElder,193.947,193.827,https://labbcat.canterbury.ac.nz/maonze/transcript?ag_id=1909#ew_0_1192400,0.12,120,4.787491743,,
5724,oa,g_1909;em_12_156825;n_5286112-n_5286142;p_333;#=ew_69_241248;prefix=86547-;[0]=ew_0_1192234,R012M,PresentElder,340.137,340.017,https://labbcat.canterbury.ac.nz/maonze/transcript?ag_id=1909#ew_0_1192234,0.12,120,4.787491743,,
5739,oa,g_1911;em_12_157001;n_5288195-n_5288219;p_333;#=ew_69_240770;prefix=87058-;[0]=ew_0_1193927,R012M,PresentElder,297.86,297.74,https://labbcat.canterbury.ac.nz/maonze/transcript?ag_id=1911#ew_0_1193927,0.12,120,4.787491743,,
5744,oa,g_1913;em_12_157111;n_5290269-n_5290289;p_333;#=ew_69_240319;prefix=87366-;[0]=ew_0_1195924,R012M,PresentElder,264.996,264.876,https://labbcat.canterbury.ac.nz/maonze/transcript?ag_id=1913#ew_0_1195924,0.12,120,4.787491743,,
5775,oa,g_1943;em_12_165682;n_6846211-n_6846223;p_19;#=ew_69_152022;prefix=02666-;[0]=ew_0_1295552,K002M,PresentElder,174.309,174.189,https://labbcat.canterbury.ac.nz/maonze/transcript?ag_id=1943#ew_0_1295552,0.12,120,4.787491743,,
5780,oa,g_1944;em_12_165754;n_6847575-n_6847585;p_28;#=ew_69_150377;prefix=01256-;[0]=ew_0_1296489,K001M,PresentElder,301.682,301.562,https://labbcat.canterbury.ac.nz/maonze/transcript?ag_id=1944#ew_0_1296489,0.12,120,4.787491743,,
5789,oa,g_1947;em_12_166018;n_6850491-n_6850507;p_121;#=ew_69_168684;prefix=18415-;[0]=ew_0_1298998,K009M,PresentElder,136.311,136.191,https://labbcat.canterbury.ac.nz/maonze/transcript?ag_id=1947#ew_0_1298998,0.12,120,4.787491743,,
5849,oa,g_316;em_12_30776;n_55415-n_55416;p_89;#=ew_69_187554;prefix=36615-;[0]=ew_0_212360,L1Y04M,L1,273.546,273.426,https://labbcat.canterbury.ac.nz/maonze/transcript?ag_id=316#ew_0_212360,0.12,120,4.787491743,,
5861,oa,g_318;em_12_161531;n_6130265-n_3956190;p_89;#=ew_69_188043;prefix=36937-;[0]=ew_0_1254859,L1Y04M,L1,264.264,264.144,https://labbcat.canterbury.ac.nz/maonze/transcript?ag_id=318#ew_0_1254859,0.12,120,4.787491743,,
5865,oa,g_318;em_12_31027;n_55650-n_55651;p_89;#=ew_69_187839;prefix=36833-;[0]=ew_0_213306,L1Y04M,L1,88.037,87.917,https://labbcat.canterbury.ac.nz/maonze/transcript?ag_id=318#ew_0_213306,0.12,120,4.787491743,,
5882,oa,g_321;em_12_31671;n_56246-n_56248;p_89;#=ew_69_188164;prefix=37348-;[0]=ew_0_215342,L1Y04M,L1,199.21,199.09,https://labbcat.canterbury.ac.nz/maonze/transcript?ag_id=321#ew_0_215342,0.12,120,4.787491743,,
5943,oa,g_366;em_12_35467;n_59303-n_59304;p_92;#=ew_69_212371;prefix=60204-;[0]=ew_0_1124205,MU04M,Historical,222.019,221.899,https://labbcat.canterbury.ac.nz/maonze/transcript?ag_id=366#ew_0_1124205,0.12,120,4.787491743,,
6003,oa,g_380;em_12_38094;n_61896-n_61898;p_94;#=ew_69_214496;prefix=62100-;[0]=ew_0_245438,MU05M,Historical,225.547,225.427,https://labbcat.canterbury.ac.nz/maonze/transcript?ag_id=380#ew_0_245438,0.12,120,4.787491743,,
6044,oa,g_451;em_12_46650;n_69114-n_7628;p_110;#=ew_69_156335;prefix=07005-;[0]=ew_0_291802,K003M,PresentElder,81.578,81.458,https://labbcat.canterbury.ac.nz/maonze/transcript?ag_id=451#ew_0_291802,0.12,120,4.787491743,,
6080,oa,g_477;em_12_49154;n_71072-n_71073;p_121;#=ew_69_167507;prefix=17687-;[0]=ew_0_306870,K009M,PresentElder,129.985,129.865,https://labbcat.canterbury.ac.nz/maonze/transcript?ag_id=477#ew_0_306870,0.12,120,4.787491743,,
6130,oa,g_500;em_12_150343;n_4464894-n_73159;p_97;#=ew_69_215520;prefix=63076-;[0]=ew_0_320925,MU07M,Historical,88.477,88.357,https://labbcat.canterbury.ac.nz/maonze/transcript?ag_id=500#ew_0_320925,0.12,120,4.787491743,,
6144,oa,g_52;em_12_3756;n_34089-n_34090;p_32;#=ew_69_158100;prefix=08185-;[0]=ew_0_34757,K004M,PresentElder,251.687,251.567,https://labbcat.canterbury.ac.nz/maonze/transcript?ag_id=52#ew_0_34757,0.12,120,4.787491743,,
6153,oa,g_57;em_12_162073;n_6216372-n_6216373;p_32;#=ew_69_158920;prefix=09358-;[0]=ew_0_1261316,K004M,PresentElder,162.847,162.727,https://labbcat.canterbury.ac.nz/maonze/transcript?ag_id=57#ew_0_1261316,0.12,120,4.787491743,,
6176,oa,g_60;em_12_158407;n_5387978-n_5387984;p_32;#=ew_69_159121;prefix=09823-;[0]=ew_0_1209335,K004M,PresentElder,68.619,68.499,https://labbcat.canterbury.ac.nz/maonze/transcript?ag_id=60#ew_0_1209335,0.12,120,4.787491743,,
6185,oa,g_603;em_12_64265;n_83859-n_83860;p_140;#=ew_69_190716;prefix=39400-;[0]=ew_0_384691,L1Y05M,L1,136.405,136.285,https://labbcat.canterbury.ac.nz/maonze/transcript?ag_id=603#ew_0_384691,0.12,120,4.787491743,,
6214,oa,g_613;em_12_64811;n_84376-n_84377;p_142;#=ew_69_181698;prefix=31354-;[0]=ew_0_390260,L1Y01M,L1,44.969,44.849,https://labbcat.canterbury.ac.nz/maonze/transcript?ag_id=613#ew_0_390260,0.12,120,4.787491743,,
6220,oa,g_617;em_12_65012;n_84571-n_84572;p_142;#=ew_69_182932;prefix=31867-;[0]=ew_0_392360,L1Y01M,L1,115.182,115.062,https://labbcat.canterbury.ac.nz/maonze/transcript?ag_id=617#ew_0_392360,0.12,120,4.787491743,,
6234,oa,g_623;em_12_65234;n_84777-n_84778;p_142;#=ew_69_183523;prefix=32471-;[0]=ew_0_395100,L1Y01M,L1,75.869,75.749,https://labbcat.canterbury.ac.nz/maonze/transcript?ag_id=623#ew_0_395100,0.12,120,4.787491743,,
6240,oa,g_626;em_12_170738;n_6981784-n_6981785;p_142;#=ew_69_183794;prefix=32948-;[0]=ew_0_1334570,L1Y01M,L1,135.693,135.573,https://labbcat.canterbury.ac.nz/maonze/transcript?ag_id=626#ew_0_1334570,0.12,120,4.787491743,,
6242,oa,g_626;em_12_65341;n_84860-n_84861;p_142;#=ew_69_183670;prefix=32876-;[0]=ew_0_396406,L1Y01M,L1,44.591,44.471,https://labbcat.canterbury.ac.nz/maonze/transcript?ag_id=626#ew_0_396406,0.12,120,4.787491743,,
6269,oa,g_633;em_12_66230;n_85679-n_85680;p_143;#=ew_69_202756;prefix=51722-;[0]=ew_0_402543,L2Y02M,L2,49.966,49.846,https://labbcat.canterbury.ac.nz/maonze/transcript?ag_id=633#ew_0_402543,0.12,120,4.787491743,,
6298,oa,g_642;em_12_67024;n_86266-n_86267;p_145;#=ew_69_201294;prefix=50133-;[0]=ew_0_409858,L2Y01M,L2,295.724,295.604,https://labbcat.canterbury.ac.nz/maonze/transcript?ag_id=642#ew_0_409858,0.12,120,4.787491743,,
6321,oa,g_663;em_12_70417;n_89213-n_89214;p_148;#=ew_69_207591;prefix=55204-;[0]=ew_0_420714,L2Y05M,L2,226.203,226.083,https://labbcat.canterbury.ac.nz/maonze/transcript?ag_id=663#ew_0_420714,0.12,120,4.787491743,,
6332,oa,g_668;em_12_70587;n_89376-n_89377;p_148;#=ew_69_208191;prefix=56081-;[0]=ew_0_423613,L2Y05M,L2,88.33,88.21,https://labbcat.canterbury.ac.nz/maonze/transcript?ag_id=668#ew_0_423613,0.12,120,4.787491743,,
6378,oa,g_855;em_12_85871;n_100866-n_100867;p_167;#=ew_69_172041;prefix=21665-;[0]=ew_0_544360,L1H01M,L1,86.619,86.499,https://labbcat.canterbury.ac.nz/maonze/transcript?ag_id=855#ew_0_544360,0.12,120,4.787491743,,
6379,oa,g_855;em_12_85898;n_100891-n_100892;p_167;#=ew_69_172137;prefix=21728-;[0]=ew_0_544569,L1H01M,L1,174.37,174.25,https://labbcat.canterbury.ac.nz/maonze/transcript?ag_id=855#ew_0_544569,0.12,120,4.787491743,,
6384,oa,g_858;em_12_86127;n_101104-n_101105;p_167;#=ew_69_172288;prefix=22218-;[0]=ew_0_546273,L1H01M,L1,185,184.88,https://labbcat.canterbury.ac.nz/maonze/transcript?ag_id=858#ew_0_546273,0.12,120,4.787491743,,
6464,oa,g_891;em_12_88308;n_102586-n_102587;p_174;#=ew_69_178902;prefix=28832-;[0]=ew_0_561602,L1H05M,L1,71.397,71.277,https://labbcat.canterbury.ac.nz/maonze/transcript?ag_id=891#ew_0_561602,0.12,120,4.787491743,,
6490,oa,g_902;em_12_159816;n_5747474-n_5747482;p_173;#=ew_69_177561;prefix=27052-;[0]=ew_0_1223475,L1H04M,L1,240.019,239.899,https://labbcat.canterbury.ac.nz/maonze/transcript?ag_id=902#ew_0_1223475,0.12,120,4.787491743,,
6496,oa,g_904;em_12_89008;n_103170-n_103171;p_174;#=ew_69_178425;prefix=27567-;[0]=ew_0_568906,L1H05M,L1,219.314,219.194,https://labbcat.canterbury.ac.nz/maonze/transcript?ag_id=904#ew_0_568906,0.12,120,4.787491743,,
6499,oa,g_905;em_12_89060;n_103213-n_103214;p_173;#=ew_69_177320;prefix=26816-;[0]=ew_0_569435,L1H04M,L1,223.905,223.785,https://labbcat.canterbury.ac.nz/maonze/transcript?ag_id=905#ew_0_569435,0.12,120,4.787491743,,
6514,oa,g_925;em_12_90170;n_103991-n_103992;p_179;#=ew_69_217143;prefix=64393-;[0]=ew_0_579382,R001M,PresentElder,212.815,212.695,https://labbcat.canterbury.ac.nz/maonze/transcript?ag_id=925#ew_0_579382,0.12,120,4.787491743,,
6521,oa,g_927;em_12_90302;n_104121-n_104122;p_179;#=ew_69_217179;prefix=64663-;[0]=ew_0_580255,R001M,PresentElder,53.624,53.504,https://labbcat.canterbury.ac.nz/maonze/transcript?ag_id=927#ew_0_580255,0.12,120,4.787491743,,
6560,oa,g_942;em_12_91440;n_15902-n_105143;p_179;#=ew_69_219389;prefix=66733-;[0]=ew_0_587583,R001M,PresentElder,52.127,52.007,https://labbcat.canterbury.ac.nz/maonze/transcript?ag_id=942#ew_0_587583,0.12,120,4.787491743,,
6679,ua,g_10;em_12_735;n_31382-n_31383;p_28;#=ew_69_150015;prefix=00599-;[0]=ew_0_1230817,K001M,PresentElder,199.951,199.831,https://labbcat.canterbury.ac.nz/maonze/transcript?ag_id=10#ew_0_1230817,0.12,120,4.787491743,,
6704,ua,g_1009;em_12_95330;n_108265-n_108266;p_188;#=ew_69_229655;prefix=76250-;[0]=ew_0_624333,R007M,PresentElder,75.007,74.887,https://labbcat.canterbury.ac.nz/maonze/transcript?ag_id=1009#ew_0_624333,0.12,120,4.787491743,,
6710,ua,g_1009;em_12_95363;n_108286-n_108287;p_188;#=ew_69_229866;prefix=76348-;[0]=ew_0_624619,R007M,PresentElder,223.038,222.918,https://labbcat.canterbury.ac.nz/maonze/transcript?ag_id=1009#ew_0_624619,0.12,120,4.787491743,,
6711,ua,g_101;em_12_162910;n_6285584-n_6285633;p_41;#=ew_69_163109;prefix=13636-;[0]=ew_0_1272095,K007M,PresentElder,240.502,240.382,https://labbcat.canterbury.ac.nz/maonze/transcript?ag_id=101#ew_0_1272095,0.12,120,4.787491743,,
6762,ua,g_1018;em_12_163642;n_6670243-n_6670249;p_188;#=ew_69_230416;prefix=77207-;[0]=ew_0_1281705,R007M,PresentElder,41.036,40.916,https://labbcat.canterbury.ac.nz/maonze/transcript?ag_id=1018#ew_0_1281705,0.12,120,4.787491743,,
6800,ua,g_1024;em_12_96139;n_108590-n_108591;p_190;#=ew_69_232989;prefix=79054-;[0]=ew_0_631123,R009M,PresentElder,37.905,37.785,https://labbcat.canterbury.ac.nz/maonze/transcript?ag_id=1024#ew_0_631123,0.12,120,4.787491743,,
6894,ua,g_1036;em_12_96685;n_108973-n_108974;p_193;#=ew_69_235048;prefix=81195-;[0]=ew_0_639216,R010M,PresentElder,147.46,147.34,https://labbcat.canterbury.ac.nz/maonze/transcript?ag_id=1036#ew_0_639216,0.12,120,4.787491743,,
6911,ua,g_1038;em_12_96838;n_109074-n_109075;p_193;#=ew_69_235263;prefix=81601-;[0]=ew_0_640739,R010M,PresentElder,144.315,144.195,https://labbcat.canterbury.ac.nz/maonze/transcript?ag_id=1038#ew_0_640739,0.12,120,4.787491743,,
6919,ua,g_1039;em_12_96945;n_109141-n_109142;p_193;#=ew_69_235629;prefix=81862-;[0]=ew_0_641640,R010M,PresentElder,170.788,170.668,https://labbcat.canterbury.ac.nz/maonze/transcript?ag_id=1039#ew_0_641640,0.12,120,4.787491743,,
6957,ua,g_1044;em_12_171471;n_7053686-n_7053687;p_193;#=ew_69_236160;prefix=82507-;[0]=ew_0_1344906,R010M,PresentElder,138.007,137.887,https://labbcat.canterbury.ac.nz/maonze/transcript?ag_id=1044#ew_0_1344906,0.12,120,4.787491743,,
6978,ua,g_1046;em_12_97472;n_109400-n_109401;p_193;#=ew_69_235851;prefix=82727-;[0]=ew_0_646350,R010M,PresentElder,69.855,69.735,https://labbcat.canterbury.ac.nz/maonze/transcript?ag_id=1046#ew_0_646350,0.12,120,4.787491743,,
6984,ua,g_1048;em_12_97567;n_109476-n_109477;p_193;#=ew_69_236727;prefix=83025-;[0]=ew_0_647330,R010M,PresentElder,106.983,106.863,https://labbcat.canterbury.ac.nz/maonze/transcript?ag_id=1048#ew_0_647330,0.12,120,4.787491743,,
6985,ua,g_1048;em_12_97588;n_109486-n_109487;p_193;#=ew_69_236801;prefix=83068-;[0]=ew_0_647594,R010M,PresentElder,193.874,193.754,https://labbcat.canterbury.ac.nz/maonze/transcript?ag_id=1048#ew_0_647594,0.12,120,4.787491743,,
7001,ua,g_1051;em_12_97729;n_109557-n_109558;p_203;#=ew_69_241716;prefix=87787-;[0]=ew_0_648921,WU02M,Historical,99.432,99.312,https://labbcat.canterbury.ac.nz/maonze/transcript?ag_id=1051#ew_0_648921,0.12,120,4.787491743,,
7112,ua,g_1081;em_12_100116;n_111256-n_111257;p_208;#=ew_69_247287;prefix=92554-;[0]=ew_0_665189,WU07M,Historical,236.673,236.553,https://labbcat.canterbury.ac.nz/maonze/transcript?ag_id=1081#ew_0_665189,0.12,120,4.787491743,,
7114,ua,g_1082;em_12_100137;n_111275-n_111276;p_208;#=ew_69_246967;prefix=92629-;[0]=ew_0_665419,WU07M,Historical,71.697,71.577,https://labbcat.canterbury.ac.nz/maonze/transcript?ag_id=1082#ew_0_665419,0.12,120,4.787491743,,
7124,ua,g_1082;em_12_100162;n_111294-n_111295;p_208;#=ew_69_247189;prefix=92702-;[0]=ew_0_665673,WU07M,Historical,159.133,159.013,https://labbcat.canterbury.ac.nz/maonze/transcript?ag_id=1082#ew_0_665673,0.12,120,4.787491743,,
7128,ua,g_1082;em_12_100178;n_111310-n_111311;p_208;#=ew_69_247335;prefix=92748-;[0]=ew_0_665851,WU07M,Historical,232.737,232.617,https://labbcat.canterbury.ac.nz/maonze/transcript?ag_id=1082#ew_0_665851,0.12,120,4.787491743,,
7139,ua,g_1083;em_12_100239;n_111359-n_111360;p_208;#=ew_69_247209;prefix=92877-;[0]=ew_0_666378,WU07M,Historical,202.71,202.59,https://labbcat.canterbury.ac.nz/maonze/transcript?ag_id=1083#ew_0_666378,0.12,120,4.787491743,,
7191,ua,g_109;em_12_7525;n_37304-n_37305;p_41;#=ew_69_165249;prefix=15268-;[0]=ew_0_75545,K007M,PresentElder,159.094,158.974,https://labbcat.canterbury.ac.nz/maonze/transcript?ag_id=109#ew_0_75545,0.12,120,4.787491743,,
7207,ua,g_11;em_12_820;n_31466-n_31467;p_28;#=ew_69_149321;prefix=00354-;[0]=ew_0_7343,K001M,PresentElder,166.567,166.447,https://labbcat.canterbury.ac.nz/maonze/transcript?ag_id=11#ew_0_7343,0.12,120,4.787491743,,
7211,ua,g_11;em_12_862;n_31508-n_31509;p_28;#=ew_69_149411;prefix=00440-;[0]=ew_0_1230834,K001M,PresentElder,309.01,308.89,https://labbcat.canterbury.ac.nz/maonze/transcript?ag_id=11#ew_0_1230834,0.12,120,4.787491743,,
7214,ua,g_1130;em_12_105039;n_114589-n_114590;p_287;#=ew_69_227395;prefix=74379-;[0]=ew_0_691888,R006M,PresentElder,112.176,112.056,https://labbcat.canterbury.ac.nz/maonze/transcript?ag_id=1130#ew_0_691888,0.12,120,4.787491743,,
7227,ua,g_115;em_12_8298;n_37857-n_37858;p_43;#=ew_69_211325;prefix=59480-;[0]=ew_0_80385,MU02M,Historical,318.062,317.942,https://labbcat.canterbury.ac.nz/maonze/transcript?ag_id=115#ew_0_80385,0.12,120,4.787491743,,
7240,ua,g_116;em_12_8416;n_37974-n_37975;p_43;#=ew_69_212114;prefix=59194-;[0]=ew_0_81542,MU02M,Historical,404.779,404.659,https://labbcat.canterbury.ac.nz/maonze/transcript?ag_id=116#ew_0_81542,0.12,120,4.787491743,,
7276,ua,g_117;em_12_8545;n_38102-n_38103;p_43;#=ew_69_211743;prefix=58848-;[0]=ew_0_83009,MU02M,Historical,330.382,330.262,https://labbcat.canterbury.ac.nz/maonze/transcript?ag_id=117#ew_0_83009,0.12,120,4.787491743,,
7287,ua,g_12;em_12_933;n_31569-n_31570;p_28;#=ew_69_149564;prefix=00144-;[0]=ew_0_8247,K001M,PresentElder,211.859,211.739,https://labbcat.canterbury.ac.nz/maonze/transcript?ag_id=12#ew_0_8247,0.12,120,4.787491743,,
7295,ua,g_1200;em_12_108701;n_117505-n_117506;p_244;#=ew_69_243259;prefix=89195-;[0]=ew_0_724611,WU04M,Historical,244.012,243.892,https://labbcat.canterbury.ac.nz/maonze/transcript?ag_id=1200#ew_0_724611,0.12,120,4.787491743,,
7352,ua,g_1233;em_12_160017;n_5824584-n_5824598;p_249;#=ew_69_180771;prefix=29780-;[0]=ew_0_1226429,L1H06M,L1,119.197,119.077,https://labbcat.canterbury.ac.nz/maonze/transcript?ag_id=1233#ew_0_1226429,0.12,120,4.787491743,,
7410,ua,g_130;em_12_8835;n_38316-n_38317;p_284;#=ew_69_209584;prefix=58030-;[0]=ew_0_85348,MU01M,Historical,124.325,124.205,https://labbcat.canterbury.ac.nz/maonze/transcript?ag_id=130#ew_0_85348,0.12,120,4.787491743,,
7413,ua,g_130;em_12_8851;n_38332-n_38333;p_284;#=ew_69_209777;prefix=58079-;[0]=ew_0_85576,MU01M,Historical,230.401,230.281,https://labbcat.canterbury.ac.nz/maonze/transcript?ag_id=130#ew_0_85576,0.12,120,4.787491743,,
7417,ua,g_131;em_12_8900;n_38380-n_38381;p_284;#=ew_69_209089;prefix=56859-;[0]=ew_0_86021,MU01M,Historical,175.425,175.305,https://labbcat.canterbury.ac.nz/maonze/transcript?ag_id=131#ew_0_86021,0.12,120,4.787491743,,
7426,ua,g_133;em_12_9003;n_38481-n_38482;p_284;#=ew_69_209428;prefix=57091-;[0]=ew_0_1340965,MU01M,Historical,151.949,151.829,https://labbcat.canterbury.ac.nz/maonze/transcript?ag_id=133#ew_0_1340965,0.12,120,4.787491743,,
7428,ua,g_133;em_12_9024;n_38502-n_38503;p_284;#=ew_69_209599;prefix=57147-;[0]=ew_0_87254,MU01M,Historical,263.855,263.735,https://labbcat.canterbury.ac.nz/maonze/transcript?ag_id=133#ew_0_87254,0.12,120,4.787491743,,
7436,ua,g_134;em_12_9152;n_38629-n_38630;p_284;#=ew_69_209697;prefix=57451-;[0]=ew_0_88458,MU01M,Historical,395.509,395.389,https://labbcat.canterbury.ac.nz/maonze/transcript?ag_id=134#ew_0_88458,0.12,120,4.787491743,,
7528,ua,g_1390;em_12_119133;n_124609-n_124610;p_262;#=ew_69_249580;prefix=94950-;[0]=ew_0_823822,WU08M,Historical,224.187,224.067,https://labbcat.canterbury.ac.nz/maonze/transcript?ag_id=1390#ew_0_823822,0.12,120,4.787491743,,
7537,ua,g_1393;em_12_119230;n_124696-n_7086108;p_262;#=ew_69_249652;prefix=95329-;[0]=ew_0_825277,WU08M,Historical,224.018,223.898,https://labbcat.canterbury.ac.nz/maonze/transcript?ag_id=1393#ew_0_825277,0.12,120,4.787491743,,
7555,ua,g_14;em_12_1084;n_31718-n_31719;p_19;#=ew_69_151702;prefix=03099-;[0]=ew_0_9380,K002M,PresentElder,40.825,40.705,https://labbcat.canterbury.ac.nz/maonze/transcript?ag_id=14#ew_0_9380,0.12,120,4.787491743,,
7557,ua,g_14;em_12_1138;n_31772-n_31773;p_19;#=ew_69_151949;prefix=03236-;[0]=ew_0_9832,K002M,PresentElder,277.545,277.425,https://labbcat.canterbury.ac.nz/maonze/transcript?ag_id=14#ew_0_9832,0.12,120,4.787491743,,
7580,ua,g_1513;em_12_125612;n_25203-n_25204;p_276;#=ew_69_242025;prefix=88352-;[0]=ew_0_881828,WU03M,Historical,209.165,209.045,https://labbcat.canterbury.ac.nz/maonze/transcript?ag_id=1513#ew_0_881828,0.12,120,4.787491743,,
7584,ua,g_1514;em_12_125635;n_129757-n_7076319;p_276;#=ew_69_241955;prefix=88234-;[0]=ew_0_882021,WU03M,Historical,77.915,77.795,https://labbcat.canterbury.ac.nz/maonze/transcript?ag_id=1514#ew_0_882021,0.12,120,4.787491743,,
7593,ua,g_1517;em_12_125799;n_129878-n_129879;p_276;#=ew_69_242226;prefix=88020-;[0]=ew_0_883522,WU03M,Historical,182.84,182.72,https://labbcat.canterbury.ac.nz/maonze/transcript?ag_id=1517#ew_0_883522,0.12,120,4.787491743,,
7606,ua,g_1520;em_12_125969;n_130014-n_130015;p_284;#=ew_69_210797;prefix=58351-;[0]=ew_0_885154,MU01M,Historical,175.296,175.176,https://labbcat.canterbury.ac.nz/maonze/transcript?ag_id=1520#ew_0_885154,0.12,120,4.787491743,,
7638,ua,g_1526;em_12_126228;n_130245-n_6614110;p_287;#=ew_69_228904;prefix=75648-;[0]=ew_0_888587,R006M,PresentElder,66.592,66.472,https://labbcat.canterbury.ac.nz/maonze/transcript?ag_id=1526#ew_0_888587,0.12,120,4.787491743,,
7639,ua,g_1526;em_12_126233;n_130250-n_130251;p_287;#=ew_69_228947;prefix=75672-;[0]=ew_0_888668,R006M,PresentElder,110.257,110.137,https://labbcat.canterbury.ac.nz/maonze/transcript?ag_id=1526#ew_0_888668,0.12,120,4.787491743,,
7674,ua,g_1531;em_12_126445;n_25357-n_25358;p_200;#=ew_69_216175;prefix=63473-;[0]=ew_0_891316,MU08M,Historical,130.788,130.668,https://labbcat.canterbury.ac.nz/maonze/transcript?ag_id=1531#ew_0_891316,0.12,120,4.787491743,,
7680,ua,g_1533;em_12_126544;n_130463-n_25404;p_200;#=ew_69_216076;prefix=63521-;[0]=ew_0_892231,MU08M,Historical,65.418,65.298,https://labbcat.canterbury.ac.nz/maonze/transcript?ag_id=1533#ew_0_892231,0.12,120,4.787491743,,
7683,ua,g_1533;em_12_126575;n_130484-n_7026212;p_200;#=ew_69_216091;prefix=63536-;[0]=ew_0_892559,MU08M,Historical,189.792,189.672,https://labbcat.canterbury.ac.nz/maonze/transcript?ag_id=1533#ew_0_892559,0.12,120,4.787491743,,
7690,ua,g_1536;em_12_126753;n_130539-n_25536;p_200;#=ew_69_216282;prefix=63605-;[0]=ew_0_894265,MU08M,Historical,103.491,103.371,https://labbcat.canterbury.ac.nz/maonze/transcript?ag_id=1536#ew_0_894265,0.12,120,4.787491743,,
7709,ua,g_1546;em_12_127280;n_25785-n_130815;p_291;#=ew_69_216514;prefix=63956-;[0]=ew_0_899181,MU09M,Historical,106.399,106.279,https://labbcat.canterbury.ac.nz/maonze/transcript?ag_id=1546#ew_0_899181,0.12,120,4.787491743,,
7723,ua,g_16;em_12_1287;n_31914-n_31915;p_19;#=ew_69_152349;prefix=02346-;[0]=ew_0_11267,K002M,PresentElder,302.949,302.829,https://labbcat.canterbury.ac.nz/maonze/transcript?ag_id=16#ew_0_11267,0.12,120,4.787491743,,
7741,ua,g_1619;em_12_131879;n_134345-n_134346;p_299;#=ew_69_192028;prefix=40797-;[0]=ew_0_934039,L2H01M,L2,200.088,199.968,https://labbcat.canterbury.ac.nz/maonze/transcript?ag_id=1619#ew_0_934039,0.12,120,4.787491743,,
7744,ua,g_1620;em_12_131913;n_134373-n_134374;p_299;#=ew_69_191750;prefix=40862-;[0]=ew_0_934351,L2H01M,L2,71.748,71.628,https://labbcat.canterbury.ac.nz/maonze/transcript?ag_id=1620#ew_0_934351,0.12,120,4.787491743,,
7760,ua,g_1622;em_12_170968;n_6993120-n_6993121;p_299;#=ew_69_191875;prefix=41152-;[0]=ew_0_1337820,L2H01M,L2,262.181,262.061,https://labbcat.canterbury.ac.nz/maonze/transcript?ag_id=1622#ew_0_1337820,0.12,120,4.787491743,,
7815,ua,g_1635;em_12_132832;n_135073-n_135074;p_288;#=ew_69_195518;prefix=44116-;[0]=ew_0_940465,L2H03M,L2,93.729,93.609,https://labbcat.canterbury.ac.nz/maonze/transcript?ag_id=1635#ew_0_940465,0.12,120,4.787491743,,
7882,ua,g_1646;em_12_163130;n_6345485-n_6345495;p_300;#=ew_69_194228;prefix=42180-;[0]=ew_0_1275349,L2H02M,L2,267.016,266.896,https://labbcat.canterbury.ac.nz/maonze/transcript?ag_id=1646#ew_0_1275349,0.12,120,4.787491743,,
7891,ua,g_1648;em_12_133651;n_135811-n_135812;p_300;#=ew_69_193507;prefix=42343-;[0]=ew_0_946207,L2H02M,L2,57.468,57.348,https://labbcat.canterbury.ac.nz/maonze/transcript?ag_id=1648#ew_0_946207,0.12,120,4.787491743,,
7894,ua,g_1648;em_12_133682;n_27123-n_135835;p_300;#=ew_69_193625;prefix=42399-;[0]=ew_0_946421,L2H02M,L2,143.155,143.035,https://labbcat.canterbury.ac.nz/maonze/transcript?ag_id=1648#ew_0_946421,0.12,120,4.787491743,,
7901,ua,g_1649;em_12_133759;n_135886-n_135887;p_300;#=ew_69_193545;prefix=42524-;[0]=ew_0_946924,L2H02M,L2,99.787,99.667,https://labbcat.canterbury.ac.nz/maonze/transcript?ag_id=1649#ew_0_946924,0.12,120,4.787491743,,
7914,ua,g_1650;em_12_133828;n_135935-n_135936;p_300;#=ew_69_193994;prefix=42655-;[0]=ew_0_947370,L2H02M,L2,64.214,64.094,https://labbcat.canterbury.ac.nz/maonze/transcript?ag_id=1650#ew_0_947370,0.12,120,4.787491743,,
7947,ua,g_1658;em_12_134489;n_136398-n_136399;p_300;#=ew_69_195118;prefix=43685-;[0]=ew_0_951608,L2H02M,L2,140.726,140.606,https://labbcat.canterbury.ac.nz/maonze/transcript?ag_id=1658#ew_0_951608,0.12,120,4.787491743,,
7959,ua,g_1660;em_12_134572;n_136444-n_136445;p_302;#=ew_69_197003;prefix=45508-;[0]=ew_0_952357,L2H04M,L2,160.68,160.56,https://labbcat.canterbury.ac.nz/maonze/transcript?ag_id=1660#ew_0_952357,0.12,120,4.787491743,,
7963,ua,g_1661;em_12_134607;n_136469-n_136470;p_302;#=ew_69_197587;prefix=45642-;[0]=ew_0_952866,L2H04M,L2,196.096,195.976,https://labbcat.canterbury.ac.nz/maonze/transcript?ag_id=1661#ew_0_952866,0.12,120,4.787491743,,
7968,ua,g_1661;em_12_163179;n_6399773-n_6399777;p_302;#=ew_69_197599;prefix=45652-;[0]=ew_0_1276968,L2H04M,L2,207.606,207.486,https://labbcat.canterbury.ac.nz/maonze/transcript?ag_id=1661#ew_0_1276968,0.12,120,4.787491743,,
8070,ua,g_1681;em_12_135644;n_137292-n_27628;p_307;#=ew_69_199016;prefix=47848-;[0]=ew_0_962752,L2H05M,L2,166.383,166.263,https://labbcat.canterbury.ac.nz/maonze/transcript?ag_id=1681#ew_0_962752,0.12,120,4.787491743,,
8092,ua,g_17;em_12_1342;n_31968-n_31969;p_19;#=ew_69_151592;prefix=02464-;[0]=ew_0_1232842,K002M,PresentElder,180.766,180.646,https://labbcat.canterbury.ac.nz/maonze/transcript?ag_id=17#ew_0_1232842,0.12,120,4.787491743,,
8093,ua,g_17;em_12_1372;n_31998-n_31999;p_19;#=ew_69_151660;prefix=02530-;[0]=ew_0_12027,K002M,PresentElder,302.963,302.843,https://labbcat.canterbury.ac.nz/maonze/transcript?ag_id=17#ew_0_12027,0.12,120,4.787491743,,
8122,ua,g_1749;em_12_139841;n_140527-n_140528;p_318;#=ew_69_231339;prefix=77939-;[0]=ew_0_1002621,R008M,PresentElder,165.846,165.726,https://labbcat.canterbury.ac.nz/maonze/transcript?ag_id=1749#ew_0_1002621,0.12,120,4.787491743,,
8163,ua,g_1839;em_12_148935;n_3846895-n_3846908;p_49;#=ew_69_204179;prefix=52273-;[0]=ew_0_1100272,L2Y03M,L2,273.516,273.396,https://labbcat.canterbury.ac.nz/maonze/transcript?ag_id=1839#ew_0_1100272,0.12,120,4.787491743,,
8166,ua,g_1840;em_12_148978;n_3847430-n_3847442;p_49;#=ew_69_204588;prefix=52382-;[0]=ew_0_1100722,L2Y03M,L2,172.411,172.291,https://labbcat.canterbury.ac.nz/maonze/transcript?ag_id=1840#ew_0_1100722,0.12,120,4.787491743,,
8186,ua,g_1845;em_12_149301;n_3851703-n_3851718;p_49;#=ew_69_205002;prefix=53056-;[0]=ew_0_1104342,L2Y03M,L2,140.75,140.63,https://labbcat.canterbury.ac.nz/maonze/transcript?ag_id=1845#ew_0_1104342,0.12,120,4.787491743,,
8198,ua,g_1846;em_12_149368;n_3852666-n_3852675;p_49;#=ew_69_205176;prefix=53215-;[0]=ew_0_1105169,L2Y03M,L2,115.397,115.277,https://labbcat.canterbury.ac.nz/maonze/transcript?ag_id=1846#ew_0_1105169,0.12,120,4.787491743,,
8200,ua,g_1846;em_12_149382;n_3852849-n_3852865;p_49;#=ew_69_205212;prefix=53250-;[0]=ew_0_1105331,L2Y03M,L2,193.013,192.893,https://labbcat.canterbury.ac.nz/maonze/transcript?ag_id=1846#ew_0_1105331,0.12,120,4.787491743,,
8207,ua,g_1848;em_12_149467;n_3853987-n_3854002;p_49;#=ew_69_205450;prefix=53419-;[0]=ew_0_1106293,L2Y03M,L2,88.943,88.823,https://labbcat.canterbury.ac.nz/maonze/transcript?ag_id=1848#ew_0_1106293,0.12,120,4.787491743,,
8264,ua,g_1893;em_12_155667;n_5268973-n_5268989;p_334;#=ew_69_237931;prefix=84158-;[0]=ew_0_1178980,R011M,PresentElder,289.889,289.769,https://labbcat.canterbury.ac.nz/maonze/transcript?ag_id=1893#ew_0_1178980,0.12,120,4.787491743,,
8279,ua,g_1896;em_12_155937;n_5272363-n_5272387;p_334;#=ew_69_238578;prefix=84567-;[0]=ew_0_1181463,R011M,PresentElder,327.921,327.801,https://labbcat.canterbury.ac.nz/maonze/transcript?ag_id=1896#ew_0_1181463,0.12,120,4.787491743,,
8302,ua,g_19;em_12_1496;n_32116-n_32117;p_19;#=ew_69_152461;prefix=02829-;[0]=ew_0_13086,K002M,PresentElder,105.821,105.701,https://labbcat.canterbury.ac.nz/maonze/transcript?ag_id=19#ew_0_13086,0.12,120,4.787491743,,
8309,ua,g_19;em_12_1568;n_32188-n_32189;p_19;#=ew_69_152942;prefix=03049-;[0]=ew_0_13710,K002M,PresentElder,374.224,374.104,https://labbcat.canterbury.ac.nz/maonze/transcript?ag_id=19#ew_0_13710,0.12,120,4.787491743,,
8317,ua,g_1901;em_12_156314;n_5278391-n_5278399;p_333;#=ew_69_239258;prefix=85123-;[0]=ew_0_1185424,R012M,PresentElder,221.227,221.107,https://labbcat.canterbury.ac.nz/maonze/transcript?ag_id=1901#ew_0_1185424,0.12,120,4.787491743,,
8325,ua,g_1902;em_12_156421;n_5279362-n_5279377;p_333;#=ew_69_239578;prefix=85360-;[0]=ew_0_1186013,R012M,PresentElder,221.707,221.587,https://labbcat.canterbury.ac.nz/maonze/transcript?ag_id=1902#ew_0_1186013,0.12,120,4.787491743,,
8380,ua,g_1909;em_12_156820;n_5285382-n_5285392;p_333;#=ew_69_240912;prefix=86586-;[0]=ew_0_1191997,R012M,PresentElder,100.334,100.214,https://labbcat.canterbury.ac.nz/maonze/transcript?ag_id=1909#ew_0_1191997,0.12,120,4.787491743,,
8415,ua,g_1911;em_12_157008;n_5288103-n_5288128;p_333;#=ew_69_240742;prefix=87105-;[0]=ew_0_1193811,R012M,PresentElder,274.43,274.31,https://labbcat.canterbury.ac.nz/maonze/transcript?ag_id=1911#ew_0_1193811,0.12,120,4.787491743,,
8423,ua,g_1913;em_12_157108;n_5290038-n_5290057;p_333;#=ew_69_240265;prefix=87254-;[0]=ew_0_1195931,R012M,PresentElder,189.824,189.704,https://labbcat.canterbury.ac.nz/maonze/transcript?ag_id=1913#ew_0_1195931,0.12,120,4.787491743,,
8425,ua,g_1913;em_12_157111;n_5290269-n_5290289;p_333;#=ew_69_240317;prefix=87364-;[0]=ew_0_1195547,R012M,PresentElder,264.396,264.276,https://labbcat.canterbury.ac.nz/maonze/transcript?ag_id=1913#ew_0_1195547,0.12,120,4.787491743,,
8451,ua,g_1941;em_12_165467;n_6840488-n_6840499;p_112;#=ew_69_161848;prefix=12073-;[0]=ew_0_1294304,K006M,PresentElder,54.462,54.342,https://labbcat.canterbury.ac.nz/maonze/transcript?ag_id=1941#ew_0_1294304,0.12,120,4.787491743,,
8465,ua,g_1943;em_12_165662;n_6845984-n_6845992;p_19;#=ew_69_151900;prefix=02617-;[0]=ew_0_1296024,K002M,PresentElder,100.492,100.372,https://labbcat.canterbury.ac.nz/maonze/transcript?ag_id=1943#ew_0_1296024,0.12,120,4.787491743,,
8477,ua,g_1944;em_12_165773;n_6847423-n_6847430;p_28;#=ew_69_150353;prefix=01478-;[0]=ew_0_1296544,K001M,PresentElder,239.768,239.648,https://labbcat.canterbury.ac.nz/maonze/transcript?ag_id=1944#ew_0_1296544,0.12,120,4.787491743,,
8483,ua,g_1944;em_12_165823;n_6847607-n_6847615;p_28;#=ew_69_150387;prefix=01262-;[0]=ew_0_1296947,K001M,PresentElder,310.39,310.27,https://labbcat.canterbury.ac.nz/maonze/transcript?ag_id=1944#ew_0_1296947,0.12,120,4.787491743,,
8484,ua,g_1945;em_12_165831;n_6848225-n_6848235;p_28;#=ew_69_151214;prefix=01598-;[0]=ew_0_1297367,K001M,PresentElder,133.725,133.605,https://labbcat.canterbury.ac.nz/maonze/transcript?ag_id=1945#ew_0_1297367,0.12,120,4.787491743,,
8490,ua,g_1945;em_12_165907;n_6848334-n_6848342;p_28;#=ew_69_151236;prefix=01620-;[0]=ew_0_1297807,K001M,PresentElder,156.365,156.245,https://labbcat.canterbury.ac.nz/maonze/transcript?ag_id=1945#ew_0_1297807,0.12,120,4.787491743,,
8498,ua,g_1946;em_12_165970;n_6849286-n_6849312;p_121;#=ew_69_167401;prefix=17123-;[0]=ew_0_1298875,K009M,PresentElder,39.828,39.708,https://labbcat.canterbury.ac.nz/maonze/transcript?ag_id=1946#ew_0_1298875,0.12,120,4.787491743,,
8506,ua,g_1947;em_12_166016;n_6850597-n_6850607;p_121;#=ew_69_168749;prefix=18299-;[0]=ew_0_1299187,K009M,PresentElder,181.845,181.725,https://labbcat.canterbury.ac.nz/maonze/transcript?ag_id=1947#ew_0_1299187,0.12,120,4.787491743,,
8513,ua,g_21;em_12_1726;n_32344-n_32345;p_19;#=ew_69_153127;prefix=03892-;[0]=ew_0_14821,K002M,PresentElder,88.415,88.295,https://labbcat.canterbury.ac.nz/maonze/transcript?ag_id=21#ew_0_14821,0.12,120,4.787491743,,
8562,ua,g_27;em_12_2265;n_32872-n_32873;p_19;#=ew_69_154980;prefix=05328-;[0]=ew_0_19276,K002M,PresentElder,292.274,292.154,https://labbcat.canterbury.ac.nz/maonze/transcript?ag_id=27#ew_0_19276,0.12,120,4.787491743,,
8567,ua,g_304;em_12_162350;n_6240833-n_6240835;p_81;#=ew_69_185861;prefix=34965-;[0]=ew_0_1264794,L1Y03M,L1,253.589,253.469,https://labbcat.canterbury.ac.nz/maonze/transcript?ag_id=304#ew_0_1264794,0.12,120,4.787491743,,
8578,ua,g_305;em_12_162469;n_6240948-n_6240950;p_81;#=ew_69_186701;prefix=35199-;[0]=ew_0_1265225,L1Y03M,L1,136.147,136.027,https://labbcat.canterbury.ac.nz/maonze/transcript?ag_id=305#ew_0_1265225,0.12,120,4.787491743,,
8587,ua,g_306;em_12_160930;n_6000315-n_6000321;p_81;#=ew_69_186173;prefix=35371-;[0]=ew_0_1240955,L1Y03M,L1,99.379,99.259,https://labbcat.canterbury.ac.nz/maonze/transcript?ag_id=306#ew_0_1240955,0.12,120,4.787491743,,
8665,ua,g_321;em_12_31711;n_56282-n_56284;p_89;#=ew_69_188202;prefix=37375-;[0]=ew_0_215491,L1Y04M,L1,251.586,251.466,https://labbcat.canterbury.ac.nz/maonze/transcript?ag_id=321#ew_0_215491,0.12,120,4.787491743,,
8719,ua,g_330;em_12_33207;n_57472-n_57473;p_85;#=ew_69_185330;prefix=34426-;[0]=ew_0_220418,L1Y02M,L1,94.421,94.301,https://labbcat.canterbury.ac.nz/maonze/transcript?ag_id=330#ew_0_220418,0.12,120,4.787491743,,
8759,ua,g_339;em_12_33449;n_57669-n_29235;p_85;#=ew_69_184147;prefix=33284-;[0]=ew_0_223591,L1Y02M,L1,175.269,175.149,https://labbcat.canterbury.ac.nz/maonze/transcript?ag_id=339#ew_0_223591,0.12,120,4.787491743,,
8800,ua,g_347;em_12_162503;n_6243477-n_6243478;p_85;#=ew_69_183934;prefix=33171-;[0]=ew_0_1266498,L1Y02M,L1,102.936,102.816,https://labbcat.canterbury.ac.nz/maonze/transcript?ag_id=347#ew_0_1266498,0.12,120,4.787491743,,
8824,ua,g_365;em_12_35223;n_4459195-n_59064;p_92;#=ew_69_212795;prefix=59966-;[0]=ew_0_1117525,MU04M,Historical,71.057,70.937,https://labbcat.canterbury.ac.nz/maonze/transcript?ag_id=365#ew_0_1117525,0.12,120,4.787491743,,
8830,ua,g_366;em_12_150105;n_4458706-n_4458664;p_92;#=ew_69_212301;prefix=60143-;[0]=ew_0_1124031,MU04M,Historical,144.345,144.225,https://labbcat.canterbury.ac.nz/maonze/transcript?ag_id=366#ew_0_1124031,0.12,120,4.787491743,,
8838,ua,g_366;em_12_35420;n_4458664-n_4519627;p_92;#=ew_69_212310;prefix=60152-;[0]=ew_0_1124048,MU04M,Historical,150.088,149.968,https://labbcat.canterbury.ac.nz/maonze/transcript?ag_id=366#ew_0_1124048,0.12,120,4.787491743,,
8899,ua,g_383;em_12_38619;n_62417-n_4464150;p_95;#=ew_69_215175;prefix=62294-;[0]=ew_0_246774,MU06M,Historical,253.304,253.184,https://labbcat.canterbury.ac.nz/maonze/transcript?ag_id=383#ew_0_246774,0.12,120,4.787491743,,
8913,ua,g_385;em_12_39128;n_62924-n_62925;p_95;#=ew_69_215365;prefix=62686-;[0]=ew_0_248449,MU06M,Historical,333.845,333.725,https://labbcat.canterbury.ac.nz/maonze/transcript?ag_id=385#ew_0_248449,0.12,120,4.787491743,,
8926,ua,g_4;em_12_121;n_30792-n_30793;p_28;#=ew_69_150775;prefix=01976-;[0]=ew_0_1822,K001M,PresentElder,37.151,37.031,https://labbcat.canterbury.ac.nz/maonze/transcript?ag_id=4#ew_0_1822,0.12,120,4.787491743,,
8936,ua,g_446;em_12_169645;n_6944571-n_6944572;p_110;#=ew_69_155600;prefix=05792-;[0]=ew_0_1325717,K003M,PresentElder,105.256,105.136,https://labbcat.canterbury.ac.nz/maonze/transcript?ag_id=446#ew_0_1325717,0.12,120,4.787491743,,
8967,ua,g_450;em_12_169803;n_6946221-n_6946222;p_110;#=ew_69_156835;prefix=06838-;[0]=ew_0_1326993,K003M,PresentElder,307.35,307.23,https://labbcat.canterbury.ac.nz/maonze/transcript?ag_id=450#ew_0_1326993,0.12,120,4.787491743,,
8989,ua,g_453;em_12_161372;n_6124149-n_6124156;p_110;#=ew_69_157048;prefix=07604-;[0]=ew_0_1253132,K003M,PresentElder,193.595,193.475,https://labbcat.canterbury.ac.nz/maonze/transcript?ag_id=453#ew_0_1253132,0.12,120,4.787491743,,
8997,ua,g_453;em_12_46990;n_69360-n_69361;p_110;#=ew_69_157110;prefix=07512-;[0]=ew_0_294370,K003M,PresentElder,300.987,300.867,https://labbcat.canterbury.ac.nz/maonze/transcript?ag_id=453#ew_0_294370,0.12,120,4.787491743,,
9023,ua,g_462;em_12_158491;n_5392037-n_5392062;p_112;#=ew_69_162349;prefix=12488-;[0]=ew_0_1211039,K006M,PresentElder,207.934,207.814,https://labbcat.canterbury.ac.nz/maonze/transcript?ag_id=462#ew_0_1211039,0.12,120,4.787491743,,
9030,ua,g_463;em_12_47719;n_69788-n_69789;p_112;#=ew_69_160942;prefix=11597-;[0]=ew_0_298733,K006M,PresentElder,188.038,187.918,https://labbcat.canterbury.ac.nz/maonze/transcript?ag_id=463#ew_0_298733,0.12,120,4.787491743,,
9045,ua,g_466;em_12_48108;n_6953419-n_70134;p_120;#=ew_69_165562;prefix=16013-;[0]=ew_0_300835,K008M,PresentElder,227.615,227.495,https://labbcat.canterbury.ac.nz/maonze/transcript?ag_id=466#ew_0_300835,0.12,120,4.787491743,,
9056,ua,g_467;em_12_48250;n_70255-n_70256;p_120;#=ew_69_166080;prefix=16140-;[0]=ew_0_301424,K008M,PresentElder,227.459,227.339,https://labbcat.canterbury.ac.nz/maonze/transcript?ag_id=467#ew_0_301424,0.12,120,4.787491743,,
9081,ua,g_476;em_12_49112;n_71033-n_71034;p_121;#=ew_69_166951;prefix=17383-;[0]=ew_0_1257982,K009M,PresentElder,38.304,38.184,https://labbcat.canterbury.ac.nz/maonze/transcript?ag_id=476#ew_0_1257982,0.12,120,4.787491743,,
9086,ua,g_477;em_12_49158;n_71076-n_71077;p_121;#=ew_69_167595;prefix=17714-;[0]=ew_0_306940,K009M,PresentElder,157.387,157.267,https://labbcat.canterbury.ac.nz/maonze/transcript?ag_id=477#ew_0_306940,0.12,120,4.787491743,,
9115,ua,g_483;em_12_49601;n_71440-n_71441;p_121;#=ew_69_168237;prefix=18756-;[0]=ew_0_1258385,K009M,PresentElder,150.143,150.023,https://labbcat.canterbury.ac.nz/maonze/transcript?ag_id=483#ew_0_1258385,0.12,120,4.787491743,,
9156,ua,g_489;em_12_50255;n_71947-n_71948;p_122;#=ew_69_169999;prefix=19480-;[0]=ew_0_314365,K010M,PresentElder,128.899,128.779,https://labbcat.canterbury.ac.nz/maonze/transcript?ag_id=489#ew_0_314365,0.12,120,4.787491743,,
9157,ua,g_489;em_12_50257;n_71949-n_71950;p_122;#=ew_69_170024;prefix=19484-;[0]=ew_0_314384,K010M,PresentElder,134.424,134.304,https://labbcat.canterbury.ac.nz/maonze/transcript?ag_id=489#ew_0_314384,0.12,120,4.787491743,,
9168,ua,g_490;em_12_50502;n_72121-n_72122;p_122;#=ew_69_170376;prefix=19690-;[0]=ew_0_315371,K010M,PresentElder,251.788,251.668,https://labbcat.canterbury.ac.nz/maonze/transcript?ag_id=490#ew_0_315371,0.12,120,4.787491743,,
9193,ua,g_495;em_12_51338;n_72710-n_72711;p_122;#=ew_69_170784;prefix=20385-;[0]=ew_0_318914,K010M,PresentElder,355.968,355.848,https://labbcat.canterbury.ac.nz/maonze/transcript?ag_id=495#ew_0_318914,0.12,120,4.787491743,,
9201,ua,g_5;em_12_188;n_30853-n_30854;p_28;#=ew_69_150960;prefix=01823-;[0]=ew_0_1110785,K001M,PresentElder,168.631,168.511,https://labbcat.canterbury.ac.nz/maonze/transcript?ag_id=5#ew_0_1110785,0.12,120,4.787491743,,
9221,ua,g_52;em_12_3773;n_34103-n_5388362;p_32;#=ew_69_158149;prefix=08234-;[0]=ew_0_1208084,K004M,PresentElder,319.6,319.48,https://labbcat.canterbury.ac.nz/maonze/transcript?ag_id=52#ew_0_1208084,0.12,120,4.787491743,,
9224,ua,g_53;em_12_158353;n_5388018-n_5388023;p_32;#=ew_69_158042;prefix=08490-;[0]=ew_0_1210852,K004M,PresentElder,292.724,292.604,https://labbcat.canterbury.ac.nz/maonze/transcript?ag_id=53#ew_0_1210852,0.12,120,4.787491743,,
9231,ua,g_54;em_12_161896;n_6213638-n_6213639;p_32;#=ew_69_158281;prefix=08538-;[0]=ew_0_1259517,K004M,PresentElder,190.644,190.524,https://labbcat.canterbury.ac.nz/maonze/transcript?ag_id=54#ew_0_1259517,0.12,120,4.787491743,,
9283,ua,g_597;em_12_63910;n_83510-n_83511;p_140;#=ew_69_189431;prefix=38413-;[0]=ew_0_1248472,L1Y05M,L1,269.757,269.637,https://labbcat.canterbury.ac.nz/maonze/transcript?ag_id=597#ew_0_1248472,0.12,120,4.787491743,,
9300,ua,g_601;em_12_64144;n_83740-n_83741;p_140;#=ew_69_190053;prefix=38979-;[0]=ew_0_383216,L1Y05M,L1,113.587,113.467,https://labbcat.canterbury.ac.nz/maonze/transcript?ag_id=601#ew_0_383216,0.12,120,4.787491743,,
9311,ua,g_602;em_12_64236;n_83831-n_83832;p_140;#=ew_69_190333;prefix=39261-;[0]=ew_0_384273,L1Y05M,L1,287.779,287.659,https://labbcat.canterbury.ac.nz/maonze/transcript?ag_id=602#ew_0_384273,0.12,120,4.787491743,,
9312,ua,g_602;em_12_64241;n_83836-n_83837;p_140;#=ew_69_190353;prefix=39278-;[0]=ew_0_384322,L1Y05M,L1,305.92,305.8,https://labbcat.canterbury.ac.nz/maonze/transcript?ag_id=602#ew_0_384322,0.12,120,4.787491743,,
9328,ua,g_604;em_12_161269;n_6082683-n_6082688;p_140;#=ew_69_191525;prefix=39759-;[0]=ew_0_1249806,L1Y05M,L1,288.222,288.102,https://labbcat.canterbury.ac.nz/maonze/transcript?ag_id=604#ew_0_1249806,0.12,120,4.787491743,,
9335,ua,g_604;em_12_64341;n_83934-n_83935;p_140;#=ew_69_191452;prefix=39709-;[0]=ew_0_385646,L1Y05M,L1,220.137,220.017,https://labbcat.canterbury.ac.nz/maonze/transcript?ag_id=604#ew_0_385646,0.12,120,4.787491743,,
9336,ua,g_604;em_12_64349;n_83942-n_83943;p_140;#=ew_69_191502;prefix=39738-;[0]=ew_0_385742,L1Y05M,L1,266.355,266.235,https://labbcat.canterbury.ac.nz/maonze/transcript?ag_id=604#ew_0_385742,0.12,120,4.787491743,,
9402,ua,g_614;em_12_64871;n_84435-n_84436;p_142;#=ew_69_181965;prefix=31506-;[0]=ew_0_390851,L1Y01M,L1,84.888,84.768,https://labbcat.canterbury.ac.nz/maonze/transcript?ag_id=614#ew_0_390851,0.12,120,4.787491743,,
9436,ua,g_619;em_12_65097;n_84654-n_84655;p_142;#=ew_69_182812;prefix=32154-;[0]=ew_0_393446,L1Y01M,L1,176.475,176.355,https://labbcat.canterbury.ac.nz/maonze/transcript?ag_id=619#ew_0_393446,0.12,120,4.787491743,,
9469,ua,g_626;em_12_170742;n_6981783-n_6981784;p_142;#=ew_69_183786;prefix=32944-;[0]=ew_0_1334557,L1Y01M,L1,133.388,133.268,https://labbcat.canterbury.ac.nz/maonze/transcript?ag_id=626#ew_0_1334557,0.12,120,4.787491743,,
9525,ua,g_631;em_12_66032;n_85497-n_85498;p_143;#=ew_69_202413;prefix=51344-;[0]=ew_0_1250319,L2Y02M,L2,219.364,219.244,https://labbcat.canterbury.ac.nz/maonze/transcript?ag_id=631#ew_0_1250319,0.12,120,4.787491743,,
9589,ua,g_638;em_12_66703;n_10611-n_86041;p_145;#=ew_69_200850;prefix=49509-;[0]=ew_0_406378,L2Y01M,L2,73.98,73.86,https://labbcat.canterbury.ac.nz/maonze/transcript?ag_id=638#ew_0_406378,0.12,120,4.787491743,,
9641,ua,g_650;em_12_67687;n_86838-n_86839;p_146;#=ew_69_206242;prefix=53843-;[0]=ew_0_413778,L2Y04M,L2,113.113,112.993,https://labbcat.canterbury.ac.nz/maonze/transcript?ag_id=650#ew_0_413778,0.12,120,4.787491743,,
9643,ua,g_650;em_12_67755;n_10798-n_10799;p_146;#=ew_69_206273;prefix=53871-;[0]=ew_0_413917,L2Y04M,L2,184.201,184.081,https://labbcat.canterbury.ac.nz/maonze/transcript?ag_id=650#ew_0_413917,0.12,120,4.787491743,,
9668,ua,g_663;em_12_70417;n_89213-n_89214;p_148;#=ew_69_207586;prefix=55202-;[0]=ew_0_420709,L2Y05M,L2,224.513,224.393,https://labbcat.canterbury.ac.nz/maonze/transcript?ag_id=663#ew_0_420709,0.12,120,4.787491743,,
9669,ua,g_663;em_12_70418;n_89214-n_4423346;p_148;#=ew_69_207593;prefix=55205-;[0]=ew_0_420717,L2Y05M,L2,228.047,227.927,https://labbcat.canterbury.ac.nz/maonze/transcript?ag_id=663#ew_0_420717,0.12,120,4.787491743,,
9683,ua,g_664;em_12_70465;n_89260-n_89261;p_148;#=ew_69_207338;prefix=55434-;[0]=ew_0_421536,L2Y05M,L2,259.464,259.344,https://labbcat.canterbury.ac.nz/maonze/transcript?ag_id=664#ew_0_421536,0.12,120,4.787491743,,
9738,ua,g_670;em_12_70663;n_89444-n_89445;p_148;#=ew_69_208508;prefix=56408-;[0]=ew_0_424952,L2Y05M,L2,96.789,96.669,https://labbcat.canterbury.ac.nz/maonze/transcript?ag_id=670#ew_0_424952,0.12,120,4.787491743,,
9779,ua,g_8;em_12_496;n_31150-n_31151;p_28;#=ew_69_149844;prefix=01141-;[0]=ew_0_1231662,K001M,PresentElder,170.119,169.999,https://labbcat.canterbury.ac.nz/maonze/transcript?ag_id=8#ew_0_1231662,0.12,120,4.787491743,,
9791,ua,g_82;em_12_5627;n_35686-n_35687;p_37;#=ew_69_160388;prefix=10790-;[0]=ew_0_56391,K005M,PresentElder,229.125,229.005,https://labbcat.canterbury.ac.nz/maonze/transcript?ag_id=82#ew_0_56391,0.12,120,4.787491743,,
9792,ua,g_82;em_12_5632;n_35691-n_35692;p_37;#=ew_69_160451;prefix=10810-;[0]=ew_0_56469,K005M,PresentElder,256.442,256.322,https://labbcat.canterbury.ac.nz/maonze/transcript?ag_id=82#ew_0_56469,0.12,120,4.787491743,,
9802,ua,g_83;em_12_5688;n_35742-n_28990;p_37;#=ew_69_160625;prefix=11058-;[0]=ew_0_1093481,K005M,PresentElder,298.05,297.93,https://labbcat.canterbury.ac.nz/maonze/transcript?ag_id=83#ew_0_1093481,0.12,120,4.787491743,,
9814,ua,g_848;em_12_85409;n_100426-n_100427;p_167;#=ew_69_170911;prefix=20701-;[0]=ew_0_540510,L1H01M,L1,171.695,171.575,https://labbcat.canterbury.ac.nz/maonze/transcript?ag_id=848#ew_0_540510,0.12,120,4.787491743,,
9824,ua,g_849;em_12_85443;n_100459-n_100460;p_167;#=ew_69_171409;prefix=20789-;[0]=ew_0_540843,L1H01M,L1,71.167,71.047,https://labbcat.canterbury.ac.nz/maonze/transcript?ag_id=849#ew_0_540843,0.12,120,4.787491743,,
9826,ua,g_849;em_12_85452;n_100468-n_100469;p_167;#=ew_69_171428;prefix=20807-;[0]=ew_0_540904,L1H01M,L1,102.509,102.389,https://labbcat.canterbury.ac.nz/maonze/transcript?ag_id=849#ew_0_540904,0.12,120,4.787491743,,
9831,ua,g_849;em_12_85472;n_100488-n_100489;p_167;#=ew_69_171476;prefix=20854-;[0]=ew_0_541099,L1H01M,L1,182.984991,182.864991,https://labbcat.canterbury.ac.nz/maonze/transcript?ag_id=849#ew_0_541099,0.12,120,4.787491743,,
9832,ua,g_849;em_12_85473;n_100489-n_100490;p_167;#=ew_69_171481;prefix=20859-;[0]=ew_0_541116,L1H01M,L1,188.725,188.605,https://labbcat.canterbury.ac.nz/maonze/transcript?ag_id=849#ew_0_541116,0.12,120,4.787491743,,
9836,ua,g_85;em_12_160519;n_5958020-n_5958028;p_37;#=ew_69_161397;prefix=11326-;[0]=ew_0_1237610,K005M,PresentElder,206.234,206.114,https://labbcat.canterbury.ac.nz/maonze/transcript?ag_id=85#ew_0_1237610,0.12,120,4.787491743,,
9855,ua,g_853;em_12_85724;n_100730-n_100731;p_167;#=ew_69_171575;prefix=21377-;[0]=ew_0_543249,L1H01M,L1,119.393,119.273,https://labbcat.canterbury.ac.nz/maonze/transcript?ag_id=853#ew_0_543249,0.12,120,4.787491743,,
9912,ua,g_865;em_12_159508;n_5656430-n_5656432;p_168;#=ew_69_173586;prefix=23347-;[0]=ew_0_1220353,L1H02M,L1,186.298,186.178,https://labbcat.canterbury.ac.nz/maonze/transcript?ag_id=865#ew_0_1220353,0.12,120,4.787491743,,
9941,ua,g_868;em_12_159550;n_5655792-n_5655796;p_168;#=ew_69_174181;prefix=23840-;[0]=ew_0_1220215,L1H02M,L1,224.358,224.238,https://labbcat.canterbury.ac.nz/maonze/transcript?ag_id=868#ew_0_1220215,0.12,120,4.787491743,,
9954,ua,g_869;em_12_86978;n_101701-n_101702;p_168;#=ew_69_174591;prefix=24052-;[0]=ew_0_552991,L1H02M,L1,238.603,238.483,https://labbcat.canterbury.ac.nz/maonze/transcript?ag_id=869#ew_0_552991,0.12,120,4.787491743,,
9999,ua,g_877;em_12_87426;n_102024-n_15024;p_169;#=ew_69_175355;prefix=24771-;[0]=ew_0_555887,L1H03M,L1,132.035,131.915,https://labbcat.canterbury.ac.nz/maonze/transcript?ag_id=877#ew_0_555887,0.12,120,4.787491743,,
10008,ua,g_880;em_12_87642;n_102157-n_102158;p_169;#=ew_69_175484;prefix=24977-;[0]=ew_0_557180,L1H03M,L1,154.705,154.585,https://labbcat.canterbury.ac.nz/maonze/transcript?ag_id=880#ew_0_557180,0.12,120,4.787491743,,
10010,ua,g_880;em_12_87646;n_102161-n_15103;p_169;#=ew_69_175489;prefix=24982-;[0]=ew_0_1225132,L1H03M,L1,170.151,170.031,https://labbcat.canterbury.ac.nz/maonze/transcript?ag_id=880#ew_0_1225132,0.12,120,4.787491743,,
10014,ua,g_880;em_12_87670;n_102177-n_102178;p_169;#=ew_69_175530;prefix=25021-;[0]=ew_0_557347,L1H03M,L1,251.61,251.49,https://labbcat.canterbury.ac.nz/maonze/transcript?ag_id=880#ew_0_557347,0.12,120,4.787491743,,
10016,ua,g_881;em_12_87721;n_102200-n_102201;p_169;#=ew_69_175116;prefix=25078-;[0]=ew_0_557605,L1H03M,L1,142.645,142.525,https://labbcat.canterbury.ac.nz/maonze/transcript?ag_id=881#ew_0_557605,0.12,120,4.787491743,,
10119,ua,g_898;em_12_88689;n_102914-n_102915;p_174;#=ew_69_178793;prefix=27734-;[0]=ew_0_566103,L1H05M,L1,237.733,237.613,https://labbcat.canterbury.ac.nz/maonze/transcript?ag_id=898#ew_0_566103,0.12,120,4.787491743,,
10127,ua,g_9;em_12_641;n_31289-n_31290;p_28;#=ew_69_150642;prefix=00917-;[0]=ew_0_5782,K001M,PresentElder,277.668,277.548,https://labbcat.canterbury.ac.nz/maonze/transcript?ag_id=9#ew_0_5782,0.12,120,4.787491743,,
10128,ua,g_9;em_12_646;n_31294-n_31295;p_28;#=ew_69_150654;prefix=00927-;[0]=ew_0_5826,K001M,PresentElder,293.997,293.877,https://labbcat.canterbury.ac.nz/maonze/transcript?ag_id=9#ew_0_5826,0.12,120,4.787491743,,
10145,ua,g_902;em_12_88917;n_103089-n_103090;p_173;#=ew_69_177503;prefix=26996-;[0]=ew_0_567738,L1H04M,L1,170.157,170.037,https://labbcat.canterbury.ac.nz/maonze/transcript?ag_id=902#ew_0_567738,0.12,120,4.787491743,,
10155,ua,g_904;em_12_88980;n_5773778-n_103143;p_174;#=ew_69_178325;prefix=27471-;[0]=ew_0_568541,L1H05M,L1,64.123,64.003,https://labbcat.canterbury.ac.nz/maonze/transcript?ag_id=904#ew_0_568541,0.12,120,4.787491743,,
10188,ua,g_908;em_12_89178;n_15523-n_103260;p_173;#=ew_69_176970;prefix=26428-;[0]=ew_0_570563,L1H04M,L1,35.502,35.382,https://labbcat.canterbury.ac.nz/maonze/transcript?ag_id=908#ew_0_570563,0.12,120,4.787491743,,
10239,ua,g_913;em_12_89380;n_103334-n_15651;p_173;#=ew_69_176454;prefix=25914-;[0]=ew_0_573301,L1H04M,L1,106.671,106.551,https://labbcat.canterbury.ac.nz/maonze/transcript?ag_id=913#ew_0_573301,0.12,120,4.787491743,,
10276,ua,g_928;em_12_90386;n_104204-n_104205;p_179;#=ew_69_217741;prefix=64824-;[0]=ew_0_580746,R001M,PresentElder,52.67,52.55,https://labbcat.canterbury.ac.nz/maonze/transcript?ag_id=928#ew_0_580746,0.12,120,4.787491743,,
10310,ua,g_936;em_12_90957;n_104745-n_104746;p_179;#=ew_69_218251;prefix=65683-;[0]=ew_0_583894,R001M,PresentElder,79.364,79.244,https://labbcat.canterbury.ac.nz/maonze/transcript?ag_id=936#ew_0_583894,0.12,120,4.787491743,,
10393,ua,g_947;em_12_91638;n_105315-n_105316;p_181;#=ew_69_220723;prefix=67259-;[0]=ew_0_589371,R002M,PresentElder,102.256,102.136,https://labbcat.canterbury.ac.nz/maonze/transcript?ag_id=947#ew_0_589371,0.12,120,4.787491743,,
10455,ua,g_956;em_12_92059;n_105666-n_105667;p_181;#=ew_69_221085;prefix=68471-;[0]=ew_0_594964,R002M,PresentElder,148.415,148.295,https://labbcat.canterbury.ac.nz/maonze/transcript?ag_id=956#ew_0_594964,0.12,120,4.787491743,,
10464,ua,g_958;em_12_92159;n_105754-n_105755;p_183;#=ew_69_221731;prefix=68807-;[0]=ew_0_595693,R003M,PresentElder,253.024,252.904,https://labbcat.canterbury.ac.nz/maonze/transcript?ag_id=958#ew_0_595693,0.12,120,4.787491743,,
10481,ua,g_961;em_12_92302;n_105876-n_105877;p_183;#=ew_69_221741;prefix=69217-;[0]=ew_0_597128,R003M,PresentElder,59.209,59.089,https://labbcat.canterbury.ac.nz/maonze/transcript?ag_id=961#ew_0_597128,0.12,120,4.787491743,,
10489,ua,g_962;em_12_92405;n_105937-n_105938;p_183;#=ew_69_222552;prefix=69489-;[0]=ew_0_598067,R003M,PresentElder,202.359,202.239,https://labbcat.canterbury.ac.nz/maonze/transcript?ag_id=962#ew_0_598067,0.12,120,4.787491743,,
10504,ua,g_964;em_12_92532;n_106018-n_106019;p_183;#=ew_69_223043;prefix=69731-;[0]=ew_0_599131,R003M,PresentElder,96.25,96.13,https://labbcat.canterbury.ac.nz/maonze/transcript?ag_id=964#ew_0_599131,0.12,120,4.787491743,,
10513,ua,g_965;em_12_92620;n_106074-n_106075;p_183;#=ew_69_222845;prefix=69908-;[0]=ew_0_599930,R003M,PresentElder,232.524,232.404,https://labbcat.canterbury.ac.nz/maonze/transcript?ag_id=965#ew_0_599930,0.12,120,4.787491743,,
10520,ua,g_97;em_12_162813;n_6282089-n_6281887;p_41;#=ew_69_163342;prefix=12836-;[0]=ew_0_1269862,K007M,PresentElder,215.882,215.762,https://labbcat.canterbury.ac.nz/maonze/transcript?ag_id=97#ew_0_1269862,0.12,120,4.787491743,,
10524,ua,g_97;em_12_162839;n_6282111-n_6282114;p_41;#=ew_69_163415;prefix=12755-;[0]=ew_0_1268609,K007M,PresentElder,249.04,248.92,https://labbcat.canterbury.ac.nz/maonze/transcript?ag_id=97#ew_0_1268609,0.12,120,4.787491743,,
10563,ua,g_974;em_12_93139;n_106469-n_106470;p_184;#=ew_69_224102;prefix=71006-;[0]=ew_0_604112,R004M,PresentElder,55.517,55.397,https://labbcat.canterbury.ac.nz/maonze/transcript?ag_id=974#ew_0_604112,0.12,120,4.787491743,,
10585,ua,g_977;em_12_93442;n_16402-n_16403;p_184;#=ew_69_224782;prefix=71588-;[0]=ew_0_606198,R004M,PresentElder,211.35,211.23,https://labbcat.canterbury.ac.nz/maonze/transcript?ag_id=977#ew_0_606198,0.12,120,4.787491743,,
10649,ua,g_987;em_12_93930;n_107004-n_107005;p_182;#=ew_69_226102;prefix=72986-;[0]=ew_0_610773,R005M,PresentElder,78.381,78.261,https://labbcat.canterbury.ac.nz/maonze/transcript?ag_id=987#ew_0_610773,0.12,120,4.787491743,,
136,ea,g_1039;em_12_96891;n_17368-n_109110;p_193;#=ew_69_235408;prefix=81721-;[0]=ew_0_641202,R010M,PresentElder,28.536,28.416,https://labbcat.canterbury.ac.nz/maonze/transcript?ag_id=1039#ew_0_641202,0.12,120,4.787491743,,
173,ea,g_1045;em_12_97425;n_109357-n_109358;p_193;#=ew_69_236332;prefix=82549-;[0]=ew_0_645707,R010M,PresentElder,23.817,23.697,https://labbcat.canterbury.ac.nz/maonze/transcript?ag_id=1045#ew_0_645707,0.12,120,4.787491743,,
1179,ea,g_1944;em_12_165742;n_6846745-n_6846754;p_28;#=ew_69_150046;prefix=01308-;[0]=ew_0_1296653,K001M,PresentElder,32.015,31.895,https://labbcat.canterbury.ac.nz/maonze/transcript?ag_id=1944#ew_0_1296653,0.12,120,4.787491743,,
1456,ea,g_334;em_12_33273;n_57526-n_57527;p_85;#=ew_69_184940;prefix=34169-;[0]=ew_0_221299,L1Y02M,L1,27.074,26.954,https://labbcat.canterbury.ac.nz/maonze/transcript?ag_id=334#ew_0_221299,0.12,120,4.787491743,,
1595,ea,g_447;em_12_46164;n_68655-n_68656;p_110;#=ew_69_155319;prefix=06009-;[0]=ew_0_287845,K003M,PresentElder,25.389,25.269,https://labbcat.canterbury.ac.nz/maonze/transcript?ag_id=447#ew_0_287845,0.12,120,4.787491743,,
1660,ea,g_466;em_12_48023;n_70056-n_6953421;p_120;#=ew_69_165446;prefix=15898-;[0]=ew_0_300359,K008M,PresentElder,23.53,23.41,https://labbcat.canterbury.ac.nz/maonze/transcript?ag_id=466#ew_0_300359,0.12,120,4.787491743,,
1815,ea,g_53;em_12_3778;n_34110-n_34111;p_32;#=ew_69_157667;prefix=08269-;[0]=ew_0_35119,K004M,PresentElder,18.308,18.188,https://labbcat.canterbury.ac.nz/maonze/transcript?ag_id=53#ew_0_35119,0.12,120,4.787491743,,
1974,ea,g_622;em_12_65182;n_84728-n_84729;p_142;#=ew_69_183036;prefix=32373-;[0]=ew_0_394457,L1Y01M,L1,12.63,12.51,https://labbcat.canterbury.ac.nz/maonze/transcript?ag_id=622#ew_0_394457,0.12,120,4.787491743,,
2367,ea,g_871;em_12_87087;n_101771-n_101772;p_168;#=ew_69_173853;prefix=24225-;[0]=ew_0_553774,L1H02M,L1,31.895,31.775,https://labbcat.canterbury.ac.nz/maonze/transcript?ag_id=871#ew_0_553774,0.12,120,4.787491743,,
2469,ea,g_901;em_12_88819;n_103031-n_103032;p_173;#=ew_69_177089;prefix=26842-;[0]=ew_0_567000,L1H04M,L1,24.177,24.057,https://labbcat.canterbury.ac.nz/maonze/transcript?ag_id=901#ew_0_567000,0.12,120,4.787491743,,
2730,ea,g_975;em_12_93190;n_16282-n_16283;p_184;#=ew_69_223864;prefix=71163-;[0]=ew_0_604614,R004M,PresentElder,17.95,17.83,https://labbcat.canterbury.ac.nz/maonze/transcript?ag_id=975#ew_0_604614,0.12,120,4.787491743,,
2823,ea,g_99;em_12_162838;n_6281772-n_6281831;p_41;#=ew_69_163283;prefix=13201-;[0]=ew_0_1271561,K007M,PresentElder,31.46,31.34,https://labbcat.canterbury.ac.nz/maonze/transcript?ag_id=99#ew_0_1271561,0.12,120,4.787491743,,
2972,ia,g_1033;em_12_96539;n_108857-n_108858;p_190;#=ew_69_233559;prefix=80478-;[0]=ew_0_636960,R009M,PresentElder,26.465,26.345,https://labbcat.canterbury.ac.nz/maonze/transcript?ag_id=1033#ew_0_636960,0.12,120,4.787491743,,
3197,ia,g_1200;em_12_108613;n_117417-n_117418;p_244;#=ew_69_242854;prefix=89026-;[0]=ew_0_724142,WU04M,Historical,22.76,22.64,https://labbcat.canterbury.ac.nz/maonze/transcript?ag_id=1200#ew_0_724142,0.12,120,4.787491743,,
3317,ia,g_1390;em_12_119104;n_124580-n_124581;p_262;#=ew_69_249035;prefix=94814-;[0]=ew_0_823334,WU08M,Historical,15.707,15.587,https://labbcat.canterbury.ac.nz/maonze/transcript?ag_id=1390#ew_0_823334,0.12,120,4.787491743,,
3386,ia,g_1544;em_12_127173;n_130748-n_25745;p_291;#=ew_69_216542;prefix=63844-;[0]=ew_0_898179,MU09M,Historical,26.137,26.017,https://labbcat.canterbury.ac.nz/maonze/transcript?ag_id=1544#ew_0_898179,0.12,120,4.787491743,,
3501,ia,g_1654;em_12_134191;n_136195-n_136196;p_300;#=ew_69_194535;prefix=43185-;[0]=ew_0_949384,L2H02M,L2,30.472,30.352,https://labbcat.canterbury.ac.nz/maonze/transcript?ag_id=1654#ew_0_949384,0.12,120,4.787491743,,
3727,ia,g_1909;em_12_156849;n_5285128-n_5285145;p_333;#=ew_69_240814;prefix=86720-;[0]=ew_0_1192167,R012M,PresentElder,17.825,17.705,https://labbcat.canterbury.ac.nz/maonze/transcript?ag_id=1909#ew_0_1192167,0.12,120,4.787491743,,
4624,ia,g_893;em_12_159839;n_5774257-n_5774268;p_174;#=ew_69_179305;prefix=28460-;[0]=ew_0_1224587,L1H05M,L1,18.167,18.047,https://labbcat.canterbury.ac.nz/maonze/transcript?ag_id=893#ew_0_1224587,0.12,120,4.787491743,,
4626,ia,g_893;em_12_88391;n_102661-n_15344;p_174;#=ew_69_179325;prefix=28465-;[0]=ew_0_562544,L1H05M,L1,29.107,28.987,https://labbcat.canterbury.ac.nz/maonze/transcript?ag_id=893#ew_0_562544,0.12,120,4.787491743,,
4741,ia,g_937;em_12_91020;n_104805-n_104806;p_179;#=ew_69_218481;prefix=65841-;[0]=ew_0_584412,R001M,PresentElder,20.786,20.666,https://labbcat.canterbury.ac.nz/maonze/transcript?ag_id=937#ew_0_584412,0.12,120,4.787491743,,
4766,ia,g_947;em_12_91626;n_105303-n_105304;p_181;#=ew_69_220608;prefix=67209-;[0]=ew_0_589190,R002M,PresentElder,25.251,25.131,https://labbcat.canterbury.ac.nz/maonze/transcript?ag_id=947#ew_0_589190,0.12,120,4.787491743,,
5286,oa,g_1392;em_12_119168;n_124640-n_124641;p_262;#=ew_69_249006;prefix=95087-;[0]=ew_0_824335,WU08M,Historical,11.117,10.997,https://labbcat.canterbury.ac.nz/maonze/transcript?ag_id=1392#ew_0_824335,0.12,120,4.787491743,,
5846,oa,g_315;em_12_30550;n_55195-n_55196;p_89;#=ew_69_187295;prefix=36382-;[0]=ew_0_211361,L1Y04M,L1,16.373,16.253,https://labbcat.canterbury.ac.nz/maonze/transcript?ag_id=315#ew_0_211361,0.12,120,4.787491743,,
5862,oa,g_318;em_12_30980;n_5639-n_55607;p_89;#=ew_69_187761;prefix=36794-;[0]=ew_0_213190,L1Y04M,L1,30.174,30.054,https://labbcat.canterbury.ac.nz/maonze/transcript?ag_id=318#ew_0_213190,0.12,120,4.787491743,,
6233,oa,g_623;em_12_65224;n_84767-n_84768;p_142;#=ew_69_183493;prefix=32441-;[0]=ew_0_1334358,L1Y01M,L1,27.082,26.962,https://labbcat.canterbury.ac.nz/maonze/transcript?ag_id=623#ew_0_1334358,0.12,120,4.787491743,,
6377,oa,g_855;em_12_85853;n_100850-n_100851;p_167;#=ew_69_172009;prefix=21635-;[0]=ew_0_544228,L1H01M,L1,27.898,27.778,https://labbcat.canterbury.ac.nz/maonze/transcript?ag_id=855#ew_0_544228,0.12,120,4.787491743,,
6502,oa,g_906;em_12_89074;n_103219-n_15463;p_173;#=ew_69_176892;prefix=26652-;[0]=ew_0_569528,L1H04M,L1,24.828,24.708,https://labbcat.canterbury.ac.nz/maonze/transcript?ag_id=906#ew_0_569528,0.12,120,4.787491743,,
6840,ua,g_1031;em_12_96452;n_108794-n_108795;p_190;#=ew_69_233956;prefix=80199-;[0]=ew_0_635707,R009M,PresentElder,24.735,24.615,https://labbcat.canterbury.ac.nz/maonze/transcript?ag_id=1031#ew_0_635707,0.12,120,4.787491743,,
6877,ua,g_1035;em_12_96618;n_6740057-n_108921;p_190;#=ew_69_234483;prefix=80841-;[0]=ew_0_638213,R009M,PresentElder,8.291,8.171,https://labbcat.canterbury.ac.nz/maonze/transcript?ag_id=1035#ew_0_638213,0.12,120,4.787491743,,
6941,ua,g_1041;em_12_97069;n_109220-n_109221;p_193;#=ew_69_235956;prefix=82096-;[0]=ew_0_642736,R010M,PresentElder,24.692,24.572,https://labbcat.canterbury.ac.nz/maonze/transcript?ag_id=1041#ew_0_642736,0.12,120,4.787491743,,
6965,ua,g_1045;em_12_97425;n_109357-n_109358;p_193;#=ew_69_236334;prefix=82551-;[0]=ew_0_645711,R010M,PresentElder,25.207,25.087,https://labbcat.canterbury.ac.nz/maonze/transcript?ag_id=1045#ew_0_645711,0.12,120,4.787491743,,
7100,ua,g_1081;em_12_100056;n_111214-n_111215;p_208;#=ew_69_246820;prefix=92407-;[0]=ew_0_664625,WU07M,Historical,19.271,19.151,https://labbcat.canterbury.ac.nz/maonze/transcript?ag_id=1081#ew_0_664625,0.12,120,4.787491743,,
7564,ua,g_1511;em_12_125460;n_25121-n_129679;p_276;#=ew_69_242357;prefix=88418-;[0]=ew_0_880572,WU03M,Historical,13.894,13.774,https://labbcat.canterbury.ac.nz/maonze/transcript?ag_id=1511#ew_0_880572,0.12,120,4.787491743,,
7953,ua,g_1660;em_12_134553;n_136431-n_136432;p_302;#=ew_69_196922;prefix=45433-;[0]=ew_0_952070,L2H04M,L2,16.84,16.72,https://labbcat.canterbury.ac.nz/maonze/transcript?ag_id=1660#ew_0_952070,0.12,120,4.787491743,,
8172,ua,g_1842;em_12_149093;n_3848967-n_3848980;p_49;#=ew_69_204615;prefix=52587-;[0]=ew_0_1102027,L2Y03M,L2,15.22,15.1,https://labbcat.canterbury.ac.nz/maonze/transcript?ag_id=1842#ew_0_1102027,0.12,120,4.787491743,,
8233,ua,g_1857;em_12_150822;n_4612859-n_4612867;p_97;#=ew_69_215954;prefix=63386-;[0]=ew_0_1126990,MU07M,Historical,26.219,26.099,https://labbcat.canterbury.ac.nz/maonze/transcript?ag_id=1857#ew_0_1126990,0.12,120,4.787491743,,
8589,ua,g_306;em_12_29860;n_54684-n_5999907;p_81;#=ew_69_185970;prefix=35245-;[0]=ew_0_1238737,L1Y03M,L1,23.751,23.631,https://labbcat.canterbury.ac.nz/maonze/transcript?ag_id=306#ew_0_1238737,0.12,120,4.787491743,,
8761,ua,g_340;em_12_33454;n_57672-n_57673;p_85;#=ew_69_185639;prefix=34770-;[0]=ew_0_1350200,L1Y02M,L1,28.501,28.381,https://labbcat.canterbury.ac.nz/maonze/transcript?ag_id=340#ew_0_1350200,0.12,120,4.787491743,,
8773,ua,g_342;em_12_33509;n_7087341-n_57718;p_85;#=ew_69_184884;prefix=34064-;[0]=ew_0_224441,L1Y02M,L1,17.047,16.927,https://labbcat.canterbury.ac.nz/maonze/transcript?ag_id=342#ew_0_224441,0.12,120,4.787491743,,
8994,ua,g_453;em_12_46891;n_69298-n_69299;p_110;#=ew_69_156945;prefix=07453-;[0]=ew_0_293689,K003M,PresentElder,12.387,12.267,https://labbcat.canterbury.ac.nz/maonze/transcript?ag_id=453#ew_0_293689,0.12,120,4.787491743,,
9550,ua,g_634;em_12_66327;n_85769-n_85770;p_143;#=ew_69_203897;prefix=51970-;[0]=ew_0_403386,L2Y02M,L2,11.012,10.892,https://labbcat.canterbury.ac.nz/maonze/transcript?ag_id=634#ew_0_403386,0.12,120,4.787491743,,
9797,ua,g_83;em_12_5643;n_35701-n_35702;p_37;#=ew_69_160280;prefix=10870-;[0]=ew_0_1092170,K005M,PresentElder,14.454,14.334,https://labbcat.canterbury.ac.nz/maonze/transcript?ag_id=83#ew_0_1092170,0.12,120,4.787491743,,
10035,ua,g_883;em_12_87820;n_102267-n_102268;p_169;#=ew_69_175750;prefix=25251-;[0]=ew_0_558277,L1H03M,L1,23.247,23.127,https://labbcat.canterbury.ac.nz/maonze/transcript?ag_id=883#ew_0_558277,0.12,120,4.787491743,,
10541,ua,g_971;em_12_92921;n_106297-n_106298;p_184;#=ew_69_223510;prefix=70514-;[0]=ew_0_602379,R004M,PresentElder,32.055,31.935,https://labbcat.canterbury.ac.nz/maonze/transcript?ag_id=971#ew_0_602379,0.12,120,4.787491743,,
988,ea,g_1846;em_12_149345;n_3852339-n_3852350;p_49;#=ew_69_205121;prefix=53164-;[0]=ew_0_1104889,L2Y03M,L2,3.52,3.4,https://labbcat.canterbury.ac.nz/maonze/transcript?ag_id=1846#ew_0_1104889,0.12,120,4.787491743,,
1008,ea,g_1848;em_12_149445;n_3853717-n_3853731;p_49;#=ew_69_205397;prefix=53395-;[0]=ew_0_1106064,L2Y03M,L2,4.525,4.405,https://labbcat.canterbury.ac.nz/maonze/transcript?ag_id=1848#ew_0_1106064,0.12,120,4.787491743,,
1951,ea,g_617;em_12_64986;n_84545-n_84546;p_142;#=ew_69_182775;prefix=31793-;[0]=ew_0_392044,L1Y01M,L1,2.688,2.568,https://labbcat.canterbury.ac.nz/maonze/transcript?ag_id=617#ew_0_392044,0.12,120,4.787491743,,
2306,ea,g_86;em_12_5785;n_35834-n_35835;p_37;#=ew_69_161237;prefix=11342-;[0]=ew_0_58768,K005M,PresentElder,7.607,7.487,https://labbcat.canterbury.ac.nz/maonze/transcript?ag_id=86#ew_0_58768,0.12,120,4.787491743,,
3580,ia,g_1751;em_12_139941;n_28534-n_140614;p_318;#=ew_69_231308;prefix=78110-;[0]=ew_0_1003130,R008M,PresentElder,3.49,3.37,https://labbcat.canterbury.ac.nz/maonze/transcript?ag_id=1751#ew_0_1003130,0.12,120,4.787491743,,
6963,ua,g_1045;em_12_97421;n_109353-n_109354;p_193;#=ew_69_236317;prefix=82536-;[0]=ew_0_645653,R010M,PresentElder,3.797,3.677,https://labbcat.canterbury.ac.nz/maonze/transcript?ag_id=1045#ew_0_645653,0.12,120,4.787491743,,
7418,ua,g_132;em_12_8921;n_1103-n_38401;p_284;#=ew_69_209121;prefix=56890-;[0]=ew_0_1114252,MU01M,Historical,6.47,6.35,https://labbcat.canterbury.ac.nz/maonze/transcript?ag_id=132#ew_0_1114252,0.12,120,4.787491743,,
7710,ua,g_1547;em_12_127300;n_130832-n_130833;p_291;#=ew_69_216745;prefix=63980-;[0]=ew_0_899333,MU09M,Historical,2.936,2.816,https://labbcat.canterbury.ac.nz/maonze/transcript?ag_id=1547#ew_0_899333,0.12,120,4.787491743,,
9380,ua,g_611;em_12_64704;n_10390-n_84272;p_142;#=ew_69_181619;prefix=31081-;[0]=ew_0_1243976,L1Y01M,L1,1.16,1.04,https://labbcat.canterbury.ac.nz/maonze/transcript?ag_id=611#ew_0_1243976,0.12,120,4.787491743,,
10161,ua,g_905;em_12_89014;n_15446-n_103176;p_173;#=ew_69_177052;prefix=26729-;[0]=ew_0_568984,L1H04M,L1,1.93,1.81,https://labbcat.canterbury.ac.nz/maonze/transcript?ag_id=905#ew_0_568984,0.12,120,4.787491743,,
10272,ua,g_928;em_12_90368;n_104186-n_104187;p_179;#=ew_69_217707;prefix=64791-;[0]=ew_0_580667,R001M,PresentElder,4.506,4.386,https://labbcat.canterbury.ac.nz/maonze/transcript?ag_id=928#ew_0_580667,0.12,120,4.787491743,,
10359,ua,g_941;em_12_91349;n_105076-n_105077;p_179;#=ew_69_219633;prefix=66546-;[0]=ew_0_586922,R001M,PresentElder,3.862,3.742,https://labbcat.canterbury.ac.nz/maonze/transcript?ag_id=941#ew_0_586922,0.12,120,4.787491743,,
372,ea,g_1212;em_12_109787;n_118515-n_118516;p_244;#=ew_69_244715;prefix=90807-;[0]=ew_0_730871,WU04M,Historical,12.139,12.019,https://labbcat.canterbury.ac.nz/maonze/transcript?ag_id=1212#ew_0_730871,0.12,120,4.787491743,,
1032,ea,g_1856;em_12_150656;n_4611648-n_4611671;p_97;#=ew_69_215911;prefix=63301-;[0]=ew_0_1126238,MU07M,Historical,15.636,15.516,https://labbcat.canterbury.ac.nz/maonze/transcript?ag_id=1856#ew_0_1126238,0.12,120,4.787491743,,
1383,ea,g_320;em_12_148629;n_3841556-n_3841581;p_89;#=ew_69_188188;prefix=37221-;[0]=ew_0_1095262,L1Y04M,L1,11.199,11.079,https://labbcat.canterbury.ac.nz/maonze/transcript?ag_id=320#ew_0_1095262,0.12,120,4.787491743,,
3108,ia,g_1087;em_12_100435;n_111534-n_111535;p_208;#=ew_69_247639;prefix=93295-;[0]=ew_0_668142,WU07M,Historical,12.609,12.489,https://labbcat.canterbury.ac.nz/maonze/transcript?ag_id=1087#ew_0_668142,0.12,120,4.787491743,,
4707,ia,g_928;em_12_90371;n_104189-n_104190;p_179;#=ew_69_217712;prefix=64796-;[0]=ew_0_580677,R001M,PresentElder,9.734,9.614,https://labbcat.canterbury.ac.nz/maonze/transcript?ag_id=928#ew_0_580677,0.12,120,4.787491743,,
4708,ia,g_928;em_12_90372;n_104190-n_104191;p_179;#=ew_69_217717;prefix=64801-;[0]=ew_0_580685,R001M,PresentElder,13.902,13.782,https://labbcat.canterbury.ac.nz/maonze/transcript?ag_id=928#ew_0_580685,0.12,120,4.787491743,,
5019,oa,g_1033;em_12_96537;n_108855-n_108856;p_190;#=ew_69_233530;prefix=80466-;[0]=ew_0_636919,R009M,PresentElder,11.468,11.348,https://labbcat.canterbury.ac.nz/maonze/transcript?ag_id=1033#ew_0_636919,0.12,120,4.787491743,,
5558,oa,g_1754;em_12_140157;n_140803-n_140804;p_318;#=ew_69_231835;prefix=78427-;[0]=ew_0_1004291,R008M,PresentElder,9.593,9.473,https://labbcat.canterbury.ac.nz/maonze/transcript?ag_id=1754#ew_0_1004291,0.12,120,4.787491743,,
5697,oa,g_1903;em_12_156501;n_5279518-n_5279530;p_333;#=ew_69_239848;prefix=85464-;[0]=ew_0_1187367,R012M,PresentElder,10.052,9.932,https://labbcat.canterbury.ac.nz/maonze/transcript?ag_id=1903#ew_0_1187367,0.12,120,4.787491743,,
5841,oa,g_311;em_12_30272;n_55014-n_55015;p_81;#=ew_69_187090;prefix=35928-;[0]=ew_0_209469,L1Y03M,L1,15.667,15.547,https://labbcat.canterbury.ac.nz/maonze/transcript?ag_id=311#ew_0_209469,0.12,120,4.787491743,,
6016,oa,g_387;em_12_39349;n_63143-n_63144;p_95;#=ew_69_214664;prefix=62927-;[0]=ew_0_249321,MU06M,Historical,9.234,9.114,https://labbcat.canterbury.ac.nz/maonze/transcript?ag_id=387#ew_0_249321,0.12,120,4.787491743,,
6219,oa,g_617;em_12_64988;n_84547-n_84548;p_142;#=ew_69_182809;prefix=31801-;[0]=ew_0_392072,L1Y01M,L1,13.735,13.615,https://labbcat.canterbury.ac.nz/maonze/transcript?ag_id=617#ew_0_392072,0.12,120,4.787491743,,
6423,oa,g_870;em_12_86986;n_101706-n_101707;p_168;#=ew_69_174316;prefix=24069-;[0]=ew_0_553049,L1H02M,L1,10.843,10.723,https://labbcat.canterbury.ac.nz/maonze/transcript?ag_id=870#ew_0_553049,0.12,120,4.787491743,,
6584,oa,g_954;em_12_91954;n_105575-n_105576;p_181;#=ew_69_221156;prefix=68010-;[0]=ew_0_593488,R002M,PresentElder,8.504,8.384,https://labbcat.canterbury.ac.nz/maonze/transcript?ag_id=954#ew_0_593488,0.12,120,4.787491743,,
6626,oa,g_974;em_12_93123;n_106453-n_106454;p_184;#=ew_69_223908;prefix=70951-;[0]=ew_0_603973,R004M,PresentElder,6.318,6.198,https://labbcat.canterbury.ac.nz/maonze/transcript?ag_id=974#ew_0_603973,0.12,120,4.787491743,,
6694,ua,g_1007;em_12_150042;n_4017757-n_108207;p_284;#=ew_69_210442;prefix=58116-;[0]=ew_0_1114415,MU01M,Historical,15.885,15.765,https://labbcat.canterbury.ac.nz/maonze/transcript?ag_id=1007#ew_0_1114415,0.12,120,4.787491743,,
7065,ua,g_1076;em_12_99795;n_110988-n_110989;p_208;#=ew_69_245983;prefix=91877-;[0]=ew_0_662394,WU07M,Historical,13.568,13.448,https://labbcat.canterbury.ac.nz/maonze/transcript?ag_id=1076#ew_0_662394,0.12,120,4.787491743,,
7180,ua,g_109;em_12_7471;n_37272-n_37273;p_41;#=ew_69_165110;prefix=15135-;[0]=ew_0_75101,K007M,PresentElder,10.943,10.823,https://labbcat.canterbury.ac.nz/maonze/transcript?ag_id=109#ew_0_75101,0.12,120,4.787491743,,
8080,ua,g_1685;em_12_135873;n_137431-n_137432;p_307;#=ew_69_199163;prefix=47449-;[0]=ew_0_964558,L2H05M,L2,14.965,14.845,https://labbcat.canterbury.ac.nz/maonze/transcript?ag_id=1685#ew_0_964558,0.12,120,4.787491743,,
9116,ua,g_484;em_12_49681;n_71501-n_71502;p_121;#=ew_69_168836;prefix=18850-;[0]=ew_0_311142,K009M,PresentElder,8.761,8.641,https://labbcat.canterbury.ac.nz/maonze/transcript?ag_id=484#ew_0_311142,0.12,120,4.787491743,,
9968,ua,g_871;em_12_87082;n_101768-n_101769;p_168;#=ew_69_173840;prefix=24212-;[0]=ew_0_1220603,L1H02M,L1,14.661,14.541,https://labbcat.canterbury.ac.nz/maonze/transcript?ag_id=871#ew_0_1220603,0.12,120,4.787491743,,
10273,ua,g_928;em_12_90372;n_104190-n_104191;p_179;#=ew_69_217716;prefix=64800-;[0]=ew_0_580684,R001M,PresentElder,13.362,13.242,https://labbcat.canterbury.ac.nz/maonze/transcript?ag_id=928#ew_0_580684,0.12,120,4.787491743,,
10303,ua,g_935;em_12_90829;n_104629-n_104630;p_179;#=ew_69_218228;prefix=65466-;[0]=ew_0_583129,R001M,PresentElder,15.511,15.391,https://labbcat.canterbury.ac.nz/maonze/transcript?ag_id=935#ew_0_583129,0.12,120,4.787491743,,
10696,ua,g_994;em_12_150842;n_4619384-n_4619386;p_182;#=ew_69_226863;prefix=73893-;[0]=ew_0_1127110,R005M,PresentElder,9.972,9.852,https://labbcat.canterbury.ac.nz/maonze/transcript?ag_id=994#ew_0_1127110,0.12,120,4.787491743,,
238,ea,g_1078;em_12_99894;n_111085-n_111086;p_208;#=ew_69_245957;prefix=92103-;[0]=ew_0_663317,WU07M,Historical,18.772,18.652,https://labbcat.canterbury.ac.nz/maonze/transcript?ag_id=1078#ew_0_663317,0.12,120,4.787491743,,
472,ea,g_1371;em_12_118211;n_123761-n_123762;p_287;#=ew_69_228116;prefix=74870-;[0]=ew_0_813405,R006M,PresentElder,43.936,43.816,https://labbcat.canterbury.ac.nz/maonze/transcript?ag_id=1371#ew_0_813405,0.12,120,4.787491743,,
562,ea,g_1522;em_12_126069;n_130110-n_130111;p_287;#=ew_69_228404;prefix=75017-;[0]=ew_0_886240,R006M,PresentElder,61.921,61.801,https://labbcat.canterbury.ac.nz/maonze/transcript?ag_id=1522#ew_0_886240,0.12,120,4.787491743,,
799,ea,g_1661;em_12_134584;n_136452-n_136453;p_302;#=ew_69_197495;prefix=45555-;[0]=ew_0_952503,L2H04M,L2,47.925,47.805,https://labbcat.canterbury.ac.nz/maonze/transcript?ag_id=1661#ew_0_952503,0.12,120,4.787491743,,
813,ea,g_1664;em_12_134728;n_136562-n_136563;p_302;#=ew_69_197186;prefix=45989-;[0]=ew_0_954129,L2H04M,L2,56.241,56.121,https://labbcat.canterbury.ac.nz/maonze/transcript?ag_id=1664#ew_0_954129,0.12,120,4.787491743,,
828,ea,g_1667;em_12_134847;n_136667-n_136668;p_302;#=ew_69_197960;prefix=46412-;[0]=ew_0_955599,L2H04M,L2,17.008,16.888,https://labbcat.canterbury.ac.nz/maonze/transcript?ag_id=1667#ew_0_955599,0.12,120,4.787491743,,
1125,ea,g_1909;em_12_156880;n_5285167-n_5285185;p_333;#=ew_69_240828;prefix=86734-;[0]=ew_0_1191663,R012M,PresentElder,35.159,35.039,https://labbcat.canterbury.ac.nz/maonze/transcript?ag_id=1909#ew_0_1191663,0.12,120,4.787491743,,
1498,ea,g_345;em_12_161009;n_6030962-n_6030963;p_85;#=ew_69_184679;prefix=33840-;[0]=ew_0_1242478,L1Y02M,L1,50.416,50.296,https://labbcat.canterbury.ac.nz/maonze/transcript?ag_id=345#ew_0_1242478,0.12,120,4.787491743,,
1533,ea,g_370;em_12_35986;n_59811-n_59812;p_92;#=ew_69_213880;prefix=60848-;[0]=ew_0_238894,MU04M,Historical,58.736,58.616,https://labbcat.canterbury.ac.nz/maonze/transcript?ag_id=370#ew_0_238894,0.12,120,4.787491743,,
1693,ea,g_476;em_12_49086;n_8129-n_71012;p_121;#=ew_69_166924;prefix=17368-;[0]=ew_0_306014,K009M,PresentElder,20.557,20.437,https://labbcat.canterbury.ac.nz/maonze/transcript?ag_id=476#ew_0_306014,0.12,120,4.787491743,,
1795,ea,g_52;em_12_3730;n_34063-n_34064;p_32;#=ew_69_157849;prefix=08040-;[0]=ew_0_34237,K004M,PresentElder,61.805,61.685,https://labbcat.canterbury.ac.nz/maonze/transcript?ag_id=52#ew_0_34237,0.12,120,4.787491743,,
1932,ea,g_613;em_12_64806;n_84371-n_84372;p_142;#=ew_69_181677;prefix=31344-;[0]=ew_0_390216,L1Y01M,L1,29.435,29.315,https://labbcat.canterbury.ac.nz/maonze/transcript?ag_id=613#ew_0_390216,0.12,120,4.787491743,,
2132,ea,g_668;em_12_70581;n_89370-n_89371;p_148;#=ew_69_208146;prefix=56039-;[0]=ew_0_423501,L2Y05M,L2,43.8,43.68,https://labbcat.canterbury.ac.nz/maonze/transcript?ag_id=668#ew_0_423501,0.12,120,4.787491743,,
2353,ea,g_869;em_12_86923;n_101658-n_101659;p_168;#=ew_69_174252;prefix=23927-;[0]=ew_0_552542,L1H02M,L1,60.064,59.944,https://labbcat.canterbury.ac.nz/maonze/transcript?ag_id=869#ew_0_552542,0.12,120,4.787491743,,
2653,ea,g_960;em_12_92244;n_105832-n_105833;p_183;#=ew_69_222237;prefix=69026-;[0]=ew_0_596497,R003M,PresentElder,53.281,53.161,https://labbcat.canterbury.ac.nz/maonze/transcript?ag_id=960#ew_0_596497,0.12,120,4.787491743,,
2756,ea,g_979;em_12_93559;n_106718-n_106719;p_184;#=ew_69_224890;prefix=71815-;[0]=ew_0_606958,R004M,PresentElder,26.269,26.149,https://labbcat.canterbury.ac.nz/maonze/transcript?ag_id=979#ew_0_606958,0.12,120,4.787491743,,
2859,ia,g_1007;em_12_95250;n_108210-n_108211;p_284;#=ew_69_210461;prefix=58133-;[0]=ew_0_623522,MU01M,Historical,40.26,40.14,https://labbcat.canterbury.ac.nz/maonze/transcript?ag_id=1007#ew_0_623522,0.12,120,4.787491743,,
3020,ia,g_1045;em_12_97427;n_109359-n_109360;p_193;#=ew_69_236352;prefix=82565-;[0]=ew_0_645754,R010M,PresentElder,39.791,39.671,https://labbcat.canterbury.ac.nz/maonze/transcript?ag_id=1045#ew_0_645754,0.12,120,4.787491743,,
3129,ia,g_1090;em_12_100595;n_18484-n_111641;p_208;#=ew_69_247992;prefix=93655-;[0]=ew_0_669656,WU07M,Historical,58.989,58.869,https://labbcat.canterbury.ac.nz/maonze/transcript?ag_id=1090#ew_0_669656,0.12,120,4.787491743,,
3313,ia,g_139;em_12_9667;n_39138-n_39139;p_284;#=ew_69_209931;prefix=57896-;[0]=ew_0_93214,MU01M,Historical,46.702,46.582,https://labbcat.canterbury.ac.nz/maonze/transcript?ag_id=139#ew_0_93214,0.12,120,4.787491743,,
3343,ia,g_14;em_12_1089;n_31723-n_31724;p_19;#=ew_69_151710;prefix=03107-;[0]=ew_0_9404,K002M,PresentElder,58.065,57.945,https://labbcat.canterbury.ac.nz/maonze/transcript?ag_id=14#ew_0_9404,0.12,120,4.787491743,,
3752,ia,g_1920;em_12_161229;n_6078953-n_6078975;p_142;#=ew_69_183364;prefix=32647-;[0]=ew_0_1247710,L1Y01M,L1,35.394,35.274,https://labbcat.canterbury.ac.nz/maonze/transcript?ag_id=1920#ew_0_1247710,0.12,120,4.787491743,,
3989,ia,g_375;em_12_36879;n_60685-n_60687;p_92;#=ew_69_213241;prefix=61492-;[0]=ew_0_242581,MU04M,Historical,33.364,33.244,https://labbcat.canterbury.ac.nz/maonze/transcript?ag_id=375#ew_0_242581,0.12,120,4.787491743,,
4858,ia,g_979;em_12_93560;n_106719-n_106720;p_184;#=ew_69_224892;prefix=71817-;[0]=ew_0_606966,R004M,PresentElder,28.572,28.452,https://labbcat.canterbury.ac.nz/maonze/transcript?ag_id=979#ew_0_606966,0.12,120,4.787491743,,
4873,ia,g_985;em_12_93836;n_106926-n_106927;p_182;#=ew_69_225990;prefix=72578-;[0]=ew_0_609607,R005M,PresentElder,35.945,35.825,https://labbcat.canterbury.ac.nz/maonze/transcript?ag_id=985#ew_0_609607,0.12,120,4.787491743,,
5827,oa,g_307;em_12_160727;n_5999675-n_5999728;p_81;#=ew_69_186331;prefix=35587-;[0]=ew_0_1238278,L1Y03M,L1,45.068,44.948,https://labbcat.canterbury.ac.nz/maonze/transcript?ag_id=307#ew_0_1238278,0.12,120,4.787491743,,
6228,oa,g_620;em_12_65105;n_84661-n_84662;p_142;#=ew_69_182295;prefix=32181-;[0]=ew_0_393548,L1Y01M,L1,35.111,34.991,https://labbcat.canterbury.ac.nz/maonze/transcript?ag_id=620#ew_0_393548,0.12,120,4.787491743,,
6498,oa,g_905;em_12_89027;n_103188-n_15447;p_173;#=ew_69_177146;prefix=26748-;[0]=ew_0_569085,L1H04M,L1,50.672,50.552,https://labbcat.canterbury.ac.nz/maonze/transcript?ag_id=905#ew_0_569085,0.12,120,4.787491743,,
6665,oa,g_99;em_12_6920;n_36766-n_36767;p_41;#=ew_69_163261;prefix=13041-;[0]=ew_0_67473,K007M,PresentElder,18.508,18.388,https://labbcat.canterbury.ac.nz/maonze/transcript?ag_id=99#ew_0_67473,0.12,120,4.787491743,,
6714,ua,g_101;em_12_7035;n_36879-n_36880;p_41;#=ew_69_162883;prefix=13521-;[0]=ew_0_69215,K007M,PresentElder,28.964,28.844,https://labbcat.canterbury.ac.nz/maonze/transcript?ag_id=101#ew_0_69215,0.12,120,4.787491743,,
6717,ua,g_101;em_12_7039;n_36883-n_36884;p_41;#=ew_69_162908;prefix=13545-;[0]=ew_0_69303,K007M,PresentElder,62.497,62.377,https://labbcat.canterbury.ac.nz/maonze/transcript?ag_id=101#ew_0_69303,0.12,120,4.787491743,,
6740,ua,g_1012;em_12_95533;n_16764-n_6650383;p_188;#=ew_69_229923;prefix=76619-;[0]=ew_0_625698,R007M,PresentElder,32.638,32.518,https://labbcat.canterbury.ac.nz/maonze/transcript?ag_id=1012#ew_0_625698,0.12,120,4.787491743,,
6811,ua,g_1026;em_12_96228;n_17175-n_108652;p_190;#=ew_69_232381;prefix=79400-;[0]=ew_0_632541,R009M,PresentElder,51.613,51.493,https://labbcat.canterbury.ac.nz/maonze/transcript?ag_id=1026#ew_0_632541,0.12,120,4.787491743,,
6945,ua,g_1042;em_12_97194;n_7053555-n_109263;p_193;#=ew_69_236140;prefix=82236-;[0]=ew_0_643608,R010M,PresentElder,25.691,25.571,https://labbcat.canterbury.ac.nz/maonze/transcript?ag_id=1042#ew_0_643608,0.12,120,4.787491743,,
6966,ua,g_1045;em_12_97427;n_109359-n_109360;p_193;#=ew_69_236347;prefix=82561-;[0]=ew_0_645742,R010M,PresentElder,36.391,36.271,https://labbcat.canterbury.ac.nz/maonze/transcript?ag_id=1045#ew_0_645742,0.12,120,4.787491743,,
6968,ua,g_1045;em_12_97428;n_109360-n_109361;p_193;#=ew_69_236356;prefix=82569-;[0]=ew_0_645772,R010M,PresentElder,45.503,45.383,https://labbcat.canterbury.ac.nz/maonze/transcript?ag_id=1045#ew_0_645772,0.12,120,4.787491743,,
7048,ua,g_1073;em_12_99644;n_110857-n_110858;p_206;#=ew_69_245213;prefix=91534-;[0]=ew_0_660965,WU06M,Historical,17.999,17.879,https://labbcat.canterbury.ac.nz/maonze/transcript?ag_id=1073#ew_0_660965,0.12,120,4.787491743,,
7144,ua,g_1084;em_12_100270;n_111379-n_111380;p_208;#=ew_69_246447;prefix=92930-;[0]=ew_0_666632,WU07M,Historical,31.79,31.67,https://labbcat.canterbury.ac.nz/maonze/transcript?ag_id=1084#ew_0_666632,0.12,120,4.787491743,,
7155,ua,g_1086;em_12_100375;n_111476-n_111477;p_208;#=ew_69_247352;prefix=93163-;[0]=ew_0_667609,WU07M,Historical,19.996,19.876,https://labbcat.canterbury.ac.nz/maonze/transcript?ag_id=1086#ew_0_667609,0.12,120,4.787491743,,
7374,ua,g_1239;em_12_160325;n_5826062-n_21626;p_249;#=ew_69_180604;prefix=30238-;[0]=ew_0_1226891,L1H06M,L1,26.909,26.789,https://labbcat.canterbury.ac.nz/maonze/transcript?ag_id=1239#ew_0_1226891,0.12,120,4.787491743,,
7490,ua,g_138;em_12_9620;n_39092-n_39093;p_284;#=ew_69_209947;prefix=57735-;[0]=ew_0_92676,MU01M,Historical,54.055,53.935,https://labbcat.canterbury.ac.nz/maonze/transcript?ag_id=138#ew_0_92676,0.12,120,4.787491743,,
7503,ua,g_1384;em_12_118903;n_124399-n_124400;p_262;#=ew_69_248207;prefix=94056-;[0]=ew_0_820520,WU08M,Historical,52.015,51.895,https://labbcat.canterbury.ac.nz/maonze/transcript?ag_id=1384#ew_0_820520,0.12,120,4.787491743,,
7539,ua,g_1394;em_12_119241;n_23903-n_4711907;p_262;#=ew_69_249697;prefix=95374-;[0]=ew_0_825432,WU08M,Historical,42.241,42.121,https://labbcat.canterbury.ac.nz/maonze/transcript?ag_id=1394#ew_0_825432,0.12,120,4.787491743,,
7783,ua,g_1626;em_12_132363;n_134705-n_134706;p_299;#=ew_69_192707;prefix=41495-;[0]=ew_0_937336,L2H01M,L2,44.207,44.087,https://labbcat.canterbury.ac.nz/maonze/transcript?ag_id=1626#ew_0_937336,0.12,120,4.787491743,,
7982,ua,g_1664;em_12_134723;n_136557-n_136558;p_302;#=ew_69_197167;prefix=45971-;[0]=ew_0_954084,L2H04M,L2,37.138,37.018,https://labbcat.canterbury.ac.nz/maonze/transcript?ag_id=1664#ew_0_954084,0.12,120,4.787491743,,
8034,ua,g_1671;em_12_135009;n_136801-n_136802;p_302;#=ew_69_198747;prefix=46998-;[0]=ew_0_1277076,L2H04M,L2,18.394,18.274,https://labbcat.canterbury.ac.nz/maonze/transcript?ag_id=1671#ew_0_1277076,0.12,120,4.787491743,,
8062,ua,g_1679;em_12_135462;n_137166-n_137167;p_307;#=ew_69_199626;prefix=48149-;[0]=ew_0_961534,L2H05M,L2,36.04,35.92,https://labbcat.canterbury.ac.nz/maonze/transcript?ag_id=1679#ew_0_961534,0.12,120,4.787491743,,
8139,ua,g_1751;em_12_139955;n_140625-n_140626;p_318;#=ew_69_231358;prefix=78136-;[0]=ew_0_1003196,R008M,PresentElder,53.138,53.018,https://labbcat.canterbury.ac.nz/maonze/transcript?ag_id=1751#ew_0_1003196,0.12,120,4.787491743,,
8225,ua,g_1855;em_12_150587;n_4610847-n_4610856;p_97;#=ew_69_215887;prefix=63279-;[0]=ew_0_1125831,MU07M,Historical,63.055,62.935,https://labbcat.canterbury.ac.nz/maonze/transcript?ag_id=1855#ew_0_1125831,0.12,120,4.787491743,,
8680,ua,g_323;em_12_32115;n_56624-n_5756;p_89;#=ew_69_188829;prefix=37622-;[0]=ew_0_1095091,L1Y04M,L1,38.236,38.116,https://labbcat.canterbury.ac.nz/maonze/transcript?ag_id=323#ew_0_1095091,0.12,120,4.787491743,,
8707,ua,g_326;em_12_32942;n_57247-n_57248;p_89;#=ew_69_188554;prefix=38052-;[0]=ew_0_1094640,L1Y04M,L1,31.766,31.646,https://labbcat.canterbury.ac.nz/maonze/transcript?ag_id=326#ew_0_1094640,0.12,120,4.787491743,,
8881,ua,g_377;em_12_37257;n_61061-n_61063;p_94;#=ew_69_213984;prefix=61803-;[0]=ew_0_1234574,MU05M,Historical,55.75,55.63,https://labbcat.canterbury.ac.nz/maonze/transcript?ag_id=377#ew_0_1234574,0.12,120,4.787491743,,
9215,ua,g_52;em_12_3729;n_34062-n_34063;p_32;#=ew_69_157819;prefix=08026-;[0]=ew_0_34200,K004M,PresentElder,46.315,46.195,https://labbcat.canterbury.ac.nz/maonze/transcript?ag_id=52#ew_0_34200,0.12,120,4.787491743,,
9228,ua,g_53;em_12_3778;n_34110-n_34111;p_32;#=ew_69_157666;prefix=08268-;[0]=ew_0_35118,K004M,PresentElder,18.118,17.998,https://labbcat.canterbury.ac.nz/maonze/transcript?ag_id=53#ew_0_35118,0.12,120,4.787491743,,
9457,ua,g_625;em_12_65299;n_84819-n_84820;p_142;#=ew_69_183173;prefix=32739-;[0]=ew_0_1245625,L1Y01M,L1,54.268,54.148,https://labbcat.canterbury.ac.nz/maonze/transcript?ag_id=625#ew_0_1245625,0.12,120,4.787491743,,
9504,ua,g_629;em_12_171111;n_7007044-n_7007045;p_143;#=ew_69_202614;prefix=50759-;[0]=ew_0_1339652,L2Y02M,L2,43.202,43.082,https://labbcat.canterbury.ac.nz/maonze/transcript?ag_id=629#ew_0_1339652,0.12,120,4.787491743,,
9553,ua,g_635;em_12_66419;n_85843-n_85844;p_145;#=ew_69_200655;prefix=48967-;[0]=ew_0_404126,L2Y01M,L2,53.025,52.905,https://labbcat.canterbury.ac.nz/maonze/transcript?ag_id=635#ew_0_404126,0.12,120,4.787491743,,
9725,ua,g_669;em_12_70617;n_89399-n_89400;p_148;#=ew_69_208686;prefix=56222-;[0]=ew_0_424099,L2Y05M,L2,17.255,17.135,https://labbcat.canterbury.ac.nz/maonze/transcript?ag_id=669#ew_0_424099,0.12,120,4.787491743,,
9771,ua,g_8;em_12_450;n_31104-n_31105;p_28;#=ew_69_149582;prefix=01033-;[0]=ew_0_1230694,K001M,PresentElder,18.394,18.274,https://labbcat.canterbury.ac.nz/maonze/transcript?ag_id=8#ew_0_1230694,0.12,120,4.787491743,,
9977,ua,g_875;em_12_87254;n_101909-n_101910;p_169;#=ew_69_174879;prefix=24505-;[0]=ew_0_1225155,L1H03M,L1,63.132,63.012,https://labbcat.canterbury.ac.nz/maonze/transcript?ag_id=875#ew_0_1225155,0.12,120,4.787491743,,
10003,ua,g_878;em_12_87478;n_102053-n_102054;p_169;#=ew_69_174975;prefix=24841-;[0]=ew_0_556175,L1H03M,L1,60.004,59.884,https://labbcat.canterbury.ac.nz/maonze/transcript?ag_id=878#ew_0_556175,0.12,120,4.787491743,,
10061,ua,g_891;em_12_88304;n_102582-n_102583;p_174;#=ew_69_178883;prefix=28817-;[0]=ew_0_561548,L1H05M,L1,52.268,52.148,https://labbcat.canterbury.ac.nz/maonze/transcript?ag_id=891#ew_0_561548,0.12,120,4.787491743,,
10095,ua,g_897;em_12_88595;n_102831-n_102832;p_174;#=ew_69_178469;prefix=27767-;[0]=ew_0_564966,L1H05M,L1,28.345,28.225,https://labbcat.canterbury.ac.nz/maonze/transcript?ag_id=897#ew_0_564966,0.12,120,4.787491743,,
10300,ua,g_932;em_12_90752;n_104559-n_104560;p_179;#=ew_69_217642;prefix=65383-;[0]=ew_0_582767,R001M,PresentElder,46.314,46.194,https://labbcat.canterbury.ac.nz/maonze/transcript?ag_id=932#ew_0_582767,0.12,120,4.787491743,,
10433,ua,g_951;em_12_91817;n_105461-n_105462;p_181;#=ew_69_219984;prefix=67881-;[0]=ew_0_591773,R002M,PresentElder,35.195,35.075,https://labbcat.canterbury.ac.nz/maonze/transcript?ag_id=951#ew_0_591773,0.12,120,4.787491743,,
10483,ua,g_962;em_12_92355;n_105913-n_105914;p_183;#=ew_69_222305;prefix=69357-;[0]=ew_0_597638,R003M,PresentElder,32.175,32.055,https://labbcat.canterbury.ac.nz/maonze/transcript?ag_id=962#ew_0_597638,0.12,120,4.787491743,,
10533,ua,g_970;em_12_92864;n_106241-n_106242;p_184;#=ew_69_223346;prefix=70365-;[0]=ew_0_601891,R004M,PresentElder,47.08,46.96,https://labbcat.canterbury.ac.nz/maonze/transcript?ag_id=970#ew_0_601891,0.12,120,4.787491743,,
10561,ua,g_974;em_12_93138;n_106468-n_106469;p_184;#=ew_69_224089;prefix=71001-;[0]=ew_0_604105,R004M,PresentElder,53.951,53.831,https://labbcat.canterbury.ac.nz/maonze/transcript?ag_id=974#ew_0_604105,0.12,120,4.787491743,,
10674,ua,g_99;em_12_162838;n_6281772-n_6281831;p_41;#=ew_69_163287;prefix=13203-;[0]=ew_0_1271489,K007M,PresentElder,33.82,33.7,https://labbcat.canterbury.ac.nz/maonze/transcript?ag_id=99#ew_0_1271489,0.12,120,4.787491743,,
52,ea,g_1019;em_12_95975;n_17076-n_17077;p_188;#=ew_69_230310;prefix=77285-;[0]=ew_0_628873,R007M,PresentElder,79.377,79.257,https://labbcat.canterbury.ac.nz/maonze/transcript?ag_id=1019#ew_0_628873,0.12,120,4.787491743,,
163,ea,g_1041;em_12_97090;n_109228-n_109229;p_193;#=ew_69_236024;prefix=82132-;[0]=ew_0_642896,R010M,PresentElder,89.895,89.775,https://labbcat.canterbury.ac.nz/maonze/transcript?ag_id=1041#ew_0_642896,0.12,120,4.787491743,,
331,ea,g_1201;em_12_108755;n_117558-n_117559;p_244;#=ew_69_243313;prefix=89272-;[0]=ew_0_724826,WU04M,Historical,99.16,99.04,https://labbcat.canterbury.ac.nz/maonze/transcript?ag_id=1201#ew_0_724826,0.12,120,4.787491743,,
365,ea,g_1210;em_12_109684;n_118463-n_118464;p_244;#=ew_69_244658;prefix=90607-;[0]=ew_0_729996,WU04M,Historical,105.588,105.468,https://labbcat.canterbury.ac.nz/maonze/transcript?ag_id=1210#ew_0_729996,0.12,120,4.787491743,,
375,ea,g_1212;em_12_109804;n_118532-n_118533;p_244;#=ew_69_244789;prefix=90878-;[0]=ew_0_731093,WU04M,Historical,111.96,111.84,https://labbcat.canterbury.ac.nz/maonze/transcript?ag_id=1212#ew_0_731093,0.12,120,4.787491743,,
637,ea,g_16;em_12_1241;n_31868-n_31869;p_19;#=ew_69_152225;prefix=02234-;[0]=ew_0_10798,K002M,PresentElder,94.487,94.367,https://labbcat.canterbury.ac.nz/maonze/transcript?ag_id=16#ew_0_10798,0.12,120,4.787491743,,
831,ea,g_1667;em_12_134871;n_136685-n_7001096;p_302;#=ew_69_198008;prefix=46457-;[0]=ew_0_955823,L2H04M,L2,122.615,122.495,https://labbcat.canterbury.ac.nz/maonze/transcript?ag_id=1667#ew_0_955823,0.12,120,4.787491743,,
1092,ea,g_1903;em_12_156490;n_5279689-n_5279711;p_333;#=ew_69_239916;prefix=85515-;[0]=ew_0_1187009,R012M,PresentElder,69.053,68.933,https://labbcat.canterbury.ac.nz/maonze/transcript?ag_id=1903#ew_0_1187009,0.12,120,4.787491743,,
1147,ea,g_1920;em_12_161257;n_6079042-n_6079064;p_142;#=ew_69_183382;prefix=32665-;[0]=ew_0_1247757,L1Y01M,L1,64.868,64.748,https://labbcat.canterbury.ac.nz/maonze/transcript?ag_id=1920#ew_0_1247757,0.12,120,4.787491743,,
1462,ea,g_335;em_12_33320;n_57559-n_57560;p_85;#=ew_69_185587;prefix=34655-;[0]=ew_0_221849,L1Y02M,L1,111.925,111.805,https://labbcat.canterbury.ac.nz/maonze/transcript?ag_id=335#ew_0_221849,0.12,120,4.787491743,,
1854,ea,g_58;em_12_162172;n_6217244-n_6217228;p_32;#=ew_69_159656;prefix=09432-;[0]=ew_0_1261941,K004M,PresentElder,70.716,70.596,https://labbcat.canterbury.ac.nz/maonze/transcript?ag_id=58#ew_0_1261941,0.12,120,4.787491743,,
1954,ea,g_617;em_12_65008;n_84567-n_84568;p_142;#=ew_69_182918;prefix=31854-;[0]=ew_0_392317,L1Y01M,L1,98.865,98.745,https://labbcat.canterbury.ac.nz/maonze/transcript?ag_id=617#ew_0_392317,0.12,120,4.787491743,,
1987,ea,g_625;em_12_65306;n_84826-n_84827;p_142;#=ew_69_183198;prefix=32763-;[0]=ew_0_396011,L1Y01M,L1,82.005,81.885,https://labbcat.canterbury.ac.nz/maonze/transcript?ag_id=625#ew_0_396011,0.12,120,4.787491743,,
2077,ea,g_645;em_12_67180;n_86390-n_86391;p_145;#=ew_69_202003;prefix=50184-;[0]=ew_0_411595,L2Y01M,L2,124.124,124.004,https://labbcat.canterbury.ac.nz/maonze/transcript?ag_id=645#ew_0_411595,0.12,120,4.787491743,,
2243,ea,g_851;em_12_85580;n_100592-n_100593;p_167;#=ew_69_171133;prefix=21111-;[0]=ew_0_542054,L1H01M,L1,101.871,101.751,https://labbcat.canterbury.ac.nz/maonze/transcript?ag_id=851#ew_0_542054,0.12,120,4.787491743,,
2551,ea,g_937;em_12_91050;n_104835-n_104836;p_179;#=ew_69_218686;prefix=65909-;[0]=ew_0_584631,R001M,PresentElder,102.954,102.834,https://labbcat.canterbury.ac.nz/maonze/transcript?ag_id=937#ew_0_584631,0.12,120,4.787491743,,
3048,ia,g_1071;em_12_99559;n_110774-n_110775;p_206;#=ew_69_245624;prefix=91180-;[0]=ew_0_659819,WU06M,Historical,74.294,74.174,https://labbcat.canterbury.ac.nz/maonze/transcript?ag_id=1071#ew_0_659819,0.12,120,4.787491743,,
3130,ia,g_1090;em_12_100604;n_111647-n_111648;p_208;#=ew_69_248013;prefix=93675-;[0]=ew_0_669712,WU07M,Historical,83.773,83.653,https://labbcat.canterbury.ac.nz/maonze/transcript?ag_id=1090#ew_0_669712,0.12,120,4.787491743,,
3461,ia,g_1636;em_12_132891;n_135128-n_135129;p_288;#=ew_69_195235;prefix=44236-;[0]=ew_0_1275877,L2H03M,L2,64.71,64.59,https://labbcat.canterbury.ac.nz/maonze/transcript?ag_id=1636#ew_0_1275877,0.12,120,4.787491743,,
3558,ia,g_1672;em_12_135061;n_136832-n_136835;p_302;#=ew_69_198638;prefix=47193-;[0]=ew_0_1276842,L2H04M,L2,91.657,91.537,https://labbcat.canterbury.ac.nz/maonze/transcript?ag_id=1672#ew_0_1276842,0.12,120,4.787491743,,
3722,ia,g_1909;em_12_156831;n_5285353-n_5285373;p_333;#=ew_69_240897;prefix=86576-;[0]=ew_0_1191749,R012M,PresentElder,90.448,90.328,https://labbcat.canterbury.ac.nz/maonze/transcript?ag_id=1909#ew_0_1191749,0.12,120,4.787491743,,
3780,ia,g_1943;em_12_165671;n_6845927-n_6845941;p_19;#=ew_69_151876;prefix=02604-;[0]=ew_0_1295896,K002M,PresentElder,87.371,87.251,https://labbcat.canterbury.ac.nz/maonze/transcript?ag_id=1943#ew_0_1295896,0.12,120,4.787491743,,
3990,ia,g_375;em_12_36921;n_60728-n_60729;p_92;#=ew_69_213274;prefix=61522-;[0]=ew_0_242708,MU04M,Historical,99.689,99.569,https://labbcat.canterbury.ac.nz/maonze/transcript?ag_id=375#ew_0_242708,0.12,120,4.787491743,,
4129,ia,g_468;em_12_48352;n_6953685-n_70357;p_120;#=ew_69_166201;prefix=16238-;[0]=ew_0_301857,K008M,PresentElder,115.103,114.983,https://labbcat.canterbury.ac.nz/maonze/transcript?ag_id=468#ew_0_301857,0.12,120,4.787491743,,
4508,ia,g_853;em_12_85725;n_100731-n_100732;p_167;#=ew_69_171578;prefix=21380-;[0]=ew_0_543256,L1H01M,L1,121.883,121.763,https://labbcat.canterbury.ac.nz/maonze/transcript?ag_id=853#ew_0_543256,0.12,120,4.787491743,,
4799,ia,g_958;em_12_92121;n_105716-n_105717;p_183;#=ew_69_221595;prefix=68727-;[0]=ew_0_595356,R003M,PresentElder,93.978,93.858,https://labbcat.canterbury.ac.nz/maonze/transcript?ag_id=958#ew_0_595356,0.12,120,4.787491743,,
5093,oa,g_1075;em_12_99746;n_110944-n_110945;p_208;#=ew_69_245443;prefix=91797-;[0]=ew_0_661952,WU07M,Historical,66.758,66.638,https://labbcat.canterbury.ac.nz/maonze/transcript?ag_id=1075#ew_0_661952,0.12,120,4.787491743,,
5107,oa,g_1079;em_12_99966;n_111140-n_111141;p_208;#=ew_69_246027;prefix=92236-;[0]=ew_0_663890,WU07M,Historical,98.945,98.825,https://labbcat.canterbury.ac.nz/maonze/transcript?ag_id=1079#ew_0_663890,0.12,120,4.787491743,,
5266,oa,g_1384;em_12_118909;n_124405-n_124406;p_262;#=ew_69_248270;prefix=94092-;[0]=ew_0_820627,WU08M,Historical,101.806,101.686,https://labbcat.canterbury.ac.nz/maonze/transcript?ag_id=1384#ew_0_820627,0.12,120,4.787491743,,
5408,oa,g_1625;em_12_132319;n_134670-n_134671;p_299;#=ew_69_192487;prefix=41433-;[0]=ew_0_937060,L2H01M,L2,122.511,122.391,https://labbcat.canterbury.ac.nz/maonze/transcript?ag_id=1625#ew_0_937060,0.12,120,4.787491743,,
5460,oa,g_1655;em_12_134293;n_136267-n_136268;p_300;#=ew_69_194381;prefix=43348-;[0]=ew_0_950082,L2H02M,L2,113.66,113.54,https://labbcat.canterbury.ac.nz/maonze/transcript?ag_id=1655#ew_0_950082,0.12,120,4.787491743,,
5598,oa,g_1846;em_12_149361;n_3852564-n_3852581;p_49;#=ew_69_205160;prefix=53199-;[0]=ew_0_1105081,L2Y03M,L2,80.615,80.495,https://labbcat.canterbury.ac.nz/maonze/transcript?ag_id=1846#ew_0_1105081,0.12,120,4.787491743,,
5696,oa,g_1903;em_12_156488;n_5279676-n_5279689;p_333;#=ew_69_239911;prefix=85510-;[0]=ew_0_1186921,R012M,PresentElder,64.847,64.727,https://labbcat.canterbury.ac.nz/maonze/transcript?ag_id=1903#ew_0_1186921,0.12,120,4.787491743,,
5979,oa,g_374;em_12_150363;n_4459503-n_60543;p_92;#=ew_69_213504;prefix=61371-;[0]=ew_0_1123165,MU04M,Historical,126.264,126.144,https://labbcat.canterbury.ac.nz/maonze/transcript?ag_id=374#ew_0_1123165,0.12,120,4.787491743,,
6165,oa,g_597;em_12_63867;n_83467-n_83468;p_140;#=ew_69_189317;prefix=38307-;[0]=ew_0_380708,L1Y05M,L1,86.814,86.694,https://labbcat.canterbury.ac.nz/maonze/transcript?ag_id=597#ew_0_380708,0.12,120,4.787491743,,
6457,oa,g_889;em_12_159848;n_5773517-n_5773531;p_174;#=ew_69_178845;prefix=29085-;[0]=ew_0_1223791,L1H05M,L1,66.053,65.933,https://labbcat.canterbury.ac.nz/maonze/transcript?ag_id=889#ew_0_1223791,0.12,120,4.787491743,,
6688,ua,g_100;em_12_162743;n_6281918-n_6281923;p_41;#=ew_69_162670;prefix=13470-;[0]=ew_0_1269289,K007M,PresentElder,84.698,84.578,https://labbcat.canterbury.ac.nz/maonze/transcript?ag_id=100#ew_0_1269289,0.12,120,4.787491743,,
6885,ua,g_1035;em_12_96637;n_108933-n_108934;p_190;#=ew_69_234583;prefix=80939-;[0]=ew_0_638518,R009M,PresentElder,118.35,118.23,https://labbcat.canterbury.ac.nz/maonze/transcript?ag_id=1035#ew_0_638518,0.12,120,4.787491743,,
6931,ua,g_1040;em_12_96997;n_17397-n_109181;p_193;#=ew_69_234757;prefix=81971-;[0]=ew_0_642176,R010M,PresentElder,82.49,82.37,https://labbcat.canterbury.ac.nz/maonze/transcript?ag_id=1040#ew_0_642176,0.12,120,4.787491743,,
6991,ua,g_1049;em_12_97620;n_17659-n_109495;p_201;#=ew_69_241598;prefix=87680-;[0]=ew_0_647973,WU01M,Historical,96.213,96.093,https://labbcat.canterbury.ac.nz/maonze/transcript?ag_id=1049#ew_0_647973,0.12,120,4.787491743,,
7383,ua,g_1241;em_12_111564;n_5827877-n_21784;p_249;#=ew_69_181050;prefix=30545-;[0]=ew_0_745991,L1H06M,L1,117.52,117.4,https://labbcat.canterbury.ac.nz/maonze/transcript?ag_id=1241#ew_0_745991,0.12,120,4.787491743,,
7632,ua,g_1524;em_12_126147;n_130176-n_130177;p_287;#=ew_69_228601;prefix=75315-;[0]=ew_0_887426,R006M,PresentElder,65.151,65.031,https://labbcat.canterbury.ac.nz/maonze/transcript?ag_id=1524#ew_0_887426,0.12,120,4.787491743,,
7686,ua,g_1535;em_12_126689;n_25501-n_130510;p_200;#=ew_69_216130;prefix=63556-;[0]=ew_0_893525,MU08M,Historical,98.886,98.766,https://labbcat.canterbury.ac.nz/maonze/transcript?ag_id=1535#ew_0_893525,0.12,120,4.787491743,,
7739,ua,g_1619;em_12_131862;n_134330-n_134331;p_299;#=ew_69_191982;prefix=40763-;[0]=ew_0_933895,L2H01M,L2,121.755,121.635,https://labbcat.canterbury.ac.nz/maonze/transcript?ag_id=1619#ew_0_933895,0.12,120,4.787491743,,
8127,ua,g_1750;em_12_139896;n_140573-n_140574;p_318;#=ew_69_231504;prefix=78019-;[0]=ew_0_1002887,R008M,PresentElder,98.615,98.495,https://labbcat.canterbury.ac.nz/maonze/transcript?ag_id=1750#ew_0_1002887,0.12,120,4.787491743,,
8130,ua,g_1750;em_12_139901;n_140578-n_140579;p_318;#=ew_69_231522;prefix=78029-;[0]=ew_0_1002915,R008M,PresentElder,116.157,116.037,https://labbcat.canterbury.ac.nz/maonze/transcript?ag_id=1750#ew_0_1002915,0.12,120,4.787491743,,
8209,ua,g_1848;em_12_149471;n_3854033-n_3854042;p_49;#=ew_69_205466;prefix=53427-;[0]=ew_0_1106331,L2Y03M,L2,108.326,108.206,https://labbcat.canterbury.ac.nz/maonze/transcript?ag_id=1848#ew_0_1106331,0.12,120,4.787491743,,
8216,ua,g_1853;em_12_150410;n_4569003-n_4569028;p_148;#=ew_69_207991;prefix=55896-;[0]=ew_0_1124617,L2Y05M,L2,120.975,120.855,https://labbcat.canterbury.ac.nz/maonze/transcript?ag_id=1853#ew_0_1124617,0.12,120,4.787491743,,
8228,ua,g_1856;em_12_150638;n_4611954-n_4611959;p_97;#=ew_69_215937;prefix=63325-;[0]=ew_0_1126292,MU07M,Historical,104.594,104.474,https://labbcat.canterbury.ac.nz/maonze/transcript?ag_id=1856#ew_0_1126292,0.12,120,4.787491743,,
8488,ua,g_1945;em_12_165885;n_6848003-n_6848011;p_28;#=ew_69_151156;prefix=01548-;[0]=ew_0_1297976,K001M,PresentElder,73.883,73.763,https://labbcat.canterbury.ac.nz/maonze/transcript?ag_id=1945#ew_0_1297976,0.12,120,4.787491743,,
8640,ua,g_318;em_12_148537;n_3841220-n_3841243;p_89;#=ew_69_187857;prefix=36844-;[0]=ew_0_1094925,L1Y04M,L1,106.74,106.62,https://labbcat.canterbury.ac.nz/maonze/transcript?ag_id=318#ew_0_1094925,0.12,120,4.787491743,,
9138,ua,g_487;em_12_49862;n_71671-n_71672;p_122;#=ew_69_169363;prefix=19265-;[0]=ew_0_312996,K010M,PresentElder,65.463,65.343,https://labbcat.canterbury.ac.nz/maonze/transcript?ag_id=487#ew_0_312996,0.12,120,4.787491743,,
9368,ua,g_609;em_12_161080;n_6052240-n_6052244;p_142;#=ew_69_181558;prefix=30891-;[0]=ew_0_1244609,L1Y01M,L1,106.416,106.296,https://labbcat.canterbury.ac.nz/maonze/transcript?ag_id=609#ew_0_1244609,0.12,120,4.787491743,,
9493,ua,g_627;em_12_65394;n_84909-n_84910;p_142;#=ew_69_183860;prefix=33064-;[0]=ew_0_397104,L1Y01M,L1,112.487,112.367,https://labbcat.canterbury.ac.nz/maonze/transcript?ag_id=627#ew_0_397104,0.12,120,4.787491743,,
9601,ua,g_640;em_12_66841;n_10642-n_86147;p_145;#=ew_69_201667;prefix=49706-;[0]=ew_0_407940,L2Y01M,L2,123.157,123.037,https://labbcat.canterbury.ac.nz/maonze/transcript?ag_id=640#ew_0_407940,0.12,120,4.787491743,,
9634,ua,g_649;em_12_67397;n_86575-n_86576;p_146;#=ew_69_205655;prefix=53677-;[0]=ew_0_413131,L2Y04M,L2,66.945,66.825,https://labbcat.canterbury.ac.nz/maonze/transcript?ag_id=649#ew_0_413131,0.12,120,4.787491743,,
9729,ua,g_669;em_12_70631;n_89413-n_89414;p_148;#=ew_69_208811;prefix=56280-;[0]=ew_0_424367,L2Y05M,L2,127.547,127.427,https://labbcat.canterbury.ac.nz/maonze/transcript?ag_id=669#ew_0_424367,0.12,120,4.787491743,,
9783,ua,g_80;em_12_5524;n_35603-n_35604;p_37;#=ew_69_160161;prefix=10541-;[0]=ew_0_1092084,K005M,PresentElder,104.758,104.638,https://labbcat.canterbury.ac.nz/maonze/transcript?ag_id=80#ew_0_1092084,0.12,120,4.787491743,,
10122,ua,g_9;em_12_573;n_31221-n_31222;p_28;#=ew_69_150463;prefix=00743-;[0]=ew_0_5243,K001M,PresentElder,64.716,64.596,https://labbcat.canterbury.ac.nz/maonze/transcript?ag_id=9#ew_0_5243,0.12,120,4.787491743,,
10306,ua,g_935;em_12_90859;n_104659-n_104660;p_179;#=ew_69_218353;prefix=65512-;[0]=ew_0_583297,R001M,PresentElder,88.044,87.924,https://labbcat.canterbury.ac.nz/maonze/transcript?ag_id=935#ew_0_583297,0.12,120,4.787491743,,
10518,ua,g_968;em_12_92779;n_7036355-n_106185;p_183;#=ew_69_223207;prefix=70209-;[0]=ew_0_601220,R003M,PresentElder,85.035,84.915,https://labbcat.canterbury.ac.nz/maonze/transcript?ag_id=968#ew_0_601220,0.12,120,4.787491743,,
10654,ua,g_988;em_12_93980;n_4619771-n_107047;p_182;#=ew_69_225713;prefix=73179-;[0]=ew_0_611392,R005M,PresentElder,88.797,88.677,https://labbcat.canterbury.ac.nz/maonze/transcript?ag_id=988#ew_0_611392,0.12,120,4.787491743,,
10692,ua,g_993;em_12_94192;n_107227-n_107228;p_182;#=ew_69_227187;prefix=73773-;[0]=ew_0_613975,R005M,PresentElder,114.74,114.62,https://labbcat.canterbury.ac.nz/maonze/transcript?ag_id=993#ew_0_613975,0.12,120,4.787491743,,
83,ea,g_1028;em_12_163742;n_6702399-n_6702406;p_190;#=ew_69_233370;prefix=79858-;[0]=ew_0_1283041,R009M,PresentElder,238.658,238.538,https://labbcat.canterbury.ac.nz/maonze/transcript?ag_id=1028#ew_0_1283041,0.12,120,4.787491743,,
87,ea,g_1028;em_12_171455;n_7052006-n_7052007;p_190;#=ew_69_233240;prefix=79787-;[0]=ew_0_1344683,R009M,PresentElder,161.384,161.264,https://labbcat.canterbury.ac.nz/maonze/transcript?ag_id=1028#ew_0_1344683,0.12,120,4.787491743,,
288,ea,g_1090;em_12_100633;n_111676-n_29988;p_208;#=ew_69_248077;prefix=93737-;[0]=ew_0_669951,WU07M,Historical,183.057,182.937,https://labbcat.canterbury.ac.nz/maonze/transcript?ag_id=1090#ew_0_669951,0.12,120,4.787491743,,
450,ea,g_13;em_12_1037;n_31672-n_31673;p_19;#=ew_69_152750;prefix=03458-;[0]=ew_0_9070,K002M,PresentElder,228.509,228.389,https://labbcat.canterbury.ac.nz/maonze/transcript?ag_id=13#ew_0_9070,0.12,120,4.787491743,,
789,ea,g_1658;em_12_134493;n_136400-n_136401;p_300;#=ew_69_195131;prefix=43698-;[0]=ew_0_951659,L2H02M,L2,160.706,160.586,https://labbcat.canterbury.ac.nz/maonze/transcript?ag_id=1658#ew_0_951659,0.12,120,4.787491743,,
924,ea,g_1688;em_12_136096;n_137563-n_137564;p_307;#=ew_69_200159;prefix=48116-;[0]=ew_0_966086,L2H05M,L2,220.926,220.806,https://labbcat.canterbury.ac.nz/maonze/transcript?ag_id=1688#ew_0_966086,0.12,120,4.787491743,,
1688,ea,g_474;em_12_49014;n_70947-n_70948;p_121;#=ew_69_167176;prefix=17056-;[0]=ew_0_305010,K009M,PresentElder,202.325,202.205,https://labbcat.canterbury.ac.nz/maonze/transcript?ag_id=474#ew_0_305010,0.12,120,4.787491743,,
1778,ea,g_5;em_12_188;n_30853-n_30854;p_28;#=ew_69_150958;prefix=01821-;[0]=ew_0_2273,K001M,PresentElder,168.051,167.931,https://labbcat.canterbury.ac.nz/maonze/transcript?ag_id=5#ew_0_2273,0.12,120,4.787491743,,
1938,ea,g_613;em_12_64838;n_84403-n_84404;p_142;#=ew_69_181830;prefix=31436-;[0]=ew_0_390564,L1Y01M,L1,155.718,155.598,https://labbcat.canterbury.ac.nz/maonze/transcript?ag_id=613#ew_0_390564,0.12,120,4.787491743,,
2027,ea,g_631;em_12_65996;n_85463-n_85464;p_143;#=ew_69_202311;prefix=51296-;[0]=ew_0_400795,L2Y02M,L2,129.563,129.443,https://labbcat.canterbury.ac.nz/maonze/transcript?ag_id=631#ew_0_400795,0.12,120,4.787491743,,
2202,ea,g_8;em_12_501;n_31155-n_31156;p_28;#=ew_69_149863;prefix=01151-;[0]=ew_0_4699,K001M,PresentElder,186.194,186.074,https://labbcat.canterbury.ac.nz/maonze/transcript?ag_id=8#ew_0_4699,0.12,120,4.787491743,,
2438,ea,g_897;em_12_88631;n_102867-n_102868;p_174;#=ew_69_178717;prefix=27902-;[0]=ew_0_565414,L1H05M,L1,212.831,212.711,https://labbcat.canterbury.ac.nz/maonze/transcript?ag_id=897#ew_0_565414,0.12,120,4.787491743,,
2687,ea,g_97;em_12_162850;n_6281882-n_6282069;p_41;#=ew_69_163295;prefix=12823-;[0]=ew_0_1270545,K007M,PresentElder,199.807,199.687,https://labbcat.canterbury.ac.nz/maonze/transcript?ag_id=97#ew_0_1270545,0.12,120,4.787491743,,
2921,ia,g_1026;em_12_96242;n_108663-n_108664;p_190;#=ew_69_232516;prefix=79455-;[0]=ew_0_632766,R009M,PresentElder,135.295,135.175,https://labbcat.canterbury.ac.nz/maonze/transcript?ag_id=1026#ew_0_632766,0.12,120,4.787491743,,
2941,ia,g_1029;em_12_96385;n_108746-n_108747;p_190;#=ew_69_233635;prefix=79933-;[0]=ew_0_634739,R009M,PresentElder,136.551,136.431,https://labbcat.canterbury.ac.nz/maonze/transcript?ag_id=1029#ew_0_634739,0.12,120,4.787491743,,
3858,ia,g_306;em_12_160975;n_6000452-n_6000459;p_81;#=ew_69_186290;prefix=35406-;[0]=ew_0_1240317,L1Y03M,L1,179.486,179.366,https://labbcat.canterbury.ac.nz/maonze/transcript?ag_id=306#ew_0_1240317,0.12,120,4.787491743,,
4413,ia,g_649;em_12_67521;n_86693-n_86694;p_146;#=ew_69_205736;prefix=53754-;[0]=ew_0_413397,L2Y04M,L2,213.081,212.961,https://labbcat.canterbury.ac.nz/maonze/transcript?ag_id=649#ew_0_413397,0.12,120,4.787491743,,
4416,ia,g_655;em_12_68964;n_87950-n_87951;p_146;#=ew_69_206374;prefix=54352-;[0]=ew_0_416667,L2Y04M,L2,205.956,205.836,https://labbcat.canterbury.ac.nz/maonze/transcript?ag_id=655#ew_0_416667,0.12,120,4.787491743,,
4740,ia,g_936;em_12_91000;n_104786-n_104787;p_179;#=ew_69_218492;prefix=65795-;[0]=ew_0_584256,R001M,PresentElder,204.236,204.116,https://labbcat.canterbury.ac.nz/maonze/transcript?ag_id=936#ew_0_584256,0.12,120,4.787491743,,
4756,ia,g_940;em_12_91307;n_105057-n_15855;p_179;#=ew_69_219270;prefix=66467-;[0]=ew_0_586617,R001M,PresentElder,138.736,138.616,https://labbcat.canterbury.ac.nz/maonze/transcript?ag_id=940#ew_0_586617,0.12,120,4.787491743,,
5254,oa,g_138;em_12_9641;n_39113-n_39114;p_284;#=ew_69_210136;prefix=57815-;[0]=ew_0_92938,MU01M,Historical,172.081,171.961,https://labbcat.canterbury.ac.nz/maonze/transcript?ag_id=138#ew_0_92938,0.12,120,4.787491743,,
5271,oa,g_1388;em_12_119054;n_124533-n_124534;p_262;#=ew_69_248149;prefix=94609-;[0]=ew_0_822641,WU08M,Historical,140.771,140.651,https://labbcat.canterbury.ac.nz/maonze/transcript?ag_id=1388#ew_0_822641,0.12,120,4.787491743,,
5374,oa,g_1547;em_12_127333;n_130855-n_130856;p_291;#=ew_69_216806;prefix=64041-;[0]=ew_0_899659,MU09M,Historical,143.902,143.782,https://labbcat.canterbury.ac.nz/maonze/transcript?ag_id=1547#ew_0_899659,0.12,120,4.787491743,,
5601,oa,g_1848;em_12_149493;n_3854304-n_3854318;p_49;#=ew_69_205561;prefix=53471-;[0]=ew_0_1106563,L2Y03M,L2,211.367,211.247,https://labbcat.canterbury.ac.nz/maonze/transcript?ag_id=1848#ew_0_1106563,0.12,120,4.787491743,,
5804,oa,g_22;em_12_1840;n_32457-n_32458;p_19;#=ew_69_153563;prefix=04174-;[0]=ew_0_1232461,K002M,PresentElder,188.938,188.818,https://labbcat.canterbury.ac.nz/maonze/transcript?ag_id=22#ew_0_1232461,0.12,120,4.787491743,,
6015,oa,g_386;em_12_39246;n_63041-n_63042;p_95;#=ew_69_215776;prefix=62838-;[0]=ew_0_248966,MU06M,Historical,177.396,177.276,https://labbcat.canterbury.ac.nz/maonze/transcript?ag_id=386#ew_0_248966,0.12,120,4.787491743,,
6215,oa,g_614;em_12_64891;n_84455-n_84456;p_142;#=ew_69_182149;prefix=31563-;[0]=ew_0_391079,L1Y01M,L1,169.843,169.723,https://labbcat.canterbury.ac.nz/maonze/transcript?ag_id=614#ew_0_391079,0.12,120,4.787491743,,
6479,oa,g_898;em_12_159870;n_5774242-n_5774253;p_174;#=ew_69_178732;prefix=27703-;[0]=ew_0_1223779,L1H05M,L1,164.456,164.336,https://labbcat.canterbury.ac.nz/maonze/transcript?ag_id=898#ew_0_1223779,0.12,120,4.787491743,,
6482,oa,g_9;em_12_602;n_31250-n_31251;p_28;#=ew_69_150529;prefix=00807-;[0]=ew_0_5469,K001M,PresentElder,147.795,147.675,https://labbcat.canterbury.ac.nz/maonze/transcript?ag_id=9#ew_0_5469,0.12,120,4.787491743,,
6555,oa,g_941;em_12_91411;n_105120-n_105121;p_179;#=ew_69_219779;prefix=66677-;[0]=ew_0_587384,R001M,PresentElder,201.908,201.788,https://labbcat.canterbury.ac.nz/maonze/transcript?ag_id=941#ew_0_587384,0.12,120,4.787491743,,
6691,ua,g_100;em_12_162757;n_6281827-n_6281976;p_41;#=ew_69_162755;prefix=13317-;[0]=ew_0_1270276,K007M,PresentElder,149.819,149.699,https://labbcat.canterbury.ac.nz/maonze/transcript?ag_id=100#ew_0_1270276,0.12,120,4.787491743,,
7063,ua,g_1075;em_12_99783;n_110977-n_110978;p_208;#=ew_69_245551;prefix=91866-;[0]=ew_0_662315,WU07M,Historical,213.045,212.925,https://labbcat.canterbury.ac.nz/maonze/transcript?ag_id=1075#ew_0_662315,0.12,120,4.787491743,,
7511,ua,g_1388;em_12_119061;n_124540-n_124541;p_262;#=ew_69_248160;prefix=94619-;[0]=ew_0_822691,WU08M,Historical,195.027,194.907,https://labbcat.canterbury.ac.nz/maonze/transcript?ag_id=1388#ew_0_822691,0.12,120,4.787491743,,
7966,ua,g_1661;em_12_134613;n_6399797-n_30564;p_302;#=ew_69_197621;prefix=45674-;[0]=ew_0_952960,L2H04M,L2,241.98,241.86,https://labbcat.canterbury.ac.nz/maonze/transcript?ag_id=1661#ew_0_952960,0.12,120,4.787491743,,
7975,ua,g_1662;em_12_134641;n_136489-n_136490;p_302;#=ew_69_197099;prefix=45760-;[0]=ew_0_953270,L2H04M,L2,146.753,146.633,https://labbcat.canterbury.ac.nz/maonze/transcript?ag_id=1662#ew_0_953270,0.12,120,4.787491743,,
8872,ua,g_372;em_12_36361;n_4458836-n_60178;p_92;#=ew_69_213741;prefix=61219-;[0]=ew_0_240965,MU04M,Historical,201.867,201.747,https://labbcat.canterbury.ac.nz/maonze/transcript?ag_id=372#ew_0_240965,0.12,120,4.787491743,,
9128,ua,g_486;em_12_49798;n_71610-n_71611;p_121;#=ew_69_166817;prefix=16849-;[0]=ew_0_312543,K009M,PresentElder,132.95,132.83,https://labbcat.canterbury.ac.nz/maonze/transcript?ag_id=486#ew_0_312543,0.12,120,4.787491743,,
9160,ua,g_489;em_12_50270;n_8366-n_71957;p_122;#=ew_69_170072;prefix=19494-;[0]=ew_0_314445,K010M,PresentElder,155.188,155.068,https://labbcat.canterbury.ac.nz/maonze/transcript?ag_id=489#ew_0_314445,0.12,120,4.787491743,,
9232,ua,g_54;em_12_161899;n_6213646-n_6213647;p_32;#=ew_69_158337;prefix=08585-;[0]=ew_0_1259628,K004M,PresentElder,232.563,232.443,https://labbcat.canterbury.ac.nz/maonze/transcript?ag_id=54#ew_0_1259628,0.12,120,4.787491743,,
9545,ua,g_633;em_12_66286;n_85735-n_10500;p_143;#=ew_69_203121;prefix=51868-;[0]=ew_0_1251939,L2Y02M,L2,215.313,215.193,https://labbcat.canterbury.ac.nz/maonze/transcript?ag_id=633#ew_0_1251939,0.12,120,4.787491743,,
9620,ua,g_642;em_12_67007;n_86251-n_86252;p_145;#=ew_69_201180;prefix=50078-;[0]=ew_0_409624,L2Y01M,L2,178.992,178.872,https://labbcat.canterbury.ac.nz/maonze/transcript?ag_id=642#ew_0_409624,0.12,120,4.787491743,,
10100,ua,g_897;em_12_88619;n_102855-n_102856;p_174;#=ew_69_178639;prefix=27864-;[0]=ew_0_565285,L1H05M,L1,156.956,156.836,https://labbcat.canterbury.ac.nz/maonze/transcript?ag_id=897#ew_0_565285,0.12,120,4.787491743,,
10106,ua,g_897;em_12_88635;n_102871-n_102872;p_174;#=ew_69_178757;prefix=27920-;[0]=ew_0_565456,L1H05M,L1,233.039,232.919,https://labbcat.canterbury.ac.nz/maonze/transcript?ag_id=897#ew_0_565456,0.12,120,4.787491743,,
10124,ua,g_9;em_12_595;n_31243-n_31244;p_28;#=ew_69_150516;prefix=00794-;[0]=ew_0_1231019,K001M,PresentElder,129.694,129.574,https://labbcat.canterbury.ac.nz/maonze/transcript?ag_id=9#ew_0_1231019,0.12,120,4.787491743,,
10266,ua,g_927;em_12_90345;n_104164-n_104165;p_179;#=ew_69_217304;prefix=64753-;[0]=ew_0_580559,R001M,PresentElder,178.319,178.199,https://labbcat.canterbury.ac.nz/maonze/transcript?ag_id=927#ew_0_580559,0.12,120,4.787491743,,
10271,ua,g_927;em_12_90363;n_104182-n_104183;p_179;#=ew_69_217337;prefix=64783-;[0]=ew_0_580651,R001M,PresentElder,221.724,221.604,https://labbcat.canterbury.ac.nz/maonze/transcript?ag_id=927#ew_0_580651,0.12,120,4.787491743,,
10538,ua,g_970;em_12_92903;n_106280-n_106281;p_184;#=ew_69_223453;prefix=70464-;[0]=ew_0_602231,R004M,PresentElder,210.902,210.782,https://labbcat.canterbury.ac.nz/maonze/transcript?ag_id=970#ew_0_602231,0.12,120,4.787491743,,
1676,ea,g_469;em_12_48559;n_6953861-n_70537;p_120;#=ew_69_166424;prefix=16458-;[0]=ew_0_1090921,K008M,PresentElder,266.167,266.047,https://labbcat.canterbury.ac.nz/maonze/transcript?ag_id=469#ew_0_1090921,0.12,120,4.787491743,,
1868,ea,g_597;em_12_63910;n_83510-n_83511;p_140;#=ew_69_189432;prefix=38414-;[0]=ew_0_381062,L1Y05M,L1,271.917,271.797,https://labbcat.canterbury.ac.nz/maonze/transcript?ag_id=597#ew_0_381062,0.12,120,4.787491743,,
3360,ia,g_1521;em_12_126049;n_130093-n_130094;p_284;#=ew_69_210730;prefix=58530-;[0]=ew_0_886005,MU01M,Historical,257.381,257.261,https://labbcat.canterbury.ac.nz/maonze/transcript?ag_id=1521#ew_0_886005,0.12,120,4.787491743,,
3809,ia,g_20;em_12_1697;n_32316-n_32317;p_19;#=ew_69_154184;prefix=03832-;[0]=ew_0_14601,K002M,PresentElder,412.893,412.773,https://labbcat.canterbury.ac.nz/maonze/transcript?ag_id=20#ew_0_14601,0.12,120,4.787491743,,
3822,ia,g_22;em_12_1875;n_32492-n_32493;p_19;#=ew_69_153704;prefix=04255-;[0]=ew_0_16035,K002M,PresentElder,335.417,335.297,https://labbcat.canterbury.ac.nz/maonze/transcript?ag_id=22#ew_0_16035,0.12,120,4.787491743,,
6267,oa,g_632;em_12_66193;n_85645-n_85646;p_143;#=ew_69_203489;prefix=51675-;[0]=ew_0_402278,L2Y02M,L2,312.292,312.172,https://labbcat.canterbury.ac.nz/maonze/transcript?ag_id=632#ew_0_402278,0.12,120,4.787491743,,
6780,ua,g_102;em_12_162962;n_6286127-n_6286132;p_41;#=ew_69_163824;prefix=13896-;[0]=ew_0_1273662,K007M,PresentElder,261.489,261.369,https://labbcat.canterbury.ac.nz/maonze/transcript?ag_id=102#ew_0_1273662,0.12,120,4.787491743,,
22,ea,g_101;em_12_162900;n_6285626-n_6285629;p_41;#=ew_69_163105;prefix=13704-;[0]=ew_0_1272612,K007M,PresentElder,234.84,234.73,https://labbcat.canterbury.ac.nz/maonze/transcript?ag_id=101#ew_0_1272612,0.11,110,4.700480366,,
99,ea,g_1030;em_12_96429;n_108778-n_108779;p_190;#=ew_69_234053;prefix=80102-;[0]=ew_0_635379,R009M,PresentElder,136.145,136.035,https://labbcat.canterbury.ac.nz/maonze/transcript?ag_id=1030#ew_0_635379,0.11,110,4.700480366,,
104,ea,g_1031;em_12_96481;n_108815-n_108816;p_190;#=ew_69_234214;prefix=80287-;[0]=ew_0_636072,R009M,PresentElder,146.145,146.035,https://labbcat.canterbury.ac.nz/maonze/transcript?ag_id=1031#ew_0_636072,0.11,110,4.700480366,,
200,ea,g_107;em_12_163085;n_6288639-n_6288642;p_41;#=ew_69_164385;prefix=14752-;[0]=ew_0_1273102,K007M,PresentElder,199.768,199.658,https://labbcat.canterbury.ac.nz/maonze/transcript?ag_id=107#ew_0_1273102,0.11,110,4.700480366,,
310,ea,g_116;em_12_8385;n_37943-n_37944;p_43;#=ew_69_212025;prefix=59114-;[0]=ew_0_81233,MU02M,Historical,279.82,279.71,https://labbcat.canterbury.ac.nz/maonze/transcript?ag_id=116#ew_0_81233,0.11,110,4.700480366,,
316,ea,g_117;em_12_8504;n_38061-n_4017018;p_43;#=ew_69_211609;prefix=58721-;[0]=ew_0_82534,MU02M,Historical,167.911,167.801,https://labbcat.canterbury.ac.nz/maonze/transcript?ag_id=117#ew_0_82534,0.11,110,4.700480366,,
468,ea,g_132;em_12_8955;n_38434-n_38435;p_284;#=ew_69_209228;prefix=56991-;[0]=ew_0_86564,MU01M,Historical,188.865,188.755,https://labbcat.canterbury.ac.nz/maonze/transcript?ag_id=132#ew_0_86564,0.11,110,4.700480366,,
688,ea,g_1629;em_12_132557;n_134831-n_134832;p_299;#=ew_69_193041;prefix=41848-;[0]=ew_0_938743,L2H01M,L2,194.417,194.307,https://labbcat.canterbury.ac.nz/maonze/transcript?ag_id=1629#ew_0_938743,0.11,110,4.700480366,,
727,ea,g_1646;em_12_133545;n_135728-n_135729;p_300;#=ew_69_194167;prefix=42162-;[0]=ew_0_945424,L2H02M,L2,237.156,237.046,https://labbcat.canterbury.ac.nz/maonze/transcript?ag_id=1646#ew_0_945424,0.11,110,4.700480366,,
762,ea,g_1653;em_12_134162;n_136175-n_136176;p_300;#=ew_69_194923;prefix=43138-;[0]=ew_0_949211,L2H02M,L2,174.342,174.232,https://labbcat.canterbury.ac.nz/maonze/transcript?ag_id=1653#ew_0_949211,0.11,110,4.700480366,,
815,ea,g_1664;em_12_134756;n_136590-n_136591;p_302;#=ew_69_197329;prefix=46061-;[0]=ew_0_954410,L2H04M,L2,183.721,183.611,https://labbcat.canterbury.ac.nz/maonze/transcript?ag_id=1664#ew_0_954410,0.11,110,4.700480366,,
880,ea,g_1675;em_12_135198;n_136946-n_136947;p_307;#=ew_69_200429;prefix=48705-;[0]=ew_0_959736,L2H05M,L2,149.519,149.409,https://labbcat.canterbury.ac.nz/maonze/transcript?ag_id=1675#ew_0_959736,0.11,110,4.700480366,,
1052,ea,g_1884;em_12_155152;n_5260295-n_5260306;p_334;#=ew_69_237352;prefix=83520-;[0]=ew_0_1171376,R011M,PresentElder,238.717,238.607,https://labbcat.canterbury.ac.nz/maonze/transcript?ag_id=1884#ew_0_1171376,0.11,110,4.700480366,,
1059,ea,g_1895;em_12_155805;n_5270983-n_5270995;p_334;#=ew_69_238839;prefix=84403-;[0]=ew_0_1180138,R011M,PresentElder,241.828,241.718,https://labbcat.canterbury.ac.nz/maonze/transcript?ag_id=1895#ew_0_1180138,0.11,110,4.700480366,,
1064,ea,g_1895;em_12_155842;n_5270774-n_5270783;p_334;#=ew_69_238793;prefix=84467-;[0]=ew_0_1180210,R011M,PresentElder,182.835,182.725,https://labbcat.canterbury.ac.nz/maonze/transcript?ag_id=1895#ew_0_1180210,0.11,110,4.700480366,,
1071,ea,g_1897;em_12_155974;n_5274497-n_5274512;p_333;#=ew_69_238778;prefix=84805-;[0]=ew_0_1182066,R012M,PresentElder,241.479,241.369,https://labbcat.canterbury.ac.nz/maonze/transcript?ag_id=1897#ew_0_1182066,0.11,110,4.700480366,,
1108,ea,g_1908;em_12_156748;n_5284815-n_5284833;p_333;#=ew_69_241226;prefix=86392-;[0]=ew_0_1191313,R012M,PresentElder,267.682,267.572,https://labbcat.canterbury.ac.nz/maonze/transcript?ag_id=1908#ew_0_1191313,0.11,110,4.700480366,,
1133,ea,g_1911;em_12_156977;n_5288167-n_5288195;p_333;#=ew_69_240766;prefix=87054-;[0]=ew_0_1193893,R012M,PresentElder,292.988,292.878,https://labbcat.canterbury.ac.nz/maonze/transcript?ag_id=1911#ew_0_1193893,0.11,110,4.700480366,,
1135,ea,g_1911;em_12_156993;n_5288009-n_5288018;p_333;#=ew_69_240727;prefix=87012-;[0]=ew_0_1194196,R012M,PresentElder,242.548,242.438,https://labbcat.canterbury.ac.nz/maonze/transcript?ag_id=1911#ew_0_1194196,0.11,110,4.700480366,,
1143,ea,g_1913;em_12_157128;n_5290057-n_5290073;p_333;#=ew_69_240270;prefix=87258-;[0]=ew_0_1195838,R012M,PresentElder,193.793,193.683,https://labbcat.canterbury.ac.nz/maonze/transcript?ag_id=1913#ew_0_1195838,0.11,110,4.700480366,,
1145,ea,g_1920;em_12_161231;n_6079308-n_6079319;p_142;#=ew_69_183440;prefix=32721-;[0]=ew_0_1248071,L1Y01M,L1,138.389,138.279,https://labbcat.canterbury.ac.nz/maonze/transcript?ag_id=1920#ew_0_1248071,0.11,110,4.700480366,,
1189,ea,g_1945;em_12_165837;n_6848212-n_6848225;p_28;#=ew_69_151212;prefix=01596-;[0]=ew_0_1297626,K001M,PresentElder,131.692,131.582,https://labbcat.canterbury.ac.nz/maonze/transcript?ag_id=1945#ew_0_1297626,0.11,110,4.700480366,,
1212,ea,g_1947;em_12_166049;n_6850794-n_6850812;p_121;#=ew_69_168849;prefix=18448-;[0]=ew_0_1299320,K009M,PresentElder,269.692,269.582,https://labbcat.canterbury.ac.nz/maonze/transcript?ag_id=1947#ew_0_1299320,0.11,110,4.700480366,,
1218,ea,g_20;em_12_1641;n_32260-n_32261;p_19;#=ew_69_153835;prefix=03681-;[0]=ew_0_14172,K002M,PresentElder,206.978,206.868,https://labbcat.canterbury.ac.nz/maonze/transcript?ag_id=20#ew_0_14172,0.11,110,4.700480366,,
1272,ea,g_25;em_12_2172;n_32781-n_32782;p_19;#=ew_69_154239;prefix=05007-;[0]=ew_0_18384,K002M,PresentElder,288.762,288.652,https://labbcat.canterbury.ac.nz/maonze/transcript?ag_id=25#ew_0_18384,0.11,110,4.700480366,,
1288,ea,g_27;em_12_2247;n_32854-n_32855;p_19;#=ew_69_154905;prefix=05253-;[0]=ew_0_19096,K002M,PresentElder,208.966,208.856,https://labbcat.canterbury.ac.nz/maonze/transcript?ag_id=27#ew_0_19096,0.11,110,4.700480366,,
1297,ea,g_27;em_12_2265;n_32872-n_32873;p_19;#=ew_69_154977;prefix=05325-;[0]=ew_0_1325169,K002M,PresentElder,290.884,290.774,https://labbcat.canterbury.ac.nz/maonze/transcript?ag_id=27#ew_0_1325169,0.11,110,4.700480366,,
1322,ea,g_307;em_12_29970;n_54764-n_54765;p_81;#=ew_69_186558;prefix=35459-;[0]=ew_0_207051,L1Y03M,L1,189.817,189.707,https://labbcat.canterbury.ac.nz/maonze/transcript?ag_id=307#ew_0_207051,0.11,110,4.700480366,,
1332,ea,g_309;em_12_30145;n_5514-n_5999818;p_81;#=ew_69_186089;prefix=35839-;[0]=ew_0_208426,L1Y03M,L1,202.316,202.206,https://labbcat.canterbury.ac.nz/maonze/transcript?ag_id=309#ew_0_208426,0.11,110,4.700480366,,
1374,ea,g_319;em_12_31210;n_55823-n_5652;p_89;#=ew_69_187958;prefix=37020-;[0]=ew_0_213887,L1Y04M,L1,161.937,161.827,https://labbcat.canterbury.ac.nz/maonze/transcript?ag_id=319#ew_0_213887,0.11,110,4.700480366,,
1415,ea,g_324;em_12_32549;n_56945-n_56947;p_89;#=ew_69_188466;prefix=37841-;[0]=ew_0_217652,L1Y04M,L1,156.991,156.881,https://labbcat.canterbury.ac.nz/maonze/transcript?ag_id=324#ew_0_217652,0.11,110,4.700480366,,
1422,ea,g_326;em_12_148506;n_3841895-n_5949;p_89;#=ew_69_188719;prefix=38153-;[0]=ew_0_1095900,L1Y04M,L1,145.179,145.069,https://labbcat.canterbury.ac.nz/maonze/transcript?ag_id=326#ew_0_1095900,0.11,110,4.700480366,,
1505,ea,g_351;em_12_33868;n_57992-n_57993;p_87;#=ew_69_211034;prefix=59575-;[0]=ew_0_227951,MU03M,Historical,147.471,147.361,https://labbcat.canterbury.ac.nz/maonze/transcript?ag_id=351#ew_0_227951,0.11,110,4.700480366,,
1591,ea,g_446;em_12_46136;n_68628-n_68629;p_110;#=ew_69_156167;prefix=05938-;[0]=ew_0_287633,K003M,PresentElder,316.021,315.911,https://labbcat.canterbury.ac.nz/maonze/transcript?ag_id=446#ew_0_287633,0.11,110,4.700480366,,
1597,ea,g_450;em_12_169808;n_6946228-n_6946229;p_110;#=ew_69_156858;prefix=06861-;[0]=ew_0_1327001,K003M,PresentElder,327.31,327.2,https://labbcat.canterbury.ac.nz/maonze/transcript?ag_id=450#ew_0_1327001,0.11,110,4.700480366,,
1612,ea,g_452;em_12_161436;n_6126132-n_6126134;p_110;#=ew_69_157359;prefix=07411-;[0]=ew_0_1253434,K003M,PresentElder,407.882,407.772,https://labbcat.canterbury.ac.nz/maonze/transcript?ag_id=452#ew_0_1253434,0.11,110,4.700480366,,
1613,ea,g_452;em_12_161472;n_6126130-n_6126132;p_110;#=ew_69_157351;prefix=07403-;[0]=ew_0_1254085,K003M,PresentElder,402.728,402.618,https://labbcat.canterbury.ac.nz/maonze/transcript?ag_id=452#ew_0_1254085,0.11,110,4.700480366,,
1626,ea,g_455;em_12_158525;n_5392304-n_5392312;p_112;#=ew_69_161181;prefix=11727-;[0]=ew_0_1209617,K006M,PresentElder,281.269,281.159,https://labbcat.canterbury.ac.nz/maonze/transcript?ag_id=455#ew_0_1209617,0.11,110,4.700480366,,
1652,ea,g_462;em_12_47671;n_69755-n_69756;p_112;#=ew_69_162379;prefix=12443-;[0]=ew_0_298421,K006M,PresentElder,250.722,250.612,https://labbcat.canterbury.ac.nz/maonze/transcript?ag_id=462#ew_0_298421,0.11,110,4.700480366,,
1723,ea,g_484;em_12_49713;n_71533-n_71534;p_121;#=ew_69_169098;prefix=18970-;[0]=ew_0_311610,K009M,PresentElder,188.217,188.107,https://labbcat.canterbury.ac.nz/maonze/transcript?ag_id=484#ew_0_311610,0.11,110,4.700480366,,
1725,ea,g_484;em_12_49731;n_71551-n_29380;p_121;#=ew_69_169259;prefix=19050-;[0]=ew_0_311859,K009M,PresentElder,290.687,290.577,https://labbcat.canterbury.ac.nz/maonze/transcript?ag_id=484#ew_0_311859,0.11,110,4.700480366,,
1806,ea,g_53;em_12_158340;n_5387893-n_5387896;p_32;#=ew_69_157806;prefix=08371-;[0]=ew_0_1211094,K004M,PresentElder,134.804,134.694,https://labbcat.canterbury.ac.nz/maonze/transcript?ag_id=53#ew_0_1211094,0.11,110,4.700480366,,
1846,ea,g_57;em_12_162086;n_6216378-n_6216333;p_32;#=ew_69_158986;prefix=09342-;[0]=ew_0_1261862,K004M,PresentElder,198.603,198.493,https://labbcat.canterbury.ac.nz/maonze/transcript?ag_id=57#ew_0_1261862,0.11,110,4.700480366,,
1896,ea,g_605;em_12_64388;n_83980-n_83981;p_140;#=ew_69_190942;prefix=39880-;[0]=ew_0_386271,L1Y05M,L1,160.329,160.219,https://labbcat.canterbury.ac.nz/maonze/transcript?ag_id=605#ew_0_386271,0.11,110,4.700480366,,
1908,ea,g_607;em_12_64561;n_84137-n_84138;p_140;#=ew_69_191378;prefix=40241-;[0]=ew_0_387646,L1Y05M,L1,257.757,257.647,https://labbcat.canterbury.ac.nz/maonze/transcript?ag_id=607#ew_0_387646,0.11,110,4.700480366,,
1944,ea,g_615;em_12_64929;n_6053657-n_84493;p_142;#=ew_69_182606;prefix=31659-;[0]=ew_0_391467,L1Y01M,L1,139.126,139.016,https://labbcat.canterbury.ac.nz/maonze/transcript?ag_id=615#ew_0_391467,0.11,110,4.700480366,,
2015,ea,g_630;em_12_65857;n_85333-n_85334;p_143;#=ew_69_203660;prefix=51018-;[0]=ew_0_399769,L2Y02M,L2,175.024,174.914,https://labbcat.canterbury.ac.nz/maonze/transcript?ag_id=630#ew_0_399769,0.11,110,4.700480366,,
2018,ea,g_630;em_12_65899;n_85373-n_85374;p_143;#=ew_69_203739;prefix=51088-;[0]=ew_0_400033,L2Y02M,L2,280.41,280.3,https://labbcat.canterbury.ac.nz/maonze/transcript?ag_id=630#ew_0_400033,0.11,110,4.700480366,,
2045,ea,g_633;em_12_66272;n_85721-n_85722;p_143;#=ew_69_203040;prefix=51828-;[0]=ew_0_402907,L2Y02M,L2,173,172.89,https://labbcat.canterbury.ac.nz/maonze/transcript?ag_id=633#ew_0_402907,0.11,110,4.700480366,,
2210,ea,g_81;em_12_158431;n_5390294-n_5390295;p_37;#=ew_69_160420;prefix=10711-;[0]=ew_0_1207533,K005M,PresentElder,264.495,264.385,https://labbcat.canterbury.ac.nz/maonze/transcript?ag_id=81#ew_0_1207533,0.11,110,4.700480366,,
2234,ea,g_85;em_12_160557;n_5958139-n_5958150;p_37;#=ew_69_161475;prefix=11282-;[0]=ew_0_1236020,K005M,PresentElder,272.962,272.852,https://labbcat.canterbury.ac.nz/maonze/transcript?ag_id=85#ew_0_1236020,0.11,110,4.700480366,,
2347,ea,g_868;em_12_159532;n_5655822-n_5655826;p_168;#=ew_69_174200;prefix=23858-;[0]=ew_0_1220105,L1H02M,L1,241.864,241.754,https://labbcat.canterbury.ac.nz/maonze/transcript?ag_id=868#ew_0_1220105,0.11,110,4.700480366,,
2415,ea,g_894;em_12_88464;n_102722-n_102723;p_174;#=ew_69_179344;prefix=28369-;[0]=ew_0_563422,L1H05M,L1,133.936,133.826,https://labbcat.canterbury.ac.nz/maonze/transcript?ag_id=894#ew_0_563422,0.11,110,4.700480366,,
2517,ea,g_926;em_12_90234;n_104054-n_104055;p_179;#=ew_69_217471;prefix=64523-;[0]=ew_0_579794,R001M,PresentElder,129.782,129.672,https://labbcat.canterbury.ac.nz/maonze/transcript?ag_id=926#ew_0_579794,0.11,110,4.700480366,,
2520,ea,g_926;em_12_90264;n_104084-n_104085;p_179;#=ew_69_217571;prefix=64603-;[0]=ew_0_580036,R001M,PresentElder,218.37,218.26,https://labbcat.canterbury.ac.nz/maonze/transcript?ag_id=926#ew_0_580036,0.11,110,4.700480366,,
2571,ea,g_940;em_12_91339;n_105069-n_105070;p_179;#=ew_69_219334;prefix=66527-;[0]=ew_0_586851,R001M,PresentElder,218.852,218.742,https://labbcat.canterbury.ac.nz/maonze/transcript?ag_id=940#ew_0_586851,0.11,110,4.700480366,,
2650,ea,g_959;em_12_92208;n_105798-n_105799;p_183;#=ew_69_222128;prefix=68923-;[0]=ew_0_596126,R003M,PresentElder,165.967,165.857,https://labbcat.canterbury.ac.nz/maonze/transcript?ag_id=959#ew_0_596126,0.11,110,4.700480366,,
2689,ea,g_97;em_12_162853;n_6282050-n_6281858;p_41;#=ew_69_163250;prefix=12668-;[0]=ew_0_1269257,K007M,PresentElder,172.531,172.421,https://labbcat.canterbury.ac.nz/maonze/transcript?ag_id=97#ew_0_1269257,0.11,110,4.700480366,,
2692,ea,g_97;em_12_162863;n_6282139-n_6282144;p_41;#=ew_69_163513;prefix=12681-;[0]=ew_0_1268393,K007M,PresentElder,281.064,280.954,https://labbcat.canterbury.ac.nz/maonze/transcript?ag_id=97#ew_0_1268393,0.11,110,4.700480366,,
2693,ea,g_97;em_12_162863;n_6282139-n_6282144;p_41;#=ew_69_163516;prefix=12682-;[0]=ew_0_1269608,K007M,PresentElder,282.094,281.984,https://labbcat.canterbury.ac.nz/maonze/transcript?ag_id=97#ew_0_1269608,0.11,110,4.700480366,,
2720,ea,g_973;em_12_93087;n_6583038-n_106431;p_184;#=ew_69_223812;prefix=70883-;[0]=ew_0_603746,R004M,PresentElder,128.673,128.563,https://labbcat.canterbury.ac.nz/maonze/transcript?ag_id=973#ew_0_603746,0.11,110,4.700480366,,
2791,ea,g_982;em_12_93756;n_106862-n_106863;p_184;#=ew_69_225394;prefix=72245-;[0]=ew_0_608829,R004M,PresentElder,181.637,181.527,https://labbcat.canterbury.ac.nz/maonze/transcript?ag_id=982#ew_0_608829,0.11,110,4.700480366,,
2820,ea,g_99;em_12_162792;n_6281958-n_6281965;p_41;#=ew_69_163663;prefix=13056-;[0]=ew_0_1271742,K007M,PresentElder,194.318,194.208,https://labbcat.canterbury.ac.nz/maonze/transcript?ag_id=99#ew_0_1271742,0.11,110,4.700480366,,
2979,ia,g_1033;em_12_96566;n_108878-n_108879;p_190;#=ew_69_233749;prefix=80571-;[0]=ew_0_637318,R009M,PresentElder,174.99,174.88,https://labbcat.canterbury.ac.nz/maonze/transcript?ag_id=1033#ew_0_637318,0.11,110,4.700480366,,
3058,ia,g_1072;em_12_99619;n_110833-n_110834;p_206;#=ew_69_245905;prefix=91443-;[0]=ew_0_660640,WU06M,Historical,149.174,149.064,https://labbcat.canterbury.ac.nz/maonze/transcript?ag_id=1072#ew_0_660640,0.11,110,4.700480366,,
3065,ia,g_1075;em_12_99781;n_110975-n_110976;p_208;#=ew_69_245544;prefix=91859-;[0]=ew_0_662296,WU07M,Historical,204.042,203.932,https://labbcat.canterbury.ac.nz/maonze/transcript?ag_id=1075#ew_0_662296,0.11,110,4.700480366,,
3067,ia,g_1076;em_12_99828;n_111021-n_111022;p_208;#=ew_69_246306;prefix=91970-;[0]=ew_0_662748,WU07M,Historical,150.822,150.712,https://labbcat.canterbury.ac.nz/maonze/transcript?ag_id=1076#ew_0_662748,0.11,110,4.700480366,,
3085,ia,g_1081;em_12_100089;n_111231-n_111232;p_208;#=ew_69_247007;prefix=92466-;[0]=ew_0_664889,WU07M,Historical,128.3,128.19,https://labbcat.canterbury.ac.nz/maonze/transcript?ag_id=1081#ew_0_664889,0.11,110,4.700480366,,
3147,ia,g_115;em_12_8262;n_37821-n_37822;p_43;#=ew_69_211232;prefix=59416-;[0]=ew_0_1113405,MU02M,Historical,195.347,195.237,https://labbcat.canterbury.ac.nz/maonze/transcript?ag_id=115#ew_0_1113405,0.11,110,4.700480366,,
3164,ia,g_116;em_12_8391;n_37949-n_37950;p_43;#=ew_69_212043;prefix=59131-;[0]=ew_0_81284,MU02M,Historical,302.933,302.823,https://labbcat.canterbury.ac.nz/maonze/transcript?ag_id=116#ew_0_81284,0.11,110,4.700480366,,
3229,ia,g_1209;em_12_109642;n_118427-n_118428;p_244;#=ew_69_243931;prefix=90517-;[0]=ew_0_729661,WU04M,Historical,142.703,142.593,https://labbcat.canterbury.ac.nz/maonze/transcript?ag_id=1209#ew_0_729661,0.11,110,4.700480366,,
3265,ia,g_133;em_12_9040;n_38518-n_38519;p_284;#=ew_69_209688;prefix=57176-;[0]=ew_0_1115012,MU01M,Historical,340.221,340.111,https://labbcat.canterbury.ac.nz/maonze/transcript?ag_id=133#ew_0_1115012,0.11,110,4.700480366,,
3277,ia,g_137;em_12_9597;n_39070-n_39071;p_284;#=ew_69_210246;prefix=57649-;[0]=ew_0_92345,MU01M,Historical,158.256,158.146,https://labbcat.canterbury.ac.nz/maonze/transcript?ag_id=137#ew_0_92345,0.11,110,4.700480366,,
3285,ia,g_1374;em_12_118365;n_123908-n_123909;p_284;#=ew_69_210418;prefix=58304-;[0]=ew_0_815599,MU01M,Historical,213.494,213.384,https://labbcat.canterbury.ac.nz/maonze/transcript?ag_id=1374#ew_0_815599,0.11,110,4.700480366,,
3308,ia,g_1387;em_12_151856;n_4711568-n_4711569;p_262;#=ew_69_248824;prefix=94484-;[0]=ew_0_1134166,WU08M,Historical,162.626,162.516,https://labbcat.canterbury.ac.nz/maonze/transcript?ag_id=1387#ew_0_1134166,0.11,110,4.700480366,,
3381,ia,g_1536;em_12_126778;n_130550-n_130551;p_200;#=ew_69_216310;prefix=63632-;[0]=ew_0_894525,MU08M,Historical,196.372,196.262,https://labbcat.canterbury.ac.nz/maonze/transcript?ag_id=1536#ew_0_894525,0.11,110,4.700480366,,
3421,ia,g_1621;em_12_132038;n_134471-n_134472;p_299;#=ew_69_191887;prefix=41036-;[0]=ew_0_935204,L2H01M,L2,218.453,218.343,https://labbcat.canterbury.ac.nz/maonze/transcript?ag_id=1621#ew_0_935204,0.11,110,4.700480366,,
3450,ia,g_1634;em_12_132786;n_135028-n_135029;p_288;#=ew_69_195659;prefix=44006-;[0]=ew_0_940118,L2H03M,L2,167.155,167.045,https://labbcat.canterbury.ac.nz/maonze/transcript?ag_id=1634#ew_0_940118,0.11,110,4.700480366,,
3457,ia,g_1635;em_12_132860;n_135099-n_135100;p_288;#=ew_69_195663;prefix=44175-;[0]=ew_0_940662,L2H03M,L2,207.99,207.88,https://labbcat.canterbury.ac.nz/maonze/transcript?ag_id=1635#ew_0_940662,0.11,110,4.700480366,,
3520,ia,g_1662;em_12_134660;n_136506-n_30565;p_302;#=ew_69_197158;prefix=45805-;[0]=ew_0_953468,L2H04M,L2,236.978,236.868,https://labbcat.canterbury.ac.nz/maonze/transcript?ag_id=1662#ew_0_953468,0.11,110,4.700480366,,
3532,ia,g_1666;em_12_134843;n_6399063-n_30569;p_302;#=ew_69_197938;prefix=46393-;[0]=ew_0_955548,L2H04M,L2,233.108,232.998,https://labbcat.canterbury.ac.nz/maonze/transcript?ag_id=1666#ew_0_955548,0.11,110,4.700480366,,
3577,ia,g_1750;em_12_139910;n_140587-n_28530;p_318;#=ew_69_231544;prefix=78048-;[0]=ew_0_1002968,R008M,PresentElder,151.937,151.827,https://labbcat.canterbury.ac.nz/maonze/transcript?ag_id=1750#ew_0_1002968,0.11,110,4.700480366,,
3695,ia,g_19;em_12_1571;n_32191-n_32192;p_19;#=ew_69_152951;prefix=03056-;[0]=ew_0_13734,K002M,PresentElder,389.449,389.339,https://labbcat.canterbury.ac.nz/maonze/transcript?ag_id=19#ew_0_13734,0.11,110,4.700480366,,
3706,ia,g_1904;em_12_156575;n_5281206-n_5281223;p_333;#=ew_69_239797;prefix=85806-;[0]=ew_0_1188244,R012M,PresentElder,252.233,252.123,https://labbcat.canterbury.ac.nz/maonze/transcript?ag_id=1904#ew_0_1188244,0.11,110,4.700480366,,
3729,ia,g_1909;em_12_156860;n_5285712-n_5285722;p_333;#=ew_69_241091;prefix=86670-;[0]=ew_0_1191931,R012M,PresentElder,207.949,207.839,https://labbcat.canterbury.ac.nz/maonze/transcript?ag_id=1909#ew_0_1191931,0.11,110,4.700480366,,
3748,ia,g_1913;em_12_157113;n_5290289-n_5290310;p_333;#=ew_69_240321;prefix=87368-;[0]=ew_0_1196188,R012M,PresentElder,267.826,267.716,https://labbcat.canterbury.ac.nz/maonze/transcript?ag_id=1913#ew_0_1196188,0.11,110,4.700480366,,
3805,ia,g_20;em_12_1627;n_32246-n_32247;p_19;#=ew_69_153804;prefix=03650-;[0]=ew_0_14092,K002M,PresentElder,168.229,168.119,https://labbcat.canterbury.ac.nz/maonze/transcript?ag_id=20#ew_0_14092,0.11,110,4.700480366,,
3823,ia,g_22;em_12_1876;n_32493-n_32494;p_19;#=ew_69_153708;prefix=04257-;[0]=ew_0_16040,K002M,PresentElder,337.425,337.315,https://labbcat.canterbury.ac.nz/maonze/transcript?ag_id=22#ew_0_16040,0.11,110,4.700480366,,
3838,ia,g_24;em_12_2083;n_32698-n_32699;p_19;#=ew_69_154609;prefix=04806-;[0]=ew_0_17723,K002M,PresentElder,407.988,407.878,https://labbcat.canterbury.ac.nz/maonze/transcript?ag_id=24#ew_0_17723,0.11,110,4.700480366,,
3903,ia,g_325;em_12_32869;n_57193-n_57194;p_89;#=ew_69_188744;prefix=37996-;[0]=ew_0_218388,L1Y04M,L1,215.917,215.807,https://labbcat.canterbury.ac.nz/maonze/transcript?ag_id=325#ew_0_218388,0.11,110,4.700480366,,
3911,ia,g_329;em_12_33191;n_5973-n_57458;p_85;#=ew_69_184714;prefix=34034-;[0]=ew_0_220196,L1Y02M,L1,154.943,154.833,https://labbcat.canterbury.ac.nz/maonze/transcript?ag_id=329#ew_0_220196,0.11,110,4.700480366,,
4041,ia,g_445;em_12_45984;n_68485-n_6943944;p_110;#=ew_69_155658;prefix=05549-;[0]=ew_0_1252853,K003M,PresentElder,148.512,148.402,https://labbcat.canterbury.ac.nz/maonze/transcript?ag_id=445#ew_0_1252853,0.11,110,4.700480366,,
4099,ia,g_452;em_12_46799;n_69232-n_69233;p_110;#=ew_69_157264;prefix=07330-;[0]=ew_0_292974,K003M,PresentElder,163.275,163.165,https://labbcat.canterbury.ac.nz/maonze/transcript?ag_id=452#ew_0_292974,0.11,110,4.700480366,,
4168,ia,g_483;em_12_49624;n_71459-n_71460;p_121;#=ew_69_168304;prefix=18794-;[0]=ew_0_310877,K009M,PresentElder,196.776,196.666,https://labbcat.canterbury.ac.nz/maonze/transcript?ag_id=483#ew_0_310877,0.11,110,4.700480366,,
4234,ia,g_54;em_12_161923;n_6213647-n_6213648;p_32;#=ew_69_158352;prefix=08593-;[0]=ew_0_1259444,K004M,PresentElder,239.893,239.783,https://labbcat.canterbury.ac.nz/maonze/transcript?ag_id=54#ew_0_1259444,0.11,110,4.700480366,,
4268,ia,g_59;em_12_162204;n_6219074-n_6219116;p_32;#=ew_69_159543;prefix=09653-;[0]=ew_0_1263336,K004M,PresentElder,228.604,228.494,https://labbcat.canterbury.ac.nz/maonze/transcript?ag_id=59#ew_0_1263336,0.11,110,4.700480366,,
4379,ia,g_633;em_12_66263;n_85712-n_85713;p_143;#=ew_69_202963;prefix=51796-;[0]=ew_0_402813,L2Y02M,L2,142.919,142.809,https://labbcat.canterbury.ac.nz/maonze/transcript?ag_id=633#ew_0_402813,0.11,110,4.700480366,,
4380,ia,g_633;em_12_66280;n_85729-n_85730;p_143;#=ew_69_203085;prefix=51850-;[0]=ew_0_402991,L2Y02M,L2,197.866,197.756,https://labbcat.canterbury.ac.nz/maonze/transcript?ag_id=633#ew_0_402991,0.11,110,4.700480366,,
4410,ia,g_645;em_12_67174;n_86384-n_86385;p_145;#=ew_69_201957;prefix=50162-;[0]=ew_0_411518,L2Y01M,L2,83.302,83.192,https://labbcat.canterbury.ac.nz/maonze/transcript?ag_id=645#ew_0_411518,0.11,110,4.700480366,,
4418,ia,g_662;em_12_70368;n_89168-n_89169;p_148;#=ew_69_207104;prefix=55049-;[0]=ew_0_419900,L2Y05M,L2,149.198,149.088,https://labbcat.canterbury.ac.nz/maonze/transcript?ag_id=662#ew_0_419900,0.11,110,4.700480366,,
4485,ia,g_8;em_12_527;n_31181-n_31182;p_28;#=ew_69_150032;prefix=01219-;[0]=ew_0_4923,K001M,PresentElder,270.168,270.058,https://labbcat.canterbury.ac.nz/maonze/transcript?ag_id=8#ew_0_4923,0.11,110,4.700480366,,
4558,ia,g_864;em_12_86544;n_101409-n_101410;p_168;#=ew_69_173810;prefix=23121-;[0]=ew_0_549646,L1H02M,L1,223.376,223.266,https://labbcat.canterbury.ac.nz/maonze/transcript?ag_id=864#ew_0_549646,0.11,110,4.700480366,,
4689,ia,g_912;em_12_89357;n_103324-n_103325;p_173;#=ew_69_176630;prefix=26048-;[0]=ew_0_572994,L1H04M,L1,219.137,219.027,https://labbcat.canterbury.ac.nz/maonze/transcript?ag_id=912#ew_0_572994,0.11,110,4.700480366,,
4717,ia,g_930;em_12_90683;n_104498-n_104499;p_179;#=ew_69_218167;prefix=65325-;[0]=ew_0_582431,R001M,PresentElder,231.738,231.628,https://labbcat.canterbury.ac.nz/maonze/transcript?ag_id=930#ew_0_582431,0.11,110,4.700480366,,
4774,ia,g_949;em_12_91737;n_105399-n_105400;p_181;#=ew_69_220561;prefix=67615-;[0]=ew_0_590755,R002M,PresentElder,164.644,164.534,https://labbcat.canterbury.ac.nz/maonze/transcript?ag_id=949#ew_0_590755,0.11,110,4.700480366,,
4788,ia,g_955;em_12_163336;n_6536270-n_6536273;p_181;#=ew_69_221367;prefix=68311-;[0]=ew_0_1278834,R002M,PresentElder,147.616,147.506,https://labbcat.canterbury.ac.nz/maonze/transcript?ag_id=955#ew_0_1278834,0.11,110,4.700480366,,
4827,ia,g_97;em_12_162880;n_6282134-n_6282139;p_41;#=ew_69_163493;prefix=12675-;[0]=ew_0_1271552,K007M,PresentElder,273.507,273.397,https://labbcat.canterbury.ac.nz/maonze/transcript?ag_id=97#ew_0_1271552,0.11,110,4.700480366,,
4891,ia,g_987;em_12_93953;n_107025-n_107026;p_182;#=ew_69_226474;prefix=73088-;[0]=ew_0_611085,R005M,PresentElder,222.322,222.212,https://labbcat.canterbury.ac.nz/maonze/transcript?ag_id=987#ew_0_611085,0.11,110,4.700480366,,
4920,ia,g_991;em_12_94124;n_107169-n_107170;p_182;#=ew_69_226837;prefix=73676-;[0]=ew_0_613110,R005M,PresentElder,232.244,232.134,https://labbcat.canterbury.ac.nz/maonze/transcript?ag_id=991#ew_0_613110,0.11,110,4.700480366,,
4998,oa,g_1027;em_12_96292;n_108688-n_108689;p_190;#=ew_69_232875;prefix=79608-;[0]=ew_0_633439,R009M,PresentElder,131.217,131.107,https://labbcat.canterbury.ac.nz/maonze/transcript?ag_id=1027#ew_0_633439,0.11,110,4.700480366,,
4999,oa,g_1027;em_12_96301;n_108693-n_108694;p_190;#=ew_69_232906;prefix=79635-;[0]=ew_0_633577,R009M,PresentElder,178.572,178.462,https://labbcat.canterbury.ac.nz/maonze/transcript?ag_id=1027#ew_0_633577,0.11,110,4.700480366,,
5029,oa,g_1035;em_12_96649;n_108945-n_108946;p_190;#=ew_69_234669;prefix=81020-;[0]=ew_0_638772,R009M,PresentElder,209.328,209.218,https://labbcat.canterbury.ac.nz/maonze/transcript?ag_id=1035#ew_0_638772,0.11,110,4.700480366,,
5079,oa,g_107;em_12_163106;n_6288648-n_6288651;p_41;#=ew_69_164490;prefix=14681-;[0]=ew_0_1273926,K007M,PresentElder,226.46,226.35,https://labbcat.canterbury.ac.nz/maonze/transcript?ag_id=107#ew_0_1273926,0.11,110,4.700480366,,
5114,oa,g_1082;em_12_100167;n_111299-n_111300;p_208;#=ew_69_247250;prefix=92718-;[0]=ew_0_665740,WU07M,Historical,187.994,187.884,https://labbcat.canterbury.ac.nz/maonze/transcript?ag_id=1082#ew_0_665740,0.11,110,4.700480366,,
5325,oa,g_1521;em_12_126045;n_130089-n_130090;p_284;#=ew_69_210716;prefix=58518-;[0]=ew_0_885965,MU01M,Historical,241.312,241.202,https://labbcat.canterbury.ac.nz/maonze/transcript?ag_id=1521#ew_0_885965,0.11,110,4.700480366,,
5340,oa,g_1524;em_12_126167;n_6614620-n_130197;p_287;#=ew_69_228786;prefix=75407-;[0]=ew_0_887731,R006M,PresentElder,195.935,195.825,https://labbcat.canterbury.ac.nz/maonze/transcript?ag_id=1524#ew_0_887731,0.11,110,4.700480366,,
5341,oa,g_1524;em_12_163606;n_6614617-n_6614620;p_287;#=ew_69_228778;prefix=75403-;[0]=ew_0_1281317,R006M,PresentElder,190.12,190.01,https://labbcat.canterbury.ac.nz/maonze/transcript?ag_id=1524#ew_0_1281317,0.11,110,4.700480366,,
5377,oa,g_16;em_12_1274;n_31901-n_31902;p_19;#=ew_69_152304;prefix=02302-;[0]=ew_0_11121,K002M,PresentElder,234.28,234.17,https://labbcat.canterbury.ac.nz/maonze/transcript?ag_id=16#ew_0_11121,0.11,110,4.700480366,,
5717,oa,g_1908;em_12_156795;n_5284689-n_5284709;p_333;#=ew_69_241156;prefix=86355-;[0]=ew_0_1191518,R012M,PresentElder,228.686,228.576,https://labbcat.canterbury.ac.nz/maonze/transcript?ag_id=1908#ew_0_1191518,0.11,110,4.700480366,,
5748,oa,g_1913;em_12_157140;n_5290178-n_5290200;p_333;#=ew_69_240283;prefix=87386-;[0]=ew_0_1195475,R012M,PresentElder,233.907,233.797,https://labbcat.canterbury.ac.nz/maonze/transcript?ag_id=1913#ew_0_1195475,0.11,110,4.700480366,,
5773,oa,g_1943;em_12_165667;n_6846489-n_6846497;p_19;#=ew_69_152150;prefix=02729-;[0]=ew_0_1295655,K002M,PresentElder,297.015,296.905,https://labbcat.canterbury.ac.nz/maonze/transcript?ag_id=1943#ew_0_1295655,0.11,110,4.700480366,,
5799,oa,g_20;em_12_1664;n_32283-n_32284;p_19;#=ew_69_153910;prefix=03744-;[0]=ew_0_14375,K002M,PresentElder,312.57,312.46,https://labbcat.canterbury.ac.nz/maonze/transcript?ag_id=20#ew_0_14375,0.11,110,4.700480366,,
5811,oa,g_24;em_12_2054;n_32669-n_32670;p_19;#=ew_69_154514;prefix=04712-;[0]=ew_0_17470,K002M,PresentElder,303.365,303.255,https://labbcat.canterbury.ac.nz/maonze/transcript?ag_id=24#ew_0_17470,0.11,110,4.700480366,,
5816,oa,g_27;em_12_2274;n_32881-n_32882;p_19;#=ew_69_155013;prefix=05361-;[0]=ew_0_19355,K002M,PresentElder,332.712,332.602,https://labbcat.canterbury.ac.nz/maonze/transcript?ag_id=27#ew_0_19355,0.11,110,4.700480366,,
5835,oa,g_308;em_12_160736;n_5999985-n_5999992;p_81;#=ew_69_186325;prefix=35690-;[0]=ew_0_1239143,L1Y03M,L1,283.427,283.317,https://labbcat.canterbury.ac.nz/maonze/transcript?ag_id=308#ew_0_1239143,0.11,110,4.700480366,,
5887,oa,g_322;em_12_31924;n_5727-n_3841757;p_89;#=ew_69_189149;prefix=37504-;[0]=ew_0_216047,L1Y04M,L1,175.614,175.504,https://labbcat.canterbury.ac.nz/maonze/transcript?ag_id=322#ew_0_216047,0.11,110,4.700480366,,
5894,oa,g_324;em_12_32569;n_56963-n_56965;p_89;#=ew_69_188485;prefix=37859-;[0]=ew_0_217718,L1Y04M,L1,184.05,183.94,https://labbcat.canterbury.ac.nz/maonze/transcript?ag_id=324#ew_0_217718,0.11,110,4.700480366,,
5951,oa,g_368;em_12_150119;n_59626-n_4458770;p_92;#=ew_69_212700;prefix=60509-;[0]=ew_0_1123016,MU04M,Historical,187.941,187.831,https://labbcat.canterbury.ac.nz/maonze/transcript?ag_id=368#ew_0_1123016,0.11,110,4.700480366,,
5970,oa,g_372;em_12_150135;n_4458792-n_4458795;p_92;#=ew_69_213675;prefix=61179-;[0]=ew_0_240822,MU04M,Historical,140.55,140.44,https://labbcat.canterbury.ac.nz/maonze/transcript?ag_id=372#ew_0_240822,0.11,110,4.700480366,,
6023,oa,g_446;em_12_169664;n_6944594-n_6944595;p_110;#=ew_69_155779;prefix=05845-;[0]=ew_0_1325830,K003M,PresentElder,195.959,195.849,https://labbcat.canterbury.ac.nz/maonze/transcript?ag_id=446#ew_0_1325830,0.11,110,4.700480366,,
6025,oa,g_446;em_12_46150;n_68642-n_68643;p_110;#=ew_69_156193;prefix=05964-;[0]=ew_0_287723,K003M,PresentElder,357.726,357.616,https://labbcat.canterbury.ac.nz/maonze/transcript?ag_id=446#ew_0_287723,0.11,110,4.700480366,,
6137,oa,g_51;em_12_3709;n_34043-n_34044;p_32;#=ew_69_157449;prefix=07920-;[0]=ew_0_33890,K004M,PresentElder,167.09,166.98,https://labbcat.canterbury.ac.nz/maonze/transcript?ag_id=51#ew_0_33890,0.11,110,4.700480366,,
6143,oa,g_52;em_12_3746;n_34079-n_34080;p_32;#=ew_69_158032;prefix=08130-;[0]=ew_0_34560,K004M,PresentElder,172.477,172.367,https://labbcat.canterbury.ac.nz/maonze/transcript?ag_id=52#ew_0_34560,0.11,110,4.700480366,,
6284,oa,g_635;em_12_66491;n_85893-n_85894;p_145;#=ew_69_200777;prefix=49085-;[0]=ew_0_404656,L2Y01M,L2,316.107,315.997,https://labbcat.canterbury.ac.nz/maonze/transcript?ag_id=635#ew_0_404656,0.11,110,4.700480366,,
6285,oa,g_635;em_12_66497;n_85897-n_85898;p_145;#=ew_69_200800;prefix=49103-;[0]=ew_0_404704,L2Y01M,L2,337.882,337.772,https://labbcat.canterbury.ac.nz/maonze/transcript?ag_id=635#ew_0_404704,0.11,110,4.700480366,,
6421,oa,g_869;em_12_86982;n_101703-n_29765;p_168;#=ew_69_174621;prefix=24062-;[0]=ew_0_553030,L1H02M,L1,253.567,253.457,https://labbcat.canterbury.ac.nz/maonze/transcript?ag_id=869#ew_0_553030,0.11,110,4.700480366,,
6518,oa,g_926;em_12_90266;n_104086-n_104087;p_179;#=ew_69_217587;prefix=64609-;[0]=ew_0_580051,R001M,PresentElder,224.965,224.855,https://labbcat.canterbury.ac.nz/maonze/transcript?ag_id=926#ew_0_580051,0.11,110,4.700480366,,
6551,oa,g_940;em_12_91339;n_105069-n_105070;p_179;#=ew_69_219337;prefix=66530-;[0]=ew_0_586856,R001M,PresentElder,220.032,219.922,https://labbcat.canterbury.ac.nz/maonze/transcript?ag_id=940#ew_0_586856,0.11,110,4.700480366,,
6553,oa,g_941;em_12_91406;n_105115-n_105116;p_179;#=ew_69_219773;prefix=66671-;[0]=ew_0_587337,R001M,PresentElder,181.001,180.891,https://labbcat.canterbury.ac.nz/maonze/transcript?ag_id=941#ew_0_587337,0.11,110,4.700480366,,
6587,oa,g_954;em_12_91982;n_105603-n_105604;p_181;#=ew_69_221398;prefix=68132-;[0]=ew_0_593900,R002M,PresentElder,188.816,188.706,https://labbcat.canterbury.ac.nz/maonze/transcript?ag_id=954#ew_0_593900,0.11,110,4.700480366,,
6614,oa,g_971;em_12_92956;n_6582822-n_106333;p_184;#=ew_69_223632;prefix=70634-;[0]=ew_0_602746,R004M,PresentElder,185.067,184.957,https://labbcat.canterbury.ac.nz/maonze/transcript?ag_id=971#ew_0_602746,0.11,110,4.700480366,,
6624,oa,g_972;em_12_93039;n_106400-n_106401;p_184;#=ew_69_224084;prefix=70793-;[0]=ew_0_603381,R004M,PresentElder,229.235,229.125,https://labbcat.canterbury.ac.nz/maonze/transcript?ag_id=972#ew_0_603381,0.11,110,4.700480366,,
6630,oa,g_976;em_12_93335;n_106591-n_106592;p_184;#=ew_69_224446;prefix=71408-;[0]=ew_0_605576,R004M,PresentElder,143.038,142.928,https://labbcat.canterbury.ac.nz/maonze/transcript?ag_id=976#ew_0_605576,0.11,110,4.700480366,,
6638,oa,g_978;em_12_163530;n_6612096-n_6612102;p_184;#=ew_69_225111;prefix=71729-;[0]=ew_0_1280356,R004M,PresentElder,140.238,140.128,https://labbcat.canterbury.ac.nz/maonze/transcript?ag_id=978#ew_0_1280356,0.11,110,4.700480366,,
6731,ua,g_1010;em_12_95436;n_108321-n_108322;p_188;#=ew_69_230196;prefix=76483-;[0]=ew_0_625080,R007M,PresentElder,190.536,190.426,https://labbcat.canterbury.ac.nz/maonze/transcript?ag_id=1010#ew_0_625080,0.11,110,4.700480366,,
6760,ua,g_1017;em_12_95910;n_6670802-n_17017;p_188;#=ew_69_230712;prefix=77144-;[0]=ew_0_628333,R007M,PresentElder,215.863,215.753,https://labbcat.canterbury.ac.nz/maonze/transcript?ag_id=1017#ew_0_628333,0.11,110,4.700480366,,
6809,ua,g_1025;em_12_96207;n_108641-n_108642;p_190;#=ew_69_232489;prefix=79336-;[0]=ew_0_632268,R009M,PresentElder,183.216,183.106,https://labbcat.canterbury.ac.nz/maonze/transcript?ag_id=1025#ew_0_632268,0.11,110,4.700480366,,
6819,ua,g_1028;em_12_163736;n_6702385-n_6702390;p_190;#=ew_69_233342;prefix=79833-;[0]=ew_0_1282738,R009M,PresentElder,221.096,220.986,https://labbcat.canterbury.ac.nz/maonze/transcript?ag_id=1028#ew_0_1282738,0.11,110,4.700480366,,
6867,ua,g_1033;em_12_96572;n_108884-n_108885;p_190;#=ew_69_233802;prefix=80607-;[0]=ew_0_637431,R009M,PresentElder,218.763,218.653,https://labbcat.canterbury.ac.nz/maonze/transcript?ag_id=1033#ew_0_637431,0.11,110,4.700480366,,
6895,ua,g_1036;em_12_96704;n_108990-n_17307;p_193;#=ew_69_235275;prefix=81265-;[0]=ew_0_639442,R010M,PresentElder,224.907,224.797,https://labbcat.canterbury.ac.nz/maonze/transcript?ag_id=1036#ew_0_639442,0.11,110,4.700480366,,
6935,ua,g_1040;em_12_97040;n_109202-n_109203;p_193;#=ew_69_234811;prefix=82022-;[0]=ew_0_642465,R010M,PresentElder,200.044,199.934,https://labbcat.canterbury.ac.nz/maonze/transcript?ag_id=1040#ew_0_642465,0.11,110,4.700480366,,
6952,ua,g_1043;em_12_97358;n_109303-n_109304;p_193;#=ew_69_235784;prefix=82381-;[0]=ew_0_644770,R010M,PresentElder,165.645,165.535,https://labbcat.canterbury.ac.nz/maonze/transcript?ag_id=1043#ew_0_644770,0.11,110,4.700480366,,
6956,ua,g_1044;em_12_163807;n_6793438-n_6793441;p_193;#=ew_69_236197;prefix=82519-;[0]=ew_0_1283723,R010M,PresentElder,154.006,153.896,https://labbcat.canterbury.ac.nz/maonze/transcript?ag_id=1044#ew_0_1283723,0.11,110,4.700480366,,
6958,ua,g_1044;em_12_171472;n_7053687-n_6793432;p_193;#=ew_69_236177;prefix=82512-;[0]=ew_0_1344856,R010M,PresentElder,147.317,147.207,https://labbcat.canterbury.ac.nz/maonze/transcript?ag_id=1044#ew_0_1344856,0.11,110,4.700480366,,
7064,ua,g_1075;em_12_99785;n_110979-n_110980;p_208;#=ew_69_245553;prefix=91868-;[0]=ew_0_662328,WU07M,Historical,219.507,219.397,https://labbcat.canterbury.ac.nz/maonze/transcript?ag_id=1075#ew_0_662328,0.11,110,4.700480366,,
7206,ua,g_11;em_12_819;n_31465-n_31466;p_28;#=ew_69_149315;prefix=00349-;[0]=ew_0_7336,K001M,PresentElder,163.71,163.6,https://labbcat.canterbury.ac.nz/maonze/transcript?ag_id=11#ew_0_7336,0.11,110,4.700480366,,
7229,ua,g_115;em_12_8312;n_37871-n_37872;p_43;#=ew_69_211368;prefix=59508-;[0]=ew_0_80511,MU02M,Historical,370.028,369.918,https://labbcat.canterbury.ac.nz/maonze/transcript?ag_id=115#ew_0_80511,0.11,110,4.700480366,,
7242,ua,g_116;em_12_8431;n_37989-n_37990;p_43;#=ew_69_212147;prefix=59224-;[0]=ew_0_81673,MU02M,Historical,457.116,457.006,https://labbcat.canterbury.ac.nz/maonze/transcript?ag_id=116#ew_0_81673,0.11,110,4.700480366,,
7288,ua,g_12;em_12_936;n_31572-n_31573;p_28;#=ew_69_149608;prefix=00155-;[0]=ew_0_1231249,K001M,PresentElder,224.019,223.909,https://labbcat.canterbury.ac.nz/maonze/transcript?ag_id=12#ew_0_1231249,0.11,110,4.700480366,,
7338,ua,g_1231;em_12_160258;n_5827025-n_21153;p_249;#=ew_69_180228;prefix=29581-;[0]=ew_0_1226275,L1H06M,L1,190.465,190.355,https://labbcat.canterbury.ac.nz/maonze/transcript?ag_id=1231#ew_0_1226275,0.11,110,4.700480366,,
7385,ua,g_1241;em_12_160212;n_5827926-n_21794;p_249;#=ew_69_181073;prefix=30566-;[0]=ew_0_1228606,L1H06M,L1,150.34,150.23,https://labbcat.canterbury.ac.nz/maonze/transcript?ag_id=1241#ew_0_1228606,0.11,110,4.700480366,,
7402,ua,g_13;em_12_1034;n_31669-n_31670;p_19;#=ew_69_152733;prefix=03449-;[0]=ew_0_9051,K002M,PresentElder,220.399,220.289,https://labbcat.canterbury.ac.nz/maonze/transcript?ag_id=13#ew_0_9051,0.11,110,4.700480366,,
7434,ua,g_134;em_12_9139;n_38616-n_38617;p_284;#=ew_69_209655;prefix=57434-;[0]=ew_0_88327,MU01M,Historical,331.361,331.251,https://labbcat.canterbury.ac.nz/maonze/transcript?ag_id=134#ew_0_88327,0.11,110,4.700480366,,
7458,ua,g_1371;em_12_118231;n_123779-n_123780;p_287;#=ew_69_228180;prefix=74934-;[0]=ew_0_813762,R006M,PresentElder,186.615,186.505,https://labbcat.canterbury.ac.nz/maonze/transcript?ag_id=1371#ew_0_813762,0.11,110,4.700480366,,
7532,ua,g_1391;em_12_151912;n_4711945-n_4711948;p_262;#=ew_69_249119;prefix=95022-;[0]=ew_0_1134691,WU08M,Historical,129.966,129.856,https://labbcat.canterbury.ac.nz/maonze/transcript?ag_id=1391#ew_0_1134691,0.11,110,4.700480366,,
7601,ua,g_1518;em_12_125875;n_129939-n_129940;p_287;#=ew_69_228036;prefix=74280-;[0]=ew_0_884285,R006M,PresentElder,289.538,289.428,https://labbcat.canterbury.ac.nz/maonze/transcript?ag_id=1518#ew_0_884285,0.11,110,4.700480366,,
7759,ua,g_1622;em_12_170961;n_6993115-n_6993116;p_299;#=ew_69_191826;prefix=41137-;[0]=ew_0_1337838,L2H01M,L2,243.578,243.468,https://labbcat.canterbury.ac.nz/maonze/transcript?ag_id=1622#ew_0_1337838,0.11,110,4.700480366,,
7762,ua,g_1623;em_12_132177;n_134575-n_134576;p_299;#=ew_69_192549;prefix=41203-;[0]=ew_0_936064,L2H01M,L2,128.836,128.726,https://labbcat.canterbury.ac.nz/maonze/transcript?ag_id=1623#ew_0_936064,0.11,110,4.700480366,,
7895,ua,g_1648;em_12_133683;n_135835-n_27124;p_300;#=ew_69_193629;prefix=42401-;[0]=ew_0_946425,L2H02M,L2,144.997,144.887,https://labbcat.canterbury.ac.nz/maonze/transcript?ag_id=1648#ew_0_946425,0.11,110,4.700480366,,
7942,ua,g_1655;em_12_134329;n_136280-n_136281;p_300;#=ew_69_194449;prefix=43371-;[0]=ew_0_950281,L2H02M,L2,201.3,201.19,https://labbcat.canterbury.ac.nz/maonze/transcript?ag_id=1655#ew_0_950281,0.11,110,4.700480366,,
7943,ua,g_1655;em_12_134333;n_27326-n_136283;p_300;#=ew_69_194493;prefix=43384-;[0]=ew_0_950322,L2H02M,L2,215.835,215.725,https://labbcat.canterbury.ac.nz/maonze/transcript?ag_id=1655#ew_0_950322,0.11,110,4.700480366,,
7949,ua,g_1658;em_12_134493;n_136400-n_136401;p_300;#=ew_69_195129;prefix=43696-;[0]=ew_0_951657,L2H02M,L2,160.186,160.076,https://labbcat.canterbury.ac.nz/maonze/transcript?ag_id=1658#ew_0_951657,0.11,110,4.700480366,,
8023,ua,g_1669;em_12_134975;n_136776-n_30572;p_302;#=ew_69_198664;prefix=46847-;[0]=ew_0_957223,L2H04M,L2,257.72,257.61,https://labbcat.canterbury.ac.nz/maonze/transcript?ag_id=1669#ew_0_957223,0.11,110,4.700480366,,
8069,ua,g_1681;em_12_135643;n_137291-n_137292;p_307;#=ew_69_199013;prefix=47845-;[0]=ew_0_962739,L2H05M,L2,158.602,158.492,https://labbcat.canterbury.ac.nz/maonze/transcript?ag_id=1681#ew_0_962739,0.11,110,4.700480366,,
8086,ua,g_1686;em_12_135985;n_137481-n_137482;p_307;#=ew_69_199110;prefix=47397-;[0]=ew_0_965309,L2H05M,L2,177.079,176.969,https://labbcat.canterbury.ac.nz/maonze/transcript?ag_id=1686#ew_0_965309,0.11,110,4.700480366,,
8090,ua,g_1688;em_12_136086;n_137557-n_137558;p_307;#=ew_69_200121;prefix=48104-;[0]=ew_0_966020,L2H05M,L2,191.34,191.23,https://labbcat.canterbury.ac.nz/maonze/transcript?ag_id=1688#ew_0_966020,0.11,110,4.700480366,,
8161,ua,g_1839;em_12_148913;n_3846581-n_3846601;p_49;#=ew_69_204104;prefix=52210-;[0]=ew_0_1100006,L2Y03M,L2,144.787,144.677,https://labbcat.canterbury.ac.nz/maonze/transcript?ag_id=1839#ew_0_1100006,0.11,110,4.700480366,,
8256,ua,g_1888;em_12_155386;n_5264384-n_5264406;p_334;#=ew_69_237886;prefix=83885-;[0]=ew_0_1174128,R011M,PresentElder,339.776,339.666,https://labbcat.canterbury.ac.nz/maonze/transcript?ag_id=1888#ew_0_1174128,0.11,110,4.700480366,,
8258,ua,g_1888;em_12_155394;n_5264302-n_5264315;p_334;#=ew_69_237859;prefix=83859-;[0]=ew_0_1174936,R011M,PresentElder,313.45,313.34,https://labbcat.canterbury.ac.nz/maonze/transcript?ag_id=1888#ew_0_1174936,0.11,110,4.700480366,,
8273,ua,g_1895;em_12_155873;n_5271082-n_5271089;p_334;#=ew_69_238874;prefix=84310-;[0]=ew_0_1180067,R011M,PresentElder,267.163,267.053,https://labbcat.canterbury.ac.nz/maonze/transcript?ag_id=1895#ew_0_1180067,0.11,110,4.700480366,,
8336,ua,g_1903;em_12_156484;n_5279964-n_5279981;p_333;#=ew_69_239982;prefix=85576-;[0]=ew_0_1186696,R012M,PresentElder,159.316,159.206,https://labbcat.canterbury.ac.nz/maonze/transcript?ag_id=1903#ew_0_1186696,0.11,110,4.700480366,,
8364,ua,g_1906;em_12_156713;n_5283149-n_5283170;p_333;#=ew_69_239420;prefix=86070-;[0]=ew_0_1189787,R012M,PresentElder,178.109,177.999,https://labbcat.canterbury.ac.nz/maonze/transcript?ag_id=1906#ew_0_1189787,0.11,110,4.700480366,,
8382,ua,g_1909;em_12_156825;n_5286112-n_5286142;p_333;#=ew_69_241246;prefix=86546-;[0]=ew_0_1191584,R012M,PresentElder,339.957,339.847,https://labbcat.canterbury.ac.nz/maonze/transcript?ag_id=1909#ew_0_1191584,0.11,110,4.700480366,,
8410,ua,g_1911;em_12_156976;n_5288219-n_5288236;p_333;#=ew_69_240776;prefix=87064-;[0]=ew_0_1194199,R012M,PresentElder,303.43,303.32,https://labbcat.canterbury.ac.nz/maonze/transcript?ag_id=1911#ew_0_1194199,0.11,110,4.700480366,,
8476,ua,g_1944;em_12_165772;n_6847412-n_6847423;p_28;#=ew_69_150349;prefix=01474-;[0]=ew_0_1297004,K001M,PresentElder,236.061,235.951,https://labbcat.canterbury.ac.nz/maonze/transcript?ag_id=1944#ew_0_1297004,0.11,110,4.700480366,,
8493,ua,g_1945;em_12_165919;n_6848587-n_6848594;p_28;#=ew_69_151268;prefix=01651-;[0]=ew_0_1297715,K001M,PresentElder,234.27,234.16,https://labbcat.canterbury.ac.nz/maonze/transcript?ag_id=1945#ew_0_1297715,0.11,110,4.700480366,,
8535,ua,g_24;em_12_2060;n_32675-n_32676;p_19;#=ew_69_154538;prefix=04735-;[0]=ew_0_17528,K002M,PresentElder,328.61,328.5,https://labbcat.canterbury.ac.nz/maonze/transcript?ag_id=24#ew_0_17528,0.11,110,4.700480366,,
8542,ua,g_25;em_12_2130;n_32739-n_32740;p_19;#=ew_69_154056;prefix=04899-;[0]=ew_0_18043,K002M,PresentElder,149.804,149.694,https://labbcat.canterbury.ac.nz/maonze/transcript?ag_id=25#ew_0_18043,0.11,110,4.700480366,,
8543,ua,g_25;em_12_2141;n_32750-n_32751;p_19;#=ew_69_154093;prefix=04925-;[0]=ew_0_18137,K002M,PresentElder,195.244,195.134,https://labbcat.canterbury.ac.nz/maonze/transcript?ag_id=25#ew_0_18137,0.11,110,4.700480366,,
8545,ua,g_25;em_12_2143;n_32752-n_32753;p_19;#=ew_69_154106;prefix=04929-;[0]=ew_0_18158,K002M,PresentElder,202.454,202.344,https://labbcat.canterbury.ac.nz/maonze/transcript?ag_id=25#ew_0_18158,0.11,110,4.700480366,,
8576,ua,g_305;em_12_162463;n_6240878-n_6240977;p_81;#=ew_69_186732;prefix=35220-;[0]=ew_0_1265717,L1Y03M,L1,183.616,183.506,https://labbcat.canterbury.ac.nz/maonze/transcript?ag_id=305#ew_0_1265717,0.11,110,4.700480366,,
8625,ua,g_311;em_12_30369;n_55075-n_5999454;p_81;#=ew_69_187260;prefix=36006-;[0]=ew_0_1237937,L1Y03M,L1,263.232,263.122,https://labbcat.canterbury.ac.nz/maonze/transcript?ag_id=311#ew_0_1237937,0.11,110,4.700480366,,
8635,ua,g_316;em_12_30748;n_55387-n_55389;p_89;#=ew_69_187531;prefix=36595-;[0]=ew_0_1097531,L1Y04M,L1,232.002,231.892,https://labbcat.canterbury.ac.nz/maonze/transcript?ag_id=316#ew_0_1097531,0.11,110,4.700480366,,
8677,ua,g_322;em_12_32081;n_56598-n_56600;p_89;#=ew_69_189281;prefix=37596-;[0]=ew_0_1097957,L1Y04M,L1,334.189,334.079,https://labbcat.canterbury.ac.nz/maonze/transcript?ag_id=322#ew_0_1097957,0.11,110,4.700480366,,
8678,ua,g_323;em_12_148732;n_3841860-n_3841327;p_89;#=ew_69_188949;prefix=37738-;[0]=ew_0_1097261,L1Y04M,L1,263.245,263.135,https://labbcat.canterbury.ac.nz/maonze/transcript?ag_id=323#ew_0_1097261,0.11,110,4.700480366,,
8724,ua,g_330;em_12_33218;n_57483-n_57484;p_85;#=ew_69_185454;prefix=34485-;[0]=ew_0_220586,L1Y02M,L1,170.609,170.499,https://labbcat.canterbury.ac.nz/maonze/transcript?ag_id=330#ew_0_220586,0.11,110,4.700480366,,
8869,ua,g_372;em_12_150162;n_4459086-n_4459098;p_92;#=ew_69_213812;prefix=61285-;[0]=ew_0_1123517,MU04M,Historical,387.836,387.726,https://labbcat.canterbury.ac.nz/maonze/transcript?ag_id=372#ew_0_1123517,0.11,110,4.700480366,,
9047,ua,g_466;em_12_48137;n_70159-n_70161;p_120;#=ew_69_165619;prefix=16041-;[0]=ew_0_1091584,K008M,PresentElder,284.68,284.57,https://labbcat.canterbury.ac.nz/maonze/transcript?ag_id=466#ew_0_1091584,0.11,110,4.700480366,,
9061,ua,g_468;em_12_48362;n_6953691-n_70367;p_120;#=ew_69_166221;prefix=16258-;[0]=ew_0_1091073,K008M,PresentElder,137.619,137.509,https://labbcat.canterbury.ac.nz/maonze/transcript?ag_id=468#ew_0_1091073,0.11,110,4.700480366,,
9063,ua,g_468;em_12_48396;n_70398-n_70399;p_120;#=ew_69_166252;prefix=16289-;[0]=ew_0_302080,K008M,PresentElder,208.336,208.226,https://labbcat.canterbury.ac.nz/maonze/transcript?ag_id=468#ew_0_302080,0.11,110,4.700480366,,
9075,ua,g_474;em_12_49003;n_70936-n_70937;p_121;#=ew_69_167098;prefix=17021-;[0]=ew_0_304868,K009M,PresentElder,147.544,147.434,https://labbcat.canterbury.ac.nz/maonze/transcript?ag_id=474#ew_0_304868,0.11,110,4.700480366,,
9167,ua,g_490;em_12_50447;n_8417-n_72083;p_122;#=ew_69_170310;prefix=19628-;[0]=ew_0_315121,K010M,PresentElder,143.436,143.326,https://labbcat.canterbury.ac.nz/maonze/transcript?ag_id=490#ew_0_315121,0.11,110,4.700480366,,
9189,ua,g_494;em_12_51088;n_72538-n_72539;p_122;#=ew_69_170008;prefix=20219-;[0]=ew_0_317942,K010M,PresentElder,227.744,227.634,https://labbcat.canterbury.ac.nz/maonze/transcript?ag_id=494#ew_0_317942,0.11,110,4.700480366,,
9238,ua,g_55;em_12_161949;n_6214540-n_6214541;p_32;#=ew_69_158645;prefix=08826-;[0]=ew_0_1260482,K004M,PresentElder,69.674,69.564,https://labbcat.canterbury.ac.nz/maonze/transcript?ag_id=55#ew_0_1260482,0.11,110,4.700480366,,
9369,ua,g_609;em_12_161081;n_6052337-n_6052342;p_142;#=ew_69_181613;prefix=30944-;[0]=ew_0_1244462,L1Y01M,L1,177.068,176.958,https://labbcat.canterbury.ac.nz/maonze/transcript?ag_id=609#ew_0_1244462,0.11,110,4.700480366,,
9407,ua,g_614;em_12_64888;n_84452-n_84453;p_142;#=ew_69_182114;prefix=31551-;[0]=ew_0_391045,L1Y01M,L1,151.685,151.575,https://labbcat.canterbury.ac.nz/maonze/transcript?ag_id=614#ew_0_391045,0.11,110,4.700480366,,
9435,ua,g_619;em_12_65097;n_84654-n_84655;p_142;#=ew_69_182806;prefix=32151-;[0]=ew_0_393436,L1Y01M,L1,172.365,172.255,https://labbcat.canterbury.ac.nz/maonze/transcript?ag_id=619#ew_0_393436,0.11,110,4.700480366,,
9517,ua,g_630;em_12_65841;n_85317-n_85318;p_143;#=ew_69_203617;prefix=50975-;[0]=ew_0_399649,L2Y02M,L2,138.574,138.464,https://labbcat.canterbury.ac.nz/maonze/transcript?ag_id=630#ew_0_399649,0.11,110,4.700480366,,
9533,ua,g_632;em_12_66122;n_85578-n_85579;p_143;#=ew_69_203297;prefix=51534-;[0]=ew_0_1251896,L2Y02M,L2,131.401,131.291,https://labbcat.canterbury.ac.nz/maonze/transcript?ag_id=632#ew_0_1251896,0.11,110,4.700480366,,
9562,ua,g_635;em_12_66458;n_85872-n_85873;p_145;#=ew_69_200716;prefix=49027-;[0]=ew_0_1107715,L2Y01M,L2,197.263,197.153,https://labbcat.canterbury.ac.nz/maonze/transcript?ag_id=635#ew_0_1107715,0.11,110,4.700480366,,
9580,ua,g_637;em_12_66655;n_86011-n_86012;p_145;#=ew_69_201070;prefix=49382-;[0]=ew_0_405916,L2Y01M,L2,197.746,197.636,https://labbcat.canterbury.ac.nz/maonze/transcript?ag_id=637#ew_0_405916,0.11,110,4.700480366,,
9581,ua,g_637;em_12_66657;n_86013-n_10593;p_145;#=ew_69_201089;prefix=49395-;[0]=ew_0_405943,L2Y01M,L2,207.941,207.831,https://labbcat.canterbury.ac.nz/maonze/transcript?ag_id=637#ew_0_405943,0.11,110,4.700480366,,
9584,ua,g_637;em_12_66680;n_86024-n_86025;p_145;#=ew_69_201202;prefix=49434-;[0]=ew_0_406132,L2Y01M,L2,296.345,296.235,https://labbcat.canterbury.ac.nz/maonze/transcript?ag_id=637#ew_0_406132,0.11,110,4.700480366,,
9594,ua,g_638;em_12_66747;n_86078-n_86079;p_145;#=ew_69_200967;prefix=49616-;[0]=ew_0_406862,L2Y01M,L2,324.523,324.413,https://labbcat.canterbury.ac.nz/maonze/transcript?ag_id=638#ew_0_406862,0.11,110,4.700480366,,
9742,ua,g_670;em_12_70674;n_89455-n_89456;p_148;#=ew_69_208545;prefix=56445-;[0]=ew_0_425163,L2Y05M,L2,200.186,200.076,https://labbcat.canterbury.ac.nz/maonze/transcript?ag_id=670#ew_0_425163,0.11,110,4.700480366,,
9817,ua,g_848;em_12_85420;n_100437-n_100438;p_167;#=ew_69_170973;prefix=20724-;[0]=ew_0_540618,L1H01M,L1,225.584,225.474,https://labbcat.canterbury.ac.nz/maonze/transcript?ag_id=848#ew_0_540618,0.11,110,4.700480366,,
9844,ua,g_850;em_12_85544;n_100559-n_100560;p_167;#=ew_69_171340;prefix=21022-;[0]=ew_0_541742,L1H01M,L1,200.758,200.648,https://labbcat.canterbury.ac.nz/maonze/transcript?ag_id=850#ew_0_541742,0.11,110,4.700480366,,
9914,ua,g_865;em_12_86597;n_14785-n_5656412;p_168;#=ew_69_173569;prefix=23330-;[0]=ew_0_1219887,L1H02M,L1,162.58,162.47,https://labbcat.canterbury.ac.nz/maonze/transcript?ag_id=865#ew_0_1219887,0.11,110,4.700480366,,
10001,ua,g_877;em_12_87448;n_102038-n_15032;p_169;#=ew_69_175387;prefix=24801-;[0]=ew_0_556013,L1H03M,L1,194.824,194.714,https://labbcat.canterbury.ac.nz/maonze/transcript?ag_id=877#ew_0_556013,0.11,110,4.700480366,,
10013,ua,g_880;em_12_87663;n_102170-n_102171;p_169;#=ew_69_175516;prefix=25007-;[0]=ew_0_557294,L1H03M,L1,218.631,218.521,https://labbcat.canterbury.ac.nz/maonze/transcript?ag_id=880#ew_0_557294,0.11,110,4.700480366,,
10044,ua,g_883;em_12_87863;n_102292-n_15188;p_169;#=ew_69_175807;prefix=25307-;[0]=ew_0_558564,L1H03M,L1,181.631,181.521,https://labbcat.canterbury.ac.nz/maonze/transcript?ag_id=883#ew_0_558564,0.11,110,4.700480366,,
10067,ua,g_892;em_12_88371;n_102642-n_102643;p_174;#=ew_69_179549;prefix=28739-;[0]=ew_0_562280,L1H05M,L1,169.751,169.641,https://labbcat.canterbury.ac.nz/maonze/transcript?ag_id=892#ew_0_562280,0.11,110,4.700480366,,
10069,ua,g_893;em_12_88403;n_102669-n_102670;p_174;#=ew_69_179424;prefix=28494-;[0]=ew_0_562650,L1H05M,L1,74.683,74.573,https://labbcat.canterbury.ac.nz/maonze/transcript?ag_id=893#ew_0_562650,0.11,110,4.700480366,,
10193,ua,g_908;em_12_89203;n_15543-n_15544;p_173;#=ew_69_177078;prefix=26492-;[0]=ew_0_570807,L1H04M,L1,157.304,157.194,https://labbcat.canterbury.ac.nz/maonze/transcript?ag_id=908#ew_0_570807,0.11,110,4.700480366,,
10210,ua,g_910;em_12_89284;n_103297-n_103298;p_173;#=ew_69_176233;prefix=26269-;[0]=ew_0_571959,L1H04M,L1,196.346,196.236,https://labbcat.canterbury.ac.nz/maonze/transcript?ag_id=910#ew_0_571959,0.11,110,4.700480366,,
10228,ua,g_912;em_12_89348;n_15631-n_103322;p_173;#=ew_69_176573;prefix=26026-;[0]=ew_0_572887,L1H04M,L1,167.662,167.552,https://labbcat.canterbury.ac.nz/maonze/transcript?ag_id=912#ew_0_572887,0.11,110,4.700480366,,
10338,ua,g_938;em_12_91173;n_104947-n_104948;p_179;#=ew_69_218940;prefix=66173-;[0]=ew_0_585575,R001M,PresentElder,220.132,220.022,https://labbcat.canterbury.ac.nz/maonze/transcript?ag_id=938#ew_0_585575,0.11,110,4.700480366,,
10511,ua,g_965;em_12_92604;n_106060-n_106061;p_183;#=ew_69_222813;prefix=69878-;[0]=ew_0_599795,R003M,PresentElder,164.465,164.355,https://labbcat.canterbury.ac.nz/maonze/transcript?ag_id=965#ew_0_599795,0.11,110,4.700480366,,
10512,ua,g_965;em_12_92608;n_16150-n_106063;p_183;#=ew_69_222816;prefix=69881-;[0]=ew_0_599816,R003M,PresentElder,177.132,177.022,https://labbcat.canterbury.ac.nz/maonze/transcript?ag_id=965#ew_0_599816,0.11,110,4.700480366,,
10527,ua,g_97;em_12_162874;n_6282114-n_6282119;p_41;#=ew_69_163424;prefix=12759-;[0]=ew_0_1268397,K007M,PresentElder,256.151,256.041,https://labbcat.canterbury.ac.nz/maonze/transcript?ag_id=97#ew_0_1268397,0.11,110,4.700480366,,
10528,ua,g_97;em_12_162875;n_6282074-n_6282079;p_41;#=ew_69_163321;prefix=12832-;[0]=ew_0_1272526,K007M,PresentElder,206.435,206.325,https://labbcat.canterbury.ac.nz/maonze/transcript?ag_id=97#ew_0_1272526,0.11,110,4.700480366,,
10634,ua,g_985;em_12_93876;n_106958-n_29881;p_182;#=ew_69_226520;prefix=72755-;[0]=ew_0_610083,R005M,PresentElder,263.029,262.919,https://labbcat.canterbury.ac.nz/maonze/transcript?ag_id=985#ew_0_610083,0.11,110,4.700480366,,
10648,ua,g_987;em_12_150838;n_4619464-n_4619469;p_182;#=ew_69_226171;prefix=72999-;[0]=ew_0_1127581,R005M,PresentElder,109.93,109.82,https://labbcat.canterbury.ac.nz/maonze/transcript?ag_id=987#ew_0_1127581,0.11,110,4.700480366,,
10666,ua,g_99;em_12_162783;n_6281992-n_6281998;p_41;#=ew_69_163711;prefix=13148-;[0]=ew_0_1270696,K007M,PresentElder,239.621,239.511,https://labbcat.canterbury.ac.nz/maonze/transcript?ag_id=99#ew_0_1270696,0.11,110,4.700480366,,
752,ea,g_1651;em_12_133917;n_27188-n_136005;p_300;#=ew_69_193835;prefix=42784-;[0]=ew_0_947865,L2H02M,L2,54.084,53.974,https://labbcat.canterbury.ac.nz/maonze/transcript?ag_id=1651#ew_0_947865,0.11,110,4.700480366,,
819,ea,g_1665;em_12_134779;n_136612-n_136613;p_302;#=ew_69_197676;prefix=46143-;[0]=ew_0_954704,L2H04M,L2,50.331,50.221,https://labbcat.canterbury.ac.nz/maonze/transcript?ag_id=1665#ew_0_954704,0.11,110,4.700480366,,
1425,ea,g_326;em_12_32958;n_57259-n_57260;p_89;#=ew_69_188566;prefix=38060-;[0]=ew_0_218658,L1Y04M,L1,50.02,49.91,https://labbcat.canterbury.ac.nz/maonze/transcript?ag_id=326#ew_0_218658,0.11,110,4.700480366,,
1741,ea,g_491;em_12_50548;n_8440-n_72161;p_122;#=ew_69_169667;prefix=19736-;[0]=ew_0_315599,K010M,PresentElder,37.779,37.669,https://labbcat.canterbury.ac.nz/maonze/transcript?ag_id=491#ew_0_315599,0.11,110,4.700480366,,
2680,ea,g_968;em_12_92773;n_106178-n_106179;p_183;#=ew_69_223193;prefix=70196-;[0]=ew_0_601172,R003M,PresentElder,64.022,63.912,https://labbcat.canterbury.ac.nz/maonze/transcript?ag_id=968#ew_0_601172,0.11,110,4.700480366,,
2742,ea,g_977;em_12_93380;n_106616-n_106617;p_184;#=ew_69_224532;prefix=71492-;[0]=ew_0_605808,R004M,PresentElder,39.767,39.657,https://labbcat.canterbury.ac.nz/maonze/transcript?ag_id=977#ew_0_605808,0.11,110,4.700480366,,
3593,ia,g_1840;em_12_148949;n_3847086-n_3847101;p_49;#=ew_69_204452;prefix=52318-;[0]=ew_0_1100432,L2Y03M,L2,48.965,48.855,https://labbcat.canterbury.ac.nz/maonze/transcript?ag_id=1840#ew_0_1100432,0.11,110,4.700480366,,
3728,ia,g_1909;em_12_156857;n_5285226-n_5285246;p_333;#=ew_69_240841;prefix=86747-;[0]=ew_0_1192385,R012M,PresentElder,50.831,50.721,https://labbcat.canterbury.ac.nz/maonze/transcript?ag_id=1909#ew_0_1192385,0.11,110,4.700480366,,
3908,ia,g_328;em_12_33138;n_57419-n_57420;p_85;#=ew_69_184509;prefix=33609-;[0]=ew_0_219533,L1Y02M,L1,32.456,32.346,https://labbcat.canterbury.ac.nz/maonze/transcript?ag_id=328#ew_0_219533,0.11,110,4.700480366,,
4347,ia,g_620;em_12_65106;n_84662-n_84663;p_142;#=ew_69_182299;prefix=32185-;[0]=ew_0_393561,L1Y01M,L1,40.27,40.16,https://labbcat.canterbury.ac.nz/maonze/transcript?ag_id=620#ew_0_393561,0.11,110,4.700480366,,
6676,ua,g_10;em_12_695;n_31342-n_31343;p_28;#=ew_69_149800;prefix=00499-;[0]=ew_0_6242,K001M,PresentElder,60.267,60.157,https://labbcat.canterbury.ac.nz/maonze/transcript?ag_id=10#ew_0_6242,0.11,110,4.700480366,,
7476,ua,g_1373;em_12_118296;n_123842-n_123843;p_287;#=ew_69_227525;prefix=74506-;[0]=ew_0_814722,R006M,PresentElder,64.052,63.942,https://labbcat.canterbury.ac.nz/maonze/transcript?ag_id=1373#ew_0_814722,0.11,110,4.700480366,,
7988,ua,g_1665;em_12_134777;n_136610-n_136611;p_302;#=ew_69_197668;prefix=46135-;[0]=ew_0_954682,L2H04M,L2,41.151,41.041,https://labbcat.canterbury.ac.nz/maonze/transcript?ag_id=1665#ew_0_954682,0.11,110,4.700480366,,
1873,ea,g_599;em_12_64006;n_83604-n_83605;p_140;#=ew_69_189645;prefix=38620-;[0]=ew_0_381834,L1Y05M,L1,29.699,29.589,https://labbcat.canterbury.ac.nz/maonze/transcript?ag_id=599#ew_0_381834,0.11,110,4.700480366,,
6268,oa,g_633;em_12_66219;n_85670-n_85671;p_143;#=ew_69_202745;prefix=51716-;[0]=ew_0_402474,L2Y02M,L2,28.388,28.278,https://labbcat.canterbury.ac.nz/maonze/transcript?ag_id=633#ew_0_402474,0.11,110,4.700480366,,
7204,ua,g_11;em_12_785;n_31431-n_31432;p_28;#=ew_69_149223;prefix=00264-;[0]=ew_0_1231057,K001M,PresentElder,25.379,25.269,https://labbcat.canterbury.ac.nz/maonze/transcript?ag_id=11#ew_0_1231057,0.11,110,4.700480366,,
1317,ea,g_306;em_12_160946;n_5999880-n_6000243;p_81;#=ew_69_185953;prefix=35394-;[0]=ew_0_1241156,L1Y03M,L1,11.925,11.815,https://labbcat.canterbury.ac.nz/maonze/transcript?ag_id=306#ew_0_1241156,0.11,110,4.700480366,,
4232,ia,g_53;em_12_3777;n_34109-n_34110;p_32;#=ew_69_157663;prefix=08265-;[0]=ew_0_35100,K004M,PresentElder,11.585,11.475,https://labbcat.canterbury.ac.nz/maonze/transcript?ag_id=53#ew_0_35100,0.11,110,4.700480366,,
4625,ia,g_893;em_12_159840;n_5774245-n_5774257;p_174;#=ew_69_179272;prefix=28450-;[0]=ew_0_1224131,L1H05M,L1,13.65,13.54,https://labbcat.canterbury.ac.nz/maonze/transcript?ag_id=893#ew_0_1224131,0.11,110,4.700480366,,
5464,oa,g_1656;em_12_134341;n_136287-n_136288;p_300;#=ew_69_194262;prefix=43393-;[0]=ew_0_950372,L2H02M,L2,8.621,8.511,https://labbcat.canterbury.ac.nz/maonze/transcript?ag_id=1656#ew_0_950372,0.11,110,4.700480366,,
8145,ua,g_1752;em_12_140012;n_28542-n_140677;p_318;#=ew_69_231634;prefix=78212-;[0]=ew_0_1003523,R008M,PresentElder,10.259,10.149,https://labbcat.canterbury.ac.nz/maonze/transcript?ag_id=1752#ew_0_1003523,0.11,110,4.700480366,,
9411,ua,g_615;em_12_64899;n_84462-n_84463;p_142;#=ew_69_182472;prefix=31580-;[0]=ew_0_1246262,L1Y01M,L1,11.794,11.684,https://labbcat.canterbury.ac.nz/maonze/transcript?ag_id=615#ew_0_1246262,0.11,110,4.700480366,,
557,ea,g_1522;em_12_126058;n_25281-n_130102;p_287;#=ew_69_228347;prefix=74984-;[0]=ew_0_886103,R006M,PresentElder,0.65,0.54,https://labbcat.canterbury.ac.nz/maonze/transcript?ag_id=1522#ew_0_886103,0.11,110,4.700480366,,
1058,ea,g_1895;em_12_155798;n_5270149-n_5270160;p_334;#=ew_69_238405;prefix=84358-;[0]=ew_0_1180403,R011M,PresentElder,3.934,3.824,https://labbcat.canterbury.ac.nz/maonze/transcript?ag_id=1895#ew_0_1180403,0.11,110,4.700480366,,
1188,ea,g_1945;em_12_165830;n_6847749-n_6847759;p_28;#=ew_69_151043;prefix=01489-;[0]=ew_0_1297790,K001M,PresentElder,2.087,1.977,https://labbcat.canterbury.ac.nz/maonze/transcript?ag_id=1945#ew_0_1297790,0.11,110,4.700480366,,
2449,ea,g_9;em_12_554;n_31204-n_31205;p_28;#=ew_69_150426;prefix=00706-;[0]=ew_0_5099,K001M,PresentElder,5.674,5.564,https://labbcat.canterbury.ac.nz/maonze/transcript?ag_id=9#ew_0_5099,0.11,110,4.700480366,,
2856,ia,g_1007;em_12_95245;n_16641-n_108206;p_284;#=ew_69_210433;prefix=58107-;[0]=ew_0_623437,MU01M,Historical,4.9,4.79,https://labbcat.canterbury.ac.nz/maonze/transcript?ag_id=1007#ew_0_623437,0.11,110,4.700480366,,
4721,ia,g_934;em_12_90796;n_104599-n_104600;p_179;#=ew_69_217664;prefix=65425-;[0]=ew_0_582963,R001M,PresentElder,2.601,2.491,https://labbcat.canterbury.ac.nz/maonze/transcript?ag_id=934#ew_0_582963,0.11,110,4.700480366,,
5002,oa,g_1028;em_12_96312;n_108701-n_108702;p_190;#=ew_69_233026;prefix=79691-;[0]=ew_0_1016412,R009M,PresentElder,7.671,7.561,https://labbcat.canterbury.ac.nz/maonze/transcript?ag_id=1028#ew_0_1016412,0.11,110,4.700480366,,
5293,oa,g_1396;em_12_119299;n_23911-n_124755;p_262;#=ew_69_249779;prefix=95568-;[0]=ew_0_826254,WU08M,Historical,4.29,4.18,https://labbcat.canterbury.ac.nz/maonze/transcript?ag_id=1396#ew_0_826254,0.11,110,4.700480366,,
7321,ua,g_1213;em_12_109830;n_20732-n_118544;p_244;#=ew_69_244862;prefix=90928-;[0]=ew_0_731342,WU04M,Historical,1.41,1.3,https://labbcat.canterbury.ac.nz/maonze/transcript?ag_id=1213#ew_0_731342,0.11,110,4.700480366,,
7453,ua,g_1371;em_12_118206;n_123756-n_123757;p_287;#=ew_69_228083;prefix=74846-;[0]=ew_0_813322,R006M,PresentElder,7.614,7.504,https://labbcat.canterbury.ac.nz/maonze/transcript?ag_id=1371#ew_0_813322,0.11,110,4.700480366,,
10358,ua,g_941;em_12_91349;n_105076-n_105077;p_179;#=ew_69_219632;prefix=66545-;[0]=ew_0_586920,R001M,PresentElder,3.292,3.182,https://labbcat.canterbury.ac.nz/maonze/transcript?ag_id=941#ew_0_586920,0.11,110,4.700480366,,
10591,ua,g_979;em_12_93552;n_106713-n_16444;p_184;#=ew_69_224882;prefix=71807-;[0]=ew_0_1280307,R004M,PresentElder,4.335,4.225,https://labbcat.canterbury.ac.nz/maonze/transcript?ag_id=979#ew_0_1280307,0.11,110,4.700480366,,
5,ea,g_10;em_12_714;n_31361-n_31362;p_28;#=ew_69_149910;prefix=00542-;[0]=ew_0_6401,K001M,PresentElder,124.39,124.28,https://labbcat.canterbury.ac.nz/maonze/transcript?ag_id=10#ew_0_6401,0.11,110,4.700480366,,
53,ea,g_1019;em_12_95979;n_17080-n_7048310;p_188;#=ew_69_230326;prefix=77293-;[0]=ew_0_628900,R007M,PresentElder,90.974,90.864,https://labbcat.canterbury.ac.nz/maonze/transcript?ag_id=1019#ew_0_628900,0.11,110,4.700480366,,
86,ea,g_1028;em_12_171452;n_7051997-n_7051998;p_190;#=ew_69_233153;prefix=79750-;[0]=ew_0_1344519,R009M,PresentElder,109.896,109.786,https://labbcat.canterbury.ac.nz/maonze/transcript?ag_id=1028#ew_0_1344519,0.11,110,4.700480366,,
109,ea,g_1032;em_12_96522;n_17271-n_108844;p_190;#=ew_69_233449;prefix=80411-;[0]=ew_0_636670,R009M,PresentElder,126.204,126.094,https://labbcat.canterbury.ac.nz/maonze/transcript?ag_id=1032#ew_0_636670,0.11,110,4.700480366,,
110,ea,g_1033;em_12_96543;n_6739939-n_108862;p_190;#=ew_69_233597;prefix=80503-;[0]=ew_0_637026,R009M,PresentElder,50.448,50.338,https://labbcat.canterbury.ac.nz/maonze/transcript?ag_id=1033#ew_0_637026,0.11,110,4.700480366,,
111,ea,g_1033;em_12_96544;n_108862-n_108863;p_190;#=ew_69_233599;prefix=80504-;[0]=ew_0_637038,R009M,PresentElder,55.436,55.326,https://labbcat.canterbury.ac.nz/maonze/transcript?ag_id=1033#ew_0_637038,0.11,110,4.700480366,,
121,ea,g_1035;em_12_96638;n_108934-n_108935;p_190;#=ew_69_234591;prefix=80947-;[0]=ew_0_638537,R009M,PresentElder,124.455,124.345,https://labbcat.canterbury.ac.nz/maonze/transcript?ag_id=1035#ew_0_638537,0.11,110,4.700480366,,
127,ea,g_1037;em_12_96727;n_109004-n_109005;p_193;#=ew_69_235007;prefix=81329-;[0]=ew_0_639685,R010M,PresentElder,47.409,47.299,https://labbcat.canterbury.ac.nz/maonze/transcript?ag_id=1037#ew_0_639685,0.11,110,4.700480366,,
154,ea,g_1040;em_12_96995;n_109180-n_17396;p_193;#=ew_69_234754;prefix=81968-;[0]=ew_0_642166,R010M,PresentElder,77.838,77.728,https://labbcat.canterbury.ac.nz/maonze/transcript?ag_id=1040#ew_0_642166,0.11,110,4.700480366,,
155,ea,g_1040;em_12_96998;n_109181-n_109182;p_193;#=ew_69_234765;prefix=81978-;[0]=ew_0_642185,R010M,PresentElder,86.17,86.06,https://labbcat.canterbury.ac.nz/maonze/transcript?ag_id=1040#ew_0_642185,0.11,110,4.700480366,,
160,ea,g_1041;em_12_97066;n_109217-n_109218;p_193;#=ew_69_235939;prefix=82080-;[0]=ew_0_642701,R010M,PresentElder,12.087,11.977,https://labbcat.canterbury.ac.nz/maonze/transcript?ag_id=1041#ew_0_642701,0.11,110,4.700480366,,
186,ea,g_1048;em_12_97546;n_109468-n_109469;p_193;#=ew_69_236681;prefix=82979-;[0]=ew_0_647141,R010M,PresentElder,43.025,42.915,https://labbcat.canterbury.ac.nz/maonze/transcript?ag_id=1048#ew_0_647141,0.11,110,4.700480366,,
202,ea,g_107;em_12_163097;n_6288576-n_6288579;p_41;#=ew_69_164147;prefix=14837-;[0]=ew_0_1272595,K007M,PresentElder,81.313,81.203,https://labbcat.canterbury.ac.nz/maonze/transcript?ag_id=107#ew_0_1272595,0.11,110,4.700480366,,
253,ea,g_1082;em_12_151846;n_4699045-n_4699046;p_208;#=ew_69_247123;prefix=92683-;[0]=ew_0_1134035,WU07M,Historical,125.872,125.762,https://labbcat.canterbury.ac.nz/maonze/transcript?ag_id=1082#ew_0_1134035,0.11,110,4.700480366,,
263,ea,g_1087;em_12_100447;n_111546-n_111547;p_208;#=ew_69_247676;prefix=93318-;[0]=ew_0_668239,WU07M,Historical,51.882,51.772,https://labbcat.canterbury.ac.nz/maonze/transcript?ag_id=1087#ew_0_668239,0.11,110,4.700480366,,
265,ea,g_1087;em_12_100448;n_111547-n_111548;p_208;#=ew_69_247696;prefix=93329-;[0]=ew_0_668260,WU07M,Historical,58.903,58.793,https://labbcat.canterbury.ac.nz/maonze/transcript?ag_id=1087#ew_0_668260,0.11,110,4.700480366,,
277,ea,g_109;em_12_7499;n_798-n_37289;p_41;#=ew_69_165169;prefix=15191-;[0]=ew_0_75299,K007M,PresentElder,77.405,77.295,https://labbcat.canterbury.ac.nz/maonze/transcript?ag_id=109#ew_0_75299,0.11,110,4.700480366,,
278,ea,g_109;em_12_7509;n_800-n_37297;p_41;#=ew_69_165202;prefix=15224-;[0]=ew_0_75390,K007M,PresentElder,108.668,108.558,https://labbcat.canterbury.ac.nz/maonze/transcript?ag_id=109#ew_0_75390,0.11,110,4.700480366,,
328,ea,g_1200;em_12_108620;n_117424-n_117425;p_244;#=ew_69_242886;prefix=89043-;[0]=ew_0_724194,WU04M,Historical,45.264,45.154,https://labbcat.canterbury.ac.nz/maonze/transcript?ag_id=1200#ew_0_724194,0.11,110,4.700480366,,
344,ea,g_1203;em_12_108951;n_117752-n_117753;p_244;#=ew_69_244053;prefix=89599-;[0]=ew_0_725857,WU04M,Historical,18.663,18.553,https://labbcat.canterbury.ac.nz/maonze/transcript?ag_id=1203#ew_0_725857,0.11,110,4.700480366,,
357,ea,g_1207;em_12_109436;n_118225-n_118226;p_244;#=ew_69_243812;prefix=90183-;[0]=ew_0_728414,WU04M,Historical,84.254,84.144,https://labbcat.canterbury.ac.nz/maonze/transcript?ag_id=1207#ew_0_728414,0.11,110,4.700480366,,
376,ea,g_1212;em_12_109805;n_118533-n_4689543;p_244;#=ew_69_244792;prefix=90881-;[0]=ew_0_731104,WU04M,Historical,117.482,117.372,https://labbcat.canterbury.ac.nz/maonze/transcript?ag_id=1212#ew_0_731104,0.11,110,4.700480366,,
380,ea,g_1213;em_12_109850;n_118561-n_118562;p_244;#=ew_69_245013;prefix=91000-;[0]=ew_0_731550,WU04M,Historical,121.271,121.161,https://labbcat.canterbury.ac.nz/maonze/transcript?ag_id=1213#ew_0_731550,0.11,110,4.700480366,,
604,ea,g_1528;em_12_126315;n_130328-n_130329;p_287;#=ew_69_229392;prefix=76057-;[0]=ew_0_890030,R006M,PresentElder,103.557,103.447,https://labbcat.canterbury.ac.nz/maonze/transcript?ag_id=1528#ew_0_890030,0.11,110,4.700480366,,
614,ea,g_1535;em_12_126673;n_25487-n_30424;p_200;#=ew_69_216127;prefix=63553-;[0]=ew_0_893417,MU08M,Historical,53.552,53.442,https://labbcat.canterbury.ac.nz/maonze/transcript?ag_id=1535#ew_0_893417,0.11,110,4.700480366,,
631,ea,g_1548;em_12_127359;n_25805-n_130874;p_293;#=ew_69_216627;prefix=64047-;[0]=ew_0_899886,MU10M,Historical,28.947,28.837,https://labbcat.canterbury.ac.nz/maonze/transcript?ag_id=1548#ew_0_899886,0.11,110,4.700480366,,
733,ea,g_1647;em_12_133595;n_135770-n_135771;p_300;#=ew_69_193355;prefix=42242-;[0]=ew_0_945765,L2H02M,L2,112.19,112.08,https://labbcat.canterbury.ac.nz/maonze/transcript?ag_id=1647#ew_0_945765,0.11,110,4.700480366,,
736,ea,g_1648;em_12_133651;n_135811-n_135812;p_300;#=ew_69_193505;prefix=42342-;[0]=ew_0_946206,L2H02M,L2,57.258,57.148,https://labbcat.canterbury.ac.nz/maonze/transcript?ag_id=1648#ew_0_946206,0.11,110,4.700480366,,
756,ea,g_1652;em_12_134022;n_136086-n_136087;p_300;#=ew_69_194741;prefix=42933-;[0]=ew_0_948419,L2H02M,L2,47.993,47.883,https://labbcat.canterbury.ac.nz/maonze/transcript?ag_id=1652#ew_0_948419,0.11,110,4.700480366,,
774,ea,g_1655;em_12_134284;n_136258-n_136259;p_300;#=ew_69_194328;prefix=43325-;[0]=ew_0_949998,L2H02M,L2,80.144,80.034,https://labbcat.canterbury.ac.nz/maonze/transcript?ag_id=1655#ew_0_949998,0.11,110,4.700480366,,
839,ea,g_1669;em_12_134944;n_136753-n_136754;p_302;#=ew_69_198438;prefix=46699-;[0]=ew_0_956714,L2H04M,L2,47.875,47.765,https://labbcat.canterbury.ac.nz/maonze/transcript?ag_id=1669#ew_0_956714,0.11,110,4.700480366,,
848,ea,g_1670;em_12_134977;n_6399122-n_27476;p_302;#=ew_69_198084;prefix=46858-;[0]=ew_0_957257,L2H04M,L2,15.475,15.365,https://labbcat.canterbury.ac.nz/maonze/transcript?ag_id=1670#ew_0_957257,0.11,110,4.700480366,,
890,ea,g_1679;em_12_135488;n_137180-n_7003500;p_307;#=ew_69_199746;prefix=48189-;[0]=ew_0_961700,L2H05M,L2,120.314,120.204,https://labbcat.canterbury.ac.nz/maonze/transcript?ag_id=1679#ew_0_961700,0.11,110,4.700480366,,
1114,ea,g_1908;em_12_156791;n_5284137-n_5284148;p_333;#=ew_69_240877;prefix=86420-;[0]=ew_0_1191168,R012M,PresentElder,44.982,44.872,https://labbcat.canterbury.ac.nz/maonze/transcript?ag_id=1908#ew_0_1191168,0.11,110,4.700480366,,
1116,ea,g_1908;em_12_156804;n_5284254-n_5284281;p_333;#=ew_69_240953;prefix=86450-;[0]=ew_0_1190946,R012M,PresentElder,85.693,85.583,https://labbcat.canterbury.ac.nz/maonze/transcript?ag_id=1908#ew_0_1190946,0.11,110,4.700480366,,
1119,ea,g_1909;em_12_156823;n_5285145-n_5285167;p_333;#=ew_69_240819;prefix=86725-;[0]=ew_0_1191742,R012M,PresentElder,24.557,24.447,https://labbcat.canterbury.ac.nz/maonze/transcript?ag_id=1909#ew_0_1191742,0.11,110,4.700480366,,
1126,ea,g_1910;em_12_156897;n_5286382-n_5286405;p_333;#=ew_69_240443;prefix=86916-;[0]=ew_0_1193377,R012M,PresentElder,79.628,79.518,https://labbcat.canterbury.ac.nz/maonze/transcript?ag_id=1910#ew_0_1193377,0.11,110,4.700480366,,
1170,ea,g_1943;em_12_165646;n_6846039-n_6846051;p_19;#=ew_69_151924;prefix=02631-;[0]=ew_0_1296060,K002M,PresentElder,116.553,116.443,https://labbcat.canterbury.ac.nz/maonze/transcript?ag_id=1943#ew_0_1296060,0.11,110,4.700480366,,
1176,ea,g_1943;em_12_165685;n_6845839-n_6845846;p_19;#=ew_69_151833;prefix=02581-;[0]=ew_0_1296052,K002M,PresentElder,57.176,57.066,https://labbcat.canterbury.ac.nz/maonze/transcript?ag_id=1943#ew_0_1296052,0.11,110,4.700480366,,
1180,ea,g_1944;em_12_165747;n_6846862-n_6846871;p_28;#=ew_69_150127;prefix=01336-;[0]=ew_0_1296767,K001M,PresentElder,75.733,75.623,https://labbcat.canterbury.ac.nz/maonze/transcript?ag_id=1944#ew_0_1296767,0.11,110,4.700480366,,
1223,ea,g_21;em_12_1721;n_32339-n_32340;p_19;#=ew_69_153099;prefix=03879-;[0]=ew_0_14779,K002M,PresentElder,71.393,71.283,https://labbcat.canterbury.ac.nz/maonze/transcript?ag_id=21#ew_0_14779,0.11,110,4.700480366,,
1224,ea,g_21;em_12_1736;n_32354-n_32355;p_19;#=ew_69_153161;prefix=03907-;[0]=ew_0_14884,K002M,PresentElder,115.625,115.515,https://labbcat.canterbury.ac.nz/maonze/transcript?ag_id=21#ew_0_14884,0.11,110,4.700480366,,
1265,ea,g_25;em_12_2095;n_32709-n_32710;p_19;#=ew_69_153937;prefix=04837-;[0]=ew_0_17802,K002M,PresentElder,31.686,31.576,https://labbcat.canterbury.ac.nz/maonze/transcript?ag_id=25#ew_0_17802,0.11,110,4.700480366,,
1335,ea,g_312;em_12_170775;n_6984701-n_6984702;p_81;#=ew_69_186945;prefix=36157-;[0]=ew_0_1334986,L1Y03M,L1,89.651,89.541,https://labbcat.canterbury.ac.nz/maonze/transcript?ag_id=312#ew_0_1334986,0.11,110,4.700480366,,
1351,ea,g_317;em_12_148823;n_3841262-n_3841278;p_89;#=ew_69_187619;prefix=36677-;[0]=ew_0_1095640,L1Y04M,L1,89.784,89.674,https://labbcat.canterbury.ac.nz/maonze/transcript?ag_id=317#ew_0_1095640,0.11,110,4.700480366,,
1407,ea,g_323;em_12_32123;n_56628-n_5760;p_89;#=ew_69_188835;prefix=37628-;[0]=ew_0_216563,L1Y04M,L1,46.42,46.31,https://labbcat.canterbury.ac.nz/maonze/transcript?ag_id=323#ew_0_216563,0.11,110,4.700480366,,
1413,ea,g_324;em_12_32515;n_56915-n_5848;p_89;#=ew_69_188443;prefix=37818-;[0]=ew_0_217561,L1Y04M,L1,124.761,124.651,https://labbcat.canterbury.ac.nz/maonze/transcript?ag_id=324#ew_0_217561,0.11,110,4.700480366,,
1416,ea,g_325;em_12_32734;n_5878-n_5879;p_89;#=ew_69_188530;prefix=37916-;[0]=ew_0_217984,L1Y04M,L1,74.843,74.733,https://labbcat.canterbury.ac.nz/maonze/transcript?ag_id=325#ew_0_217984,0.11,110,4.700480366,,
1452,ea,g_334;em_12_161024;n_6031597-n_6031600;p_85;#=ew_69_185027;prefix=34215-;[0]=ew_0_1242281,L1Y02M,L1,84.974,84.864,https://labbcat.canterbury.ac.nz/maonze/transcript?ag_id=334#ew_0_1242281,0.11,110,4.700480366,,
1461,ea,g_335;em_12_33311;n_57552-n_57553;p_85;#=ew_69_185567;prefix=34638-;[0]=ew_0_221767,L1Y02M,L1,67.727,67.617,https://labbcat.canterbury.ac.nz/maonze/transcript?ag_id=335#ew_0_221767,0.11,110,4.700480366,,
1495,ea,g_345;em_12_160999;n_6030965-n_6030966;p_85;#=ew_69_184690;prefix=33845-;[0]=ew_0_1242099,L1Y02M,L1,63.369,63.259,https://labbcat.canterbury.ac.nz/maonze/transcript?ag_id=345#ew_0_1242099,0.11,110,4.700480366,,
1496,ea,g_345;em_12_161001;n_6030963-n_6030965;p_85;#=ew_69_184684;prefix=33842-;[0]=ew_0_1242224,L1Y02M,L1,58.091,57.981,https://labbcat.canterbury.ac.nz/maonze/transcript?ag_id=345#ew_0_1242224,0.11,110,4.700480366,,
1502,ea,g_346;em_12_161049;n_6032409-n_6032412;p_85;#=ew_69_185112;prefix=34300-;[0]=ew_0_1243118,L1Y02M,L1,81.314,81.204,https://labbcat.canterbury.ac.nz/maonze/transcript?ag_id=346#ew_0_1243118,0.11,110,4.700480366,,
1588,ea,g_445;em_12_45971;n_68472-n_68473;p_110;#=ew_69_155534;prefix=05520-;[0]=ew_0_286372,K003M,PresentElder,109.142,109.032,https://labbcat.canterbury.ac.nz/maonze/transcript?ag_id=445#ew_0_286372,0.11,110,4.700480366,,
1607,ea,g_451;em_12_46664;n_69126-n_69127;p_110;#=ew_69_156369;prefix=07037-;[0]=ew_0_291909,K003M,PresentElder,123.62,123.51,https://labbcat.canterbury.ac.nz/maonze/transcript?ag_id=451#ew_0_291909,0.11,110,4.700480366,,
1665,ea,g_467;em_12_48158;n_70179-n_70180;p_120;#=ew_69_165988;prefix=16050-;[0]=ew_0_301024,K008M,PresentElder,8.882,8.772,https://labbcat.canterbury.ac.nz/maonze/transcript?ag_id=467#ew_0_301024,0.11,110,4.700480366,,
1720,ea,g_483;em_12_49590;n_71435-n_71436;p_121;#=ew_69_168188;prefix=18737-;[0]=ew_0_310725,K009M,PresentElder,127.621,127.511,https://labbcat.canterbury.ac.nz/maonze/transcript?ag_id=483#ew_0_310725,0.11,110,4.700480366,,
1766,ea,g_496;em_12_51392;n_8705-n_8706;p_122;#=ew_69_170453;prefix=20414-;[0]=ew_0_319144,K010M,PresentElder,96.142,96.032,https://labbcat.canterbury.ac.nz/maonze/transcript?ag_id=496#ew_0_319144,0.11,110,4.700480366,,
1768,ea,g_496;em_12_51408;n_72747-n_72748;p_122;#=ew_69_170471;prefix=20432-;[0]=ew_0_319214,K010M,PresentElder,117.728,117.618,https://labbcat.canterbury.ac.nz/maonze/transcript?ag_id=496#ew_0_319214,0.11,110,4.700480366,,
1776,ea,g_5;em_12_157;n_30822-n_30823;p_28;#=ew_69_150879;prefix=01748-;[0]=ew_0_2066,K001M,PresentElder,87.353,87.243,https://labbcat.canterbury.ac.nz/maonze/transcript?ag_id=5#ew_0_2066,0.11,110,4.700480366,,
1797,ea,g_52;em_12_3736;n_34069-n_34070;p_32;#=ew_69_157941;prefix=08077-;[0]=ew_0_34364,K004M,PresentElder,103.9,103.79,https://labbcat.canterbury.ac.nz/maonze/transcript?ag_id=52#ew_0_34364,0.11,110,4.700480366,,
1823,ea,g_54;em_12_161920;n_6213624-n_6213625;p_32;#=ew_69_158226;prefix=08657-;[0]=ew_0_1259357,K004M,PresentElder,113.929,113.819,https://labbcat.canterbury.ac.nz/maonze/transcript?ag_id=54#ew_0_1259357,0.11,110,4.700480366,,
1843,ea,g_56;em_12_3953;n_34280-n_34281;p_32;#=ew_69_158392;prefix=08994-;[0]=ew_0_37819,K004M,PresentElder,40.696,40.586,https://labbcat.canterbury.ac.nz/maonze/transcript?ag_id=56#ew_0_37819,0.11,110,4.700480366,,
1849,ea,g_57;em_12_162119;n_6216358-n_6216323;p_32;#=ew_69_158818;prefix=09228-;[0]=ew_0_1261660,K004M,PresentElder,86.631,86.521,https://labbcat.canterbury.ac.nz/maonze/transcript?ag_id=57#ew_0_1261660,0.11,110,4.700480366,,
1903,ea,g_607;em_12_64537;n_84113-n_84114;p_140;#=ew_69_191138;prefix=40149-;[0]=ew_0_387322,L1Y05M,L1,121.788,121.678,https://labbcat.canterbury.ac.nz/maonze/transcript?ag_id=607#ew_0_387322,0.11,110,4.700480366,,
1922,ea,g_610;em_12_64691;n_84259-n_84260;p_142;#=ew_69_182103;prefix=31044-;[0]=ew_0_388979,L1Y01M,L1,125.395,125.285,https://labbcat.canterbury.ac.nz/maonze/transcript?ag_id=610#ew_0_388979,0.11,110,4.700480366,,
1928,ea,g_611;em_12_64723;n_84290-n_84291;p_142;#=ew_69_181710;prefix=31137-;[0]=ew_0_389353,L1Y01M,L1,82.688,82.578,https://labbcat.canterbury.ac.nz/maonze/transcript?ag_id=611#ew_0_389353,0.11,110,4.700480366,,
1956,ea,g_618;em_12_65032;n_84590-n_84591;p_142;#=ew_69_182689;prefix=31930-;[0]=ew_0_392624,L1Y01M,L1,33.748,33.638,https://labbcat.canterbury.ac.nz/maonze/transcript?ag_id=618#ew_0_392624,0.11,110,4.700480366,,
1968,ea,g_621;em_12_65143;n_84692-n_6054963;p_142;#=ew_69_182994;prefix=32260-;[0]=ew_0_394016,L1Y01M,L1,16.296,16.186,https://labbcat.canterbury.ac.nz/maonze/transcript?ag_id=621#ew_0_394016,0.11,110,4.700480366,,
1971,ea,g_621;em_12_65153;n_84700-n_84701;p_142;#=ew_69_183012;prefix=32278-;[0]=ew_0_394111,L1Y01M,L1,58.485,58.375,https://labbcat.canterbury.ac.nz/maonze/transcript?ag_id=621#ew_0_394111,0.11,110,4.700480366,,
1983,ea,g_624;em_12_65270;n_10420-n_84805;p_142;#=ew_69_183261;prefix=32576-;[0]=ew_0_395531,L1Y01M,L1,71.257,71.147,https://labbcat.canterbury.ac.nz/maonze/transcript?ag_id=624#ew_0_395531,0.11,110,4.700480366,,
1985,ea,g_625;em_12_65301;n_84821-n_84822;p_142;#=ew_69_183180;prefix=32746-;[0]=ew_0_395966,L1Y01M,L1,66.099,65.989,https://labbcat.canterbury.ac.nz/maonze/transcript?ag_id=625#ew_0_395966,0.11,110,4.700480366,,
2012,ea,g_630;em_12_65794;n_85272-n_85273;p_143;#=ew_69_203511;prefix=50890-;[0]=ew_0_399338,L2Y02M,L2,36.744,36.634,https://labbcat.canterbury.ac.nz/maonze/transcript?ag_id=630#ew_0_399338,0.11,110,4.700480366,,
2052,ea,g_634;em_12_66339;n_85781-n_85782;p_143;#=ew_69_203931;prefix=52002-;[0]=ew_0_403495,L2Y02M,L2,49.3,49.19,https://labbcat.canterbury.ac.nz/maonze/transcript?ag_id=634#ew_0_403495,0.11,110,4.700480366,,
2054,ea,g_634;em_12_66352;n_85792-n_85793;p_143;#=ew_69_203957;prefix=52026-;[0]=ew_0_403591,L2Y02M,L2,96.009,95.899,https://labbcat.canterbury.ac.nz/maonze/transcript?ag_id=634#ew_0_403591,0.11,110,4.700480366,,
2070,ea,g_641;em_12_66915;n_86184-n_86185;p_145;#=ew_69_201519;prefix=49856-;[0]=ew_0_408552,L2Y01M,L2,61.86,61.75,https://labbcat.canterbury.ac.nz/maonze/transcript?ag_id=641#ew_0_408552,0.11,110,4.700480366,,
2082,ea,g_649;em_12_67387;n_86565-n_86566;p_146;#=ew_69_205650;prefix=53672-;[0]=ew_0_413108,L2Y04M,L2,55.185,55.075,https://labbcat.canterbury.ac.nz/maonze/transcript?ag_id=649#ew_0_413108,0.11,110,4.700480366,,
2135,ea,g_668;em_12_70583;n_89372-n_89373;p_148;#=ew_69_208165;prefix=56057-;[0]=ew_0_423547,L2Y05M,L2,59.998,59.888,https://labbcat.canterbury.ac.nz/maonze/transcript?ag_id=668#ew_0_423547,0.11,110,4.700480366,,
2193,ea,g_77;em_12_5370;n_35465-n_35466;p_37;#=ew_69_160701;prefix=10346-;[0]=ew_0_52552,K005M,PresentElder,108.578,108.468,https://labbcat.canterbury.ac.nz/maonze/transcript?ag_id=77#ew_0_52552,0.11,110,4.700480366,,
2208,ea,g_80;em_12_5528;n_35605-n_35606;p_37;#=ew_69_160206;prefix=10557-;[0]=ew_0_55167,K005M,PresentElder,127.445,127.335,https://labbcat.canterbury.ac.nz/maonze/transcript?ag_id=80#ew_0_55167,0.11,110,4.700480366,,
2219,ea,g_83;em_12_5655;n_35713-n_35714;p_37;#=ew_69_160472;prefix=10936-;[0]=ew_0_1092511,K005M,PresentElder,95.796,95.686,https://labbcat.canterbury.ac.nz/maonze/transcript?ag_id=83#ew_0_1092511,0.11,110,4.700480366,,
2245,ea,g_852;em_12_85625;n_100636-n_100637;p_167;#=ew_69_170844;prefix=21185-;[0]=ew_0_542420,L1H01M,L1,16.153,16.043,https://labbcat.canterbury.ac.nz/maonze/transcript?ag_id=852#ew_0_542420,0.11,110,4.700480366,,
2254,ea,g_853;em_12_85727;n_100733-n_100734;p_167;#=ew_69_171583;prefix=21385-;[0]=ew_0_543275,L1H01M,L1,127.681,127.571,https://labbcat.canterbury.ac.nz/maonze/transcript?ag_id=853#ew_0_543275,0.11,110,4.700480366,,
2280,ea,g_856;em_12_85939;n_100930-n_100931;p_167;#=ew_69_171890;prefix=21846-;[0]=ew_0_544976,L1H01M,L1,79.247,79.137,https://labbcat.canterbury.ac.nz/maonze/transcript?ag_id=856#ew_0_544976,0.11,110,4.700480366,,
2297,ea,g_858;em_12_86096;n_101077-n_101078;p_167;#=ew_69_172161;prefix=22164-;[0]=ew_0_546120,L1H01M,L1,89.243,89.133,https://labbcat.canterbury.ac.nz/maonze/transcript?ag_id=858#ew_0_546120,0.11,110,4.700480366,,
2323,ea,g_865;em_12_86562;n_101424-n_101425;p_168;#=ew_69_173492;prefix=23212-;[0]=ew_0_549807,L1H02M,L1,35.307,35.197,https://labbcat.canterbury.ac.nz/maonze/transcript?ag_id=865#ew_0_549807,0.11,110,4.700480366,,
2324,ea,g_865;em_12_86567;n_101429-n_101430;p_168;#=ew_69_173504;prefix=23224-;[0]=ew_0_549838,L1H02M,L1,51.888,51.778,https://labbcat.canterbury.ac.nz/maonze/transcript?ag_id=865#ew_0_549838,0.11,110,4.700480366,,
2407,ea,g_893;em_12_159838;n_5774235-n_5774245;p_174;#=ew_69_179263;prefix=28448-;[0]=ew_0_1224227,L1H05M,L1,11.309,11.199,https://labbcat.canterbury.ac.nz/maonze/transcript?ag_id=893#ew_0_1224227,0.11,110,4.700480366,,
2494,ea,g_908;em_12_89184;n_103261-n_103262;p_173;#=ew_69_177004;prefix=26444-;[0]=ew_0_570643,L1H04M,L1,81.227,81.117,https://labbcat.canterbury.ac.nz/maonze/transcript?ag_id=908#ew_0_570643,0.11,110,4.700480366,,
2510,ea,g_913;em_12_89365;n_103329-n_103330;p_173;#=ew_69_176351;prefix=25865-;[0]=ew_0_573111,L1H04M,L1,29.458,29.348,https://labbcat.canterbury.ac.nz/maonze/transcript?ag_id=913#ew_0_573111,0.11,110,4.700480366,,
2535,ea,g_934;em_12_90821;n_104622-n_29830;p_179;#=ew_69_217703;prefix=65458-;[0]=ew_0_583102,R001M,PresentElder,58.937,58.827,https://labbcat.canterbury.ac.nz/maonze/transcript?ag_id=934#ew_0_583102,0.11,110,4.700480366,,
2576,ea,g_942;em_12_91457;n_105159-n_105160;p_179;#=ew_69_219443;prefix=66787-;[0]=ew_0_587750,R001M,PresentElder,115.655,115.545,https://labbcat.canterbury.ac.nz/maonze/transcript?ag_id=942#ew_0_587750,0.11,110,4.700480366,,
2583,ea,g_946;em_12_91589;n_105267-n_105268;p_181;#=ew_69_219891;prefix=67067-;[0]=ew_0_588680,R002M,PresentElder,34.06,33.95,https://labbcat.canterbury.ac.nz/maonze/transcript?ag_id=946#ew_0_588680,0.11,110,4.700480366,,
2617,ea,g_950;em_12_91780;n_105435-n_105436;p_181;#=ew_69_220348;prefix=67791-;[0]=ew_0_591372,R002M,PresentElder,113.613,113.503,https://labbcat.canterbury.ac.nz/maonze/transcript?ag_id=950#ew_0_591372,0.11,110,4.700480366,,
2630,ea,g_954;em_12_91956;n_105577-n_105578;p_181;#=ew_69_221174;prefix=68019-;[0]=ew_0_593523,R002M,PresentElder,21.62,21.51,https://labbcat.canterbury.ac.nz/maonze/transcript?ag_id=954#ew_0_593523,0.11,110,4.700480366,,
2631,ea,g_954;em_12_91959;n_105580-n_105581;p_181;#=ew_69_221195;prefix=68030-;[0]=ew_0_593555,R002M,PresentElder,32.32,32.21,https://labbcat.canterbury.ac.nz/maonze/transcript?ag_id=954#ew_0_593555,0.11,110,4.700480366,,
2654,ea,g_960;em_12_92255;n_105841-n_105842;p_183;#=ew_69_222299;prefix=69072-;[0]=ew_0_596643,R003M,PresentElder,102.141,102.031,https://labbcat.canterbury.ac.nz/maonze/transcript?ag_id=960#ew_0_596643,0.11,110,4.700480366,,
2753,ea,g_978;em_12_93505;n_16425-n_106685;p_184;#=ew_69_225091;prefix=71710-;[0]=ew_0_606618,R004M,PresentElder,115.099,114.989,https://labbcat.canterbury.ac.nz/maonze/transcript?ag_id=978#ew_0_606618,0.11,110,4.700480366,,
2760,ea,g_979;em_12_93566;n_106725-n_106726;p_184;#=ew_69_224925;prefix=71848-;[0]=ew_0_607054,R004M,PresentElder,56.542,56.432,https://labbcat.canterbury.ac.nz/maonze/transcript?ag_id=979#ew_0_607054,0.11,110,4.700480366,,
2768,ea,g_98;em_12_6873;n_36720-n_36721;p_41;#=ew_69_162444;prefix=12865-;[0]=ew_0_66758,K007M,PresentElder,32.693,32.583,https://labbcat.canterbury.ac.nz/maonze/transcript?ag_id=98#ew_0_66758,0.11,110,4.700480366,,
2799,ea,g_985;em_12_93838;n_106928-n_16515;p_182;#=ew_69_226019;prefix=72586-;[0]=ew_0_609626,R005M,PresentElder,45.104,44.994,https://labbcat.canterbury.ac.nz/maonze/transcript?ag_id=985#ew_0_609626,0.11,110,4.700480366,,
2909,ia,g_1024;em_12_96137;n_6702387-n_108589;p_190;#=ew_69_232975;prefix=79041-;[0]=ew_0_631074,R009M,PresentElder,23.346,23.236,https://labbcat.canterbury.ac.nz/maonze/transcript?ag_id=1024#ew_0_631074,0.11,110,4.700480366,,
2975,ia,g_1033;em_12_96543;n_6739939-n_108862;p_190;#=ew_69_233592;prefix=80501-;[0]=ew_0_637023,R009M,PresentElder,49.628,49.518,https://labbcat.canterbury.ac.nz/maonze/transcript?ag_id=1033#ew_0_637023,0.11,110,4.700480366,,
2987,ia,g_1037;em_12_96732;n_6745836-n_109008;p_193;#=ew_69_235043;prefix=81336-;[0]=ew_0_639748,R010M,PresentElder,67.258,67.148,https://labbcat.canterbury.ac.nz/maonze/transcript?ag_id=1037#ew_0_639748,0.11,110,4.700480366,,
3007,ia,g_1041;em_12_97086;n_109227-n_7053237;p_193;#=ew_69_236018;prefix=82129-;[0]=ew_0_642879,R010M,PresentElder,82.671,82.561,https://labbcat.canterbury.ac.nz/maonze/transcript?ag_id=1041#ew_0_642879,0.11,110,4.700480366,,
3008,ia,g_1041;em_12_97100;n_109234-n_109235;p_193;#=ew_69_236097;prefix=82155-;[0]=ew_0_642988,R010M,PresentElder,123.641,123.531,https://labbcat.canterbury.ac.nz/maonze/transcript?ag_id=1041#ew_0_642988,0.11,110,4.700480366,,
3033,ia,g_1051;em_12_97721;n_109549-n_109550;p_203;#=ew_69_241691;prefix=87762-;[0]=ew_0_648863,WU02M,Historical,52.927,52.817,https://labbcat.canterbury.ac.nz/maonze/transcript?ag_id=1051#ew_0_648863,0.11,110,4.700480366,,
3049,ia,g_1071;em_12_99560;n_110775-n_4690878;p_206;#=ew_69_245629;prefix=91185-;[0]=ew_0_659828,WU06M,Historical,77.727,77.617,https://labbcat.canterbury.ac.nz/maonze/transcript?ag_id=1071#ew_0_659828,0.11,110,4.700480366,,
3073,ia,g_1078;em_12_99909;n_18342-n_18343;p_208;#=ew_69_246042;prefix=92131-;[0]=ew_0_663479,WU07M,Historical,86.907,86.797,https://labbcat.canterbury.ac.nz/maonze/transcript?ag_id=1078#ew_0_663479,0.11,110,4.700480366,,
3083,ia,g_1080;em_12_99999;n_111168-n_111169;p_208;#=ew_69_246531;prefix=92302-;[0]=ew_0_664155,WU07M,Historical,41.985,41.875,https://labbcat.canterbury.ac.nz/maonze/transcript?ag_id=1080#ew_0_664155,0.11,110,4.700480366,,
3114,ia,g_1087;em_12_100459;n_111556-n_111557;p_208;#=ew_69_247776;prefix=93368-;[0]=ew_0_668379,WU07M,Historical,99.935,99.825,https://labbcat.canterbury.ac.nz/maonze/transcript?ag_id=1087#ew_0_668379,0.11,110,4.700480366,,
3119,ia,g_1088;em_12_100501;n_4699158-n_111592;p_208;#=ew_69_247564;prefix=93475-;[0]=ew_0_668836,WU07M,Historical,29.111,29.001,https://labbcat.canterbury.ac.nz/maonze/transcript?ag_id=1088#ew_0_668836,0.11,110,4.700480366,,
3135,ia,g_1092;em_12_100674;n_111708-n_111709;p_208;#=ew_69_247886;prefix=93836-;[0]=ew_0_670263,WU07M,Historical,32.233,32.123,https://labbcat.canterbury.ac.nz/maonze/transcript?ag_id=1092#ew_0_670263,0.11,110,4.700480366,,
3155,ia,g_116;em_12_8326;n_37884-n_37885;p_43;#=ew_69_211889;prefix=58982-;[0]=ew_0_80651,MU02M,Historical,51.87,51.76,https://labbcat.canterbury.ac.nz/maonze/transcript?ag_id=116#ew_0_80651,0.11,110,4.700480366,,
3156,ia,g_116;em_12_8328;n_37886-n_37887;p_43;#=ew_69_211894;prefix=58987-;[0]=ew_0_80679,MU02M,Historical,63.747,63.637,https://labbcat.canterbury.ac.nz/maonze/transcript?ag_id=116#ew_0_80679,0.11,110,4.700480366,,
3192,ia,g_12;em_12_898;n_31534-n_31535;p_28;#=ew_69_149472;prefix=00068-;[0]=ew_0_7944,K001M,PresentElder,81.132,81.022,https://labbcat.canterbury.ac.nz/maonze/transcript?ag_id=12#ew_0_7944,0.11,110,4.700480366,,
3221,ia,g_1206;em_12_109336;n_118132-n_118133;p_244;#=ew_69_244251;prefix=90033-;[0]=ew_0_727897,WU04M,Historical,120.709,120.599,https://labbcat.canterbury.ac.nz/maonze/transcript?ag_id=1206#ew_0_727897,0.11,110,4.700480366,,
3233,ia,g_1211;em_12_109733;n_118481-n_118482;p_244;#=ew_69_244898;prefix=90688-;[0]=ew_0_730384,WU04M,Historical,52.289,52.179,https://labbcat.canterbury.ac.nz/maonze/transcript?ag_id=1211#ew_0_730384,0.11,110,4.700480366,,
3239,ia,g_1213;em_12_109837;n_118550-n_118551;p_244;#=ew_69_244917;prefix=90956-;[0]=ew_0_731419,WU04M,Historical,36.427,36.317,https://labbcat.canterbury.ac.nz/maonze/transcript?ag_id=1213#ew_0_731419,0.11,110,4.700480366,,
3261,ia,g_131;em_12_8886;n_38366-n_38367;p_284;#=ew_69_209074;prefix=56844-;[0]=ew_0_1114318,MU01M,Historical,123.551,123.441,https://labbcat.canterbury.ac.nz/maonze/transcript?ag_id=131#ew_0_1114318,0.11,110,4.700480366,,
3278,ia,g_1372;em_12_118250;n_123797-n_123798;p_287;#=ew_69_227664;prefix=74667-;[0]=ew_0_814063,R006M,PresentElder,44.221,44.111,https://labbcat.canterbury.ac.nz/maonze/transcript?ag_id=1372#ew_0_814063,0.11,110,4.700480366,,
3311,ia,g_1389;em_12_119080;n_124557-n_124558;p_262;#=ew_69_249143;prefix=94711-;[0]=ew_0_822973,WU08M,Historical,93.521,93.411,https://labbcat.canterbury.ac.nz/maonze/transcript?ag_id=1389#ew_0_822973,0.11,110,4.700480366,,
3324,ia,g_1391;em_12_151917;n_4711917-n_4711921;p_262;#=ew_69_249041;prefix=95005-;[0]=ew_0_1134639,WU08M,Historical,93.019,92.909,https://labbcat.canterbury.ac.nz/maonze/transcript?ag_id=1391#ew_0_1134639,0.11,110,4.700480366,,
3345,ia,g_14;em_12_1094;n_31728-n_31729;p_19;#=ew_69_151724;prefix=03119-;[0]=ew_0_9445,K002M,PresentElder,78.493,78.383,https://labbcat.canterbury.ac.nz/maonze/transcript?ag_id=14#ew_0_9445,0.11,110,4.700480366,,
3375,ia,g_1530;em_12_126391;n_25326-n_25327;p_200;#=ew_69_216049;prefix=63439-;[0]=ew_0_890806,MU08M,Historical,80.464,80.354,https://labbcat.canterbury.ac.nz/maonze/transcript?ag_id=1530#ew_0_890806,0.11,110,4.700480366,,
3383,ia,g_1538;em_12_126869;n_130607-n_130608;p_200;#=ew_69_216236;prefix=63688-;[0]=ew_0_895374,MU08M,Historical,110.735,110.625,https://labbcat.canterbury.ac.nz/maonze/transcript?ag_id=1538#ew_0_895374,0.11,110,4.700480366,,
3409,ia,g_1618;em_12_131782;n_134263-n_134264;p_299;#=ew_69_192178;prefix=40589-;[0]=ew_0_933190,L2H01M,L2,49.502,49.392,https://labbcat.canterbury.ac.nz/maonze/transcript?ag_id=1618#ew_0_933190,0.11,110,4.700480366,,
3411,ia,g_1618;em_12_131794;n_134275-n_134276;p_299;#=ew_69_192261;prefix=40627-;[0]=ew_0_933312,L2H01M,L2,101.741,101.631,https://labbcat.canterbury.ac.nz/maonze/transcript?ag_id=1618#ew_0_933312,0.11,110,4.700480366,,
3446,ia,g_1630;em_12_132594;n_134861-n_134862;p_299;#=ew_69_193178;prefix=41908-;[0]=ew_0_938973,L2H01M,L2,44.393,44.283,https://labbcat.canterbury.ac.nz/maonze/transcript?ag_id=1630#ew_0_938973,0.11,110,4.700480366,,
3502,ia,g_1654;em_12_134213;n_27277-n_136212;p_300;#=ew_69_194601;prefix=43214-;[0]=ew_0_949533,L2H02M,L2,102.214,102.104,https://labbcat.canterbury.ac.nz/maonze/transcript?ag_id=1654#ew_0_949533,0.11,110,4.700480366,,
3516,ia,g_1662;em_12_134629;n_136479-n_136480;p_302;#=ew_69_197056;prefix=45720-;[0]=ew_0_953144,L2H04M,L2,83.75,83.64,https://labbcat.canterbury.ac.nz/maonze/transcript?ag_id=1662#ew_0_953144,0.11,110,4.700480366,,
3540,ia,g_1668;em_12_134907;n_136718-n_136719;p_302;#=ew_69_198300;prefix=46556-;[0]=ew_0_956234,L2H04M,L2,86.9,86.79,https://labbcat.canterbury.ac.nz/maonze/transcript?ag_id=1668#ew_0_956234,0.11,110,4.700480366,,
3541,ia,g_1668;em_12_134915;n_136726-n_136727;p_302;#=ew_69_198322;prefix=46577-;[0]=ew_0_956316,L2H04M,L2,124.899,124.789,https://labbcat.canterbury.ac.nz/maonze/transcript?ag_id=1668#ew_0_956316,0.11,110,4.700480366,,
3566,ia,g_1676;em_12_135259;n_136998-n_136999;p_307;#=ew_69_200136;prefix=48540-;[0]=ew_0_960085,L2H05M,L2,70.278,70.168,https://labbcat.canterbury.ac.nz/maonze/transcript?ag_id=1676#ew_0_960085,0.11,110,4.700480366,,
3616,ia,g_1848;em_12_149460;n_3853895-n_3853917;p_49;#=ew_69_205444;prefix=53415-;[0]=ew_0_1106216,L2Y03M,L2,60.811,60.701,https://labbcat.canterbury.ac.nz/maonze/transcript?ag_id=1848#ew_0_1106216,0.11,110,4.700480366,,
3640,ia,g_1883;em_12_155019;n_5258707-n_5258730;p_334;#=ew_69_237019;prefix=83338-;[0]=ew_0_1170513,R011M,PresentElder,54.368,54.258,https://labbcat.canterbury.ac.nz/maonze/transcript?ag_id=1883#ew_0_1170513,0.11,110,4.700480366,,
3675,ia,g_1896;em_12_155935;n_5271493-n_5271512;p_334;#=ew_69_238364;prefix=84528-;[0]=ew_0_1181217,R011M,PresentElder,70.182,70.072,https://labbcat.canterbury.ac.nz/maonze/transcript?ag_id=1896#ew_0_1181217,0.11,110,4.700480366,,
3686,ia,g_1898;em_12_156042;n_5274753-n_5274778;p_333;#=ew_69_238178;prefix=84852-;[0]=ew_0_1183282,R012M,PresentElder,37.995,37.885,https://labbcat.canterbury.ac.nz/maonze/transcript?ag_id=1898#ew_0_1183282,0.11,110,4.700480366,,
3871,ia,g_309;em_12_30124;n_54900-n_5507;p_81;#=ew_69_185979;prefix=35806-;[0]=ew_0_208259,L1Y03M,L1,125.889,125.779,https://labbcat.canterbury.ac.nz/maonze/transcript?ag_id=309#ew_0_208259,0.11,110,4.700480366,,
3930,ia,g_338;em_12_161032;n_57624-n_7087712;p_85;#=ew_69_185166;prefix=34332-;[0]=ew_0_1242440,L1Y02M,L1,43.012,42.902,https://labbcat.canterbury.ac.nz/maonze/transcript?ag_id=338#ew_0_1242440,0.11,110,4.700480366,,
3932,ia,g_340;em_12_33460;n_57678-n_57679;p_85;#=ew_69_185666;prefix=34794-;[0]=ew_0_223751,L1Y02M,L1,61.763,61.653,https://labbcat.canterbury.ac.nz/maonze/transcript?ag_id=340#ew_0_223751,0.11,110,4.700480366,,
3950,ia,g_352;em_12_33948;n_58070-n_58071;p_87;#=ew_69_210940;prefix=59707-;[0]=ew_0_228318,MU03M,Historical,89.046,88.936,https://labbcat.canterbury.ac.nz/maonze/transcript?ag_id=352#ew_0_228318,0.11,110,4.700480366,,
3967,ia,g_369;em_12_35866;n_59692-n_59693;p_92;#=ew_69_212982;prefix=60600-;[0]=ew_0_238142,MU04M,Historical,65.989,65.879,https://labbcat.canterbury.ac.nz/maonze/transcript?ag_id=369#ew_0_238142,0.11,110,4.700480366,,
3988,ia,g_375;em_12_36864;n_60671-n_60672;p_92;#=ew_69_213235;prefix=61486-;[0]=ew_0_242536,MU04M,Historical,12.103,11.993,https://labbcat.canterbury.ac.nz/maonze/transcript?ag_id=375#ew_0_242536,0.11,110,4.700480366,,
4048,ia,g_446;em_12_46047;n_68544-n_68545;p_110;#=ew_69_155264;prefix=05713-;[0]=ew_0_1252282,K003M,PresentElder,22.05,21.94,https://labbcat.canterbury.ac.nz/maonze/transcript?ag_id=446#ew_0_1252282,0.11,110,4.700480366,,
4049,ia,g_446;em_12_46059;n_68556-n_68557;p_110;#=ew_69_155420;prefix=05752-;[0]=ew_0_1252560,K003M,PresentElder,63.342,63.232,https://labbcat.canterbury.ac.nz/maonze/transcript?ag_id=446#ew_0_1252560,0.11,110,4.700480366,,
4092,ia,g_451;em_12_46660;n_69122-n_69123;p_110;#=ew_69_156358;prefix=07026-;[0]=ew_0_291880,K003M,PresentElder,111.78,111.67,https://labbcat.canterbury.ac.nz/maonze/transcript?ag_id=451#ew_0_291880,0.11,110,4.700480366,,
4117,ia,g_464;em_12_47754;n_69822-n_69823;p_120;#=ew_69_165752;prefix=15528-;[0]=ew_0_298920,K008M,PresentElder,23.34,23.23,https://labbcat.canterbury.ac.nz/maonze/transcript?ag_id=464#ew_0_298920,0.11,110,4.700480366,,
4131,ia,g_468;em_12_48358;n_70362-n_70363;p_120;#=ew_69_166210;prefix=16247-;[0]=ew_0_301889,K008M,PresentElder,127.148,127.038,https://labbcat.canterbury.ac.nz/maonze/transcript?ag_id=468#ew_0_301889,0.11,110,4.700480366,,
4135,ia,g_469;em_12_48495;n_70484-n_70485;p_120;#=ew_69_166372;prefix=16407-;[0]=ew_0_302586,K008M,PresentElder,121.89,121.78,https://labbcat.canterbury.ac.nz/maonze/transcript?ag_id=469#ew_0_302586,0.11,110,4.700480366,,
4144,ia,g_476;em_12_49120;n_71041-n_71042;p_121;#=ew_69_167039;prefix=17419-;[0]=ew_0_1258934,K009M,PresentElder,78.865,78.755,https://labbcat.canterbury.ac.nz/maonze/transcript?ag_id=476#ew_0_1258934,0.11,110,4.700480366,,
4160,ia,g_482;em_12_49411;n_71295-n_71296;p_121;#=ew_69_168909;prefix=18521-;[0]=ew_0_309902,K009M,PresentElder,63.053,62.943,https://labbcat.canterbury.ac.nz/maonze/transcript?ag_id=482#ew_0_309902,0.11,110,4.700480366,,
4161,ia,g_482;em_12_49413;n_71297-n_71298;p_121;#=ew_69_168919;prefix=18526-;[0]=ew_0_309912,K009M,PresentElder,67.702,67.592,https://labbcat.canterbury.ac.nz/maonze/transcript?ag_id=482#ew_0_309912,0.11,110,4.700480366,,
4170,ia,g_484;em_12_49687;n_71507-n_71508;p_121;#=ew_69_168908;prefix=18874-;[0]=ew_0_311235,K009M,PresentElder,46.374,46.264,https://labbcat.canterbury.ac.nz/maonze/transcript?ag_id=484#ew_0_311235,0.11,110,4.700480366,,
4172,ia,g_484;em_12_49694;n_71514-n_71515;p_121;#=ew_69_168962;prefix=18900-;[0]=ew_0_311329,K009M,PresentElder,82.747,82.637,https://labbcat.canterbury.ac.nz/maonze/transcript?ag_id=484#ew_0_311329,0.11,110,4.700480366,,
4173,ia,g_484;em_12_49696;n_71516-n_71517;p_121;#=ew_69_168977;prefix=18908-;[0]=ew_0_311357,K009M,PresentElder,94.566,94.456,https://labbcat.canterbury.ac.nz/maonze/transcript?ag_id=484#ew_0_311357,0.11,110,4.700480366,,
4271,ia,g_59;em_12_162235;n_6219089-n_6219090;p_32;#=ew_69_159414;prefix=09734-;[0]=ew_0_1263569,K004M,PresentElder,42.994,42.884,https://labbcat.canterbury.ac.nz/maonze/transcript?ag_id=59#ew_0_1263569,0.11,110,4.700480366,,
4273,ia,g_59;em_12_162254;n_6219093-n_6219094;p_32;#=ew_69_159429;prefix=09748-;[0]=ew_0_1263570,K004M,PresentElder,65.093,64.983,https://labbcat.canterbury.ac.nz/maonze/transcript?ag_id=59#ew_0_1263570,0.11,110,4.700480366,,
4337,ia,g_616;em_12_64965;n_84525-n_84526;p_142;#=ew_69_182409;prefix=31734-;[0]=ew_0_391812,L1Y01M,L1,97.192,97.082,https://labbcat.canterbury.ac.nz/maonze/transcript?ag_id=616#ew_0_391812,0.11,110,4.700480366,,
4348,ia,g_622;em_12_65185;n_84731-n_84732;p_142;#=ew_69_183055;prefix=32381-;[0]=ew_0_394494,L1Y01M,L1,25.855,25.745,https://labbcat.canterbury.ac.nz/maonze/transcript?ag_id=622#ew_0_394494,0.11,110,4.700480366,,
4361,ia,g_627;em_12_65377;n_84892-n_84893;p_142;#=ew_69_183756;prefix=33004-;[0]=ew_0_396899,L1Y01M,L1,39.841,39.731,https://labbcat.canterbury.ac.nz/maonze/transcript?ag_id=627#ew_0_396899,0.11,110,4.700480366,,
4370,ia,g_632;em_12_66084;n_85544-n_85545;p_143;#=ew_69_203176;prefix=51468-;[0]=ew_0_401478,L2Y02M,L2,42.953,42.843,https://labbcat.canterbury.ac.nz/maonze/transcript?ag_id=632#ew_0_401478,0.11,110,4.700480366,,
4455,ia,g_670;em_12_70662;n_89443-n_89444;p_148;#=ew_69_208503;prefix=56403-;[0]=ew_0_424920,L2Y05M,L2,84.856,84.746,https://labbcat.canterbury.ac.nz/maonze/transcript?ag_id=670#ew_0_424920,0.11,110,4.700480366,,
4478,ia,g_76;em_12_5321;n_523-n_5957992;p_37;#=ew_69_159907;prefix=10182-;[0]=ew_0_51866,K005M,PresentElder,45.396,45.286,https://labbcat.canterbury.ac.nz/maonze/transcript?ag_id=76#ew_0_51866,0.11,110,4.700480366,,
4545,ia,g_863;em_12_86403;n_101308-n_101309;p_168;#=ew_69_172932;prefix=22861-;[0]=ew_0_548494,L1H02M,L1,37.798,37.688,https://labbcat.canterbury.ac.nz/maonze/transcript?ag_id=863#ew_0_548494,0.11,110,4.700480366,,
4656,ia,g_899;em_12_88723;n_102945-n_102946;p_173;#=ew_69_177610;prefix=27238-;[0]=ew_0_566325,L1H04M,L1,115.16,115.05,https://labbcat.canterbury.ac.nz/maonze/transcript?ag_id=899#ew_0_566325,0.11,110,4.700480366,,
4665,ia,g_903;em_12_170143;n_6969723-n_6969724;p_174;#=ew_69_177842;prefix=27329-;[0]=ew_0_1331096,L1H05M,L1,38.772,38.662,https://labbcat.canterbury.ac.nz/maonze/transcript?ag_id=903#ew_0_1331096,0.11,110,4.700480366,,
4752,ia,g_940;em_12_91266;n_15842-n_15843;p_179;#=ew_69_219169;prefix=66368-;[0]=ew_0_586268,R001M,PresentElder,10.341,10.231,https://labbcat.canterbury.ac.nz/maonze/transcript?ag_id=940#ew_0_586268,0.11,110,4.700480366,,
4796,ia,g_956;em_12_92054;n_105661-n_105662;p_181;#=ew_69_221033;prefix=68446-;[0]=ew_0_594903,R002M,PresentElder,111.138,111.028,https://labbcat.canterbury.ac.nz/maonze/transcript?ag_id=956#ew_0_594903,0.11,110,4.700480366,,
4806,ia,g_962;em_12_92361;n_16050-n_105916;p_183;#=ew_69_222321;prefix=69369-;[0]=ew_0_597679,R003M,PresentElder,49.272,49.162,https://labbcat.canterbury.ac.nz/maonze/transcript?ag_id=962#ew_0_597679,0.11,110,4.700480366,,
4946,oa,g_1012;em_12_95533;n_16764-n_6650383;p_188;#=ew_69_229920;prefix=76618-;[0]=ew_0_625697,R007M,PresentElder,32.488,32.378,https://labbcat.canterbury.ac.nz/maonze/transcript?ag_id=1012#ew_0_625697,0.11,110,4.700480366,,
4963,oa,g_1018;em_12_95921;n_17025-n_17026;p_188;#=ew_69_230385;prefix=77181-;[0]=ew_0_628456,R007M,PresentElder,6.329,6.219,https://labbcat.canterbury.ac.nz/maonze/transcript?ag_id=1018#ew_0_628456,0.11,110,4.700480366,,
5045,oa,g_1038;em_12_96809;n_109054-n_6745948;p_193;#=ew_69_235076;prefix=81538-;[0]=ew_0_640491,R010M,PresentElder,49.189,49.079,https://labbcat.canterbury.ac.nz/maonze/transcript?ag_id=1038#ew_0_640491,0.11,110,4.700480366,,
5052,oa,g_1041;em_12_97099;n_109233-n_109234;p_193;#=ew_69_236084;prefix=82151-;[0]=ew_0_642978,R010M,PresentElder,119.215,119.105,https://labbcat.canterbury.ac.nz/maonze/transcript?ag_id=1041#ew_0_642978,0.11,110,4.700480366,,
5094,oa,g_1075;em_12_99758;n_110954-n_110955;p_208;#=ew_69_245487;prefix=91817-;[0]=ew_0_662092,WU07M,Historical,118.707,118.597,https://labbcat.canterbury.ac.nz/maonze/transcript?ag_id=1075#ew_0_662092,0.11,110,4.700480366,,
5098,oa,g_1077;em_12_99837;n_111029-n_111030;p_208;#=ew_69_246338;prefix=92001-;[0]=ew_0_662846,WU07M,Historical,12.581,12.471,https://labbcat.canterbury.ac.nz/maonze/transcript?ag_id=1077#ew_0_662846,0.11,110,4.700480366,,
5113,oa,g_1082;em_12_100149;n_18395-n_111284;p_208;#=ew_69_247070;prefix=92663-;[0]=ew_0_665526,WU07M,Historical,106.8,106.69,https://labbcat.canterbury.ac.nz/maonze/transcript?ag_id=1082#ew_0_665526,0.11,110,4.700480366,,
5227,oa,g_1243;em_12_160341;n_5825636-n_5825652;p_249;#=ew_69_181189;prefix=30722-;[0]=ew_0_1229376,L1H06M,L1,20.144,20.034,https://labbcat.canterbury.ac.nz/maonze/transcript?ag_id=1243#ew_0_1229376,0.11,110,4.700480366,,
5272,oa,g_1389;em_12_119077;n_124554-n_124555;p_262;#=ew_69_249079;prefix=94695-;[0]=ew_0_822938,WU08M,Historical,73.871,73.761,https://labbcat.canterbury.ac.nz/maonze/transcript?ag_id=1389#ew_0_822938,0.11,110,4.700480366,,
5308,oa,g_1515;em_12_125686;n_129798-n_129799;p_276;#=ew_69_242116;prefix=88136-;[0]=ew_0_882494,WU03M,Historical,114.029,113.919,https://labbcat.canterbury.ac.nz/maonze/transcript?ag_id=1515#ew_0_882494,0.11,110,4.700480366,,
5356,oa,g_1527;em_12_126269;n_130283-n_6614891;p_287;#=ew_69_229100;prefix=75815-;[0]=ew_0_1281508,R006M,PresentElder,67.461,67.351,https://labbcat.canterbury.ac.nz/maonze/transcript?ag_id=1527#ew_0_1281508,0.11,110,4.700480366,,
5397,oa,g_1622;em_12_132095;n_134513-n_134514;p_299;#=ew_69_191707;prefix=41100-;[0]=ew_0_935558,L2H01M,L2,119.63,119.52,https://labbcat.canterbury.ac.nz/maonze/transcript?ag_id=1622#ew_0_935558,0.11,110,4.700480366,,
5400,oa,g_1623;em_12_132152;n_134554-n_134555;p_299;#=ew_69_192483;prefix=41174-;[0]=ew_0_935902,L2H01M,L2,43.515,43.405,https://labbcat.canterbury.ac.nz/maonze/transcript?ag_id=1623#ew_0_935902,0.11,110,4.700480366,,
5468,oa,g_1657;em_12_134421;n_136349-n_136350;p_300;#=ew_69_194562;prefix=43551-;[0]=ew_0_951037,L2H02M,L2,98.931,98.821,https://labbcat.canterbury.ac.nz/maonze/transcript?ag_id=1657#ew_0_951037,0.11,110,4.700480366,,
5517,oa,g_1685;em_12_135901;n_137438-n_137439;p_307;#=ew_69_199196;prefix=47480-;[0]=ew_0_964718,L2H05M,L2,100.932,100.822,https://labbcat.canterbury.ac.nz/maonze/transcript?ag_id=1685#ew_0_964718,0.11,110,4.700480366,,
5531,oa,g_17;em_12_1316;n_31942-n_31943;p_19;#=ew_69_151517;prefix=02392-;[0]=ew_0_11501,K002M,PresentElder,59.406,59.296,https://labbcat.canterbury.ac.nz/maonze/transcript?ag_id=17#ew_0_11501,0.11,110,4.700480366,,
5597,oa,g_1846;em_12_149360;n_3852556-n_3852564;p_49;#=ew_69_205159;prefix=53198-;[0]=ew_0_1105077,L2Y03M,L2,78.252,78.142,https://labbcat.canterbury.ac.nz/maonze/transcript?ag_id=1846#ew_0_1105077,0.11,110,4.700480366,,
5599,oa,g_1846;em_12_149361;n_3852564-n_3852581;p_49;#=ew_69_205163;prefix=53202-;[0]=ew_0_1105093,L2Y03M,L2,84.035,83.925,https://labbcat.canterbury.ac.nz/maonze/transcript?ag_id=1846#ew_0_1105093,0.11,110,4.700480366,,
5644,oa,g_1892;em_12_155625;n_5267180-n_5267206;p_334;#=ew_69_237788;prefix=84118-;[0]=ew_0_1177403,R011M,PresentElder,84.35,84.24,https://labbcat.canterbury.ac.nz/maonze/transcript?ag_id=1892#ew_0_1177403,0.11,110,4.700480366,,
5716,oa,g_1908;em_12_156769;n_5284370-n_5284389;p_333;#=ew_69_241012;prefix=86481-;[0]=ew_0_1191092,R012M,PresentElder,124.909,124.799,https://labbcat.canterbury.ac.nz/maonze/transcript?ag_id=1908#ew_0_1191092,0.11,110,4.700480366,,
5733,oa,g_1910;em_12_156914;n_5286341-n_5286363;p_333;#=ew_69_240426;prefix=86900-;[0]=ew_0_1193269,R012M,PresentElder,60.691,60.581,https://labbcat.canterbury.ac.nz/maonze/transcript?ag_id=1910#ew_0_1193269,0.11,110,4.700480366,,
5787,oa,g_1946;em_12_165977;n_6849360-n_6849376;p_121;#=ew_69_167486;prefix=17152-;[0]=ew_0_1298432,K009M,PresentElder,68.213,68.103,https://labbcat.canterbury.ac.nz/maonze/transcript?ag_id=1946#ew_0_1298432,0.11,110,4.700480366,,
5930,oa,g_346;em_12_33648;n_6072-n_7087493;p_85;#=ew_69_185093;prefix=34261-;[0]=ew_0_226167,L1Y02M,L1,43.828,43.718,https://labbcat.canterbury.ac.nz/maonze/transcript?ag_id=346#ew_0_226167,0.11,110,4.700480366,,
5969,oa,g_372;em_12_150128;n_4458748-n_60123;p_92;#=ew_69_213648;prefix=61165-;[0]=ew_0_1123397,MU04M,Historical,97.247,97.137,https://labbcat.canterbury.ac.nz/maonze/transcript?ag_id=372#ew_0_1123397,0.11,110,4.700480366,,
6019,oa,g_445;em_12_45946;n_68447-n_68448;p_110;#=ew_69_155244;prefix=05453-;[0]=ew_0_286145,K003M,PresentElder,21.931,21.821,https://labbcat.canterbury.ac.nz/maonze/transcript?ag_id=445#ew_0_286145,0.11,110,4.700480366,,
6030,oa,g_447;em_12_46160;n_68651-n_68652;p_110;#=ew_69_155275;prefix=06000-;[0]=ew_0_287815,K003M,PresentElder,11.372,11.262,https://labbcat.canterbury.ac.nz/maonze/transcript?ag_id=447#ew_0_287815,0.11,110,4.700480366,,
6059,oa,g_466;em_12_48024;n_6953421-n_70058;p_120;#=ew_69_165447;prefix=15899-;[0]=ew_0_300364,K008M,PresentElder,25.593,25.483,https://labbcat.canterbury.ac.nz/maonze/transcript?ag_id=466#ew_0_300364,0.11,110,4.700480366,,
6073,oa,g_474;em_12_48999;n_70932-n_70933;p_121;#=ew_69_167065;prefix=17005-;[0]=ew_0_304822,K009M,PresentElder,127.582,127.472,https://labbcat.canterbury.ac.nz/maonze/transcript?ag_id=474#ew_0_304822,0.11,110,4.700480366,,
6092,oa,g_482;em_12_49410;n_71294-n_71295;p_121;#=ew_69_168905;prefix=18519-;[0]=ew_0_309896,K009M,PresentElder,61.382,61.272,https://labbcat.canterbury.ac.nz/maonze/transcript?ag_id=482#ew_0_309896,0.11,110,4.700480366,,
6202,oa,g_61;em_12_4197;n_34516-n_34517;p_32;#=ew_69_159242;prefix=09942-;[0]=ew_0_41733,K004M,PresentElder,68.61,68.5,https://labbcat.canterbury.ac.nz/maonze/transcript?ag_id=61#ew_0_41733,0.11,110,4.700480366,,
6230,oa,g_620;em_12_65117;n_84673-n_84674;p_142;#=ew_69_182336;prefix=32222-;[0]=ew_0_393712,L1Y01M,L1,87.773,87.663,https://labbcat.canterbury.ac.nz/maonze/transcript?ag_id=620#ew_0_393712,0.11,110,4.700480366,,
6237,oa,g_625;em_12_65310;n_84830-n_84831;p_142;#=ew_69_183226;prefix=32777-;[0]=ew_0_396052,L1Y01M,L1,95.632,95.522,https://labbcat.canterbury.ac.nz/maonze/transcript?ag_id=625#ew_0_396052,0.11,110,4.700480366,,
6245,oa,g_627;em_12_65389;n_84904-n_84905;p_142;#=ew_69_183827;prefix=33039-;[0]=ew_0_397035,L1Y01M,L1,88.205,88.095,https://labbcat.canterbury.ac.nz/maonze/transcript?ag_id=627#ew_0_397035,0.11,110,4.700480366,,
6257,oa,g_631;em_12_65948;n_85417-n_85418;p_143;#=ew_69_202193;prefix=51192-;[0]=ew_0_400422,L2Y02M,L2,10.381,10.271,https://labbcat.canterbury.ac.nz/maonze/transcript?ag_id=631#ew_0_400422,0.11,110,4.700480366,,
6278,oa,g_634;em_12_66337;n_85779-n_85780;p_143;#=ew_69_203918;prefix=51990-;[0]=ew_0_403467,L2Y02M,L2,40.708,40.598,https://labbcat.canterbury.ac.nz/maonze/transcript?ag_id=634#ew_0_403467,0.11,110,4.700480366,,
6305,oa,g_650;em_12_67600;n_86761-n_86762;p_146;#=ew_69_206143;prefix=53799-;[0]=ew_0_413597,L2Y04M,L2,28.311,28.201,https://labbcat.canterbury.ac.nz/maonze/transcript?ag_id=650#ew_0_413597,0.11,110,4.700480366,,
6484,oa,g_900;em_12_88742;n_6967522-n_102961;p_173;#=ew_69_177651;prefix=27066-;[0]=ew_0_566413,L1H04M,L1,10.045,9.935,https://labbcat.canterbury.ac.nz/maonze/transcript?ag_id=900#ew_0_566413,0.11,110,4.700480366,,
6561,oa,g_942;em_12_91445;n_105147-n_105148;p_179;#=ew_69_219399;prefix=66743-;[0]=ew_0_587623,R001M,PresentElder,68.297,68.187,https://labbcat.canterbury.ac.nz/maonze/transcript?ag_id=942#ew_0_587623,0.11,110,4.700480366,,
6579,oa,g_950;em_12_91777;n_6521905-n_105433;p_181;#=ew_69_220316;prefix=67776-;[0]=ew_0_591330,R002M,PresentElder,97.407,97.297,https://labbcat.canterbury.ac.nz/maonze/transcript?ag_id=950#ew_0_591330,0.11,110,4.700480366,,
6677,ua,g_10;em_12_696;n_31343-n_31344;p_28;#=ew_69_149810;prefix=00502-;[0]=ew_0_6247,K001M,PresentElder,62.677,62.567,https://labbcat.canterbury.ac.nz/maonze/transcript?ag_id=10#ew_0_6247,0.11,110,4.700480366,,
6695,ua,g_1007;em_12_95249;n_108209-n_108210;p_284;#=ew_69_210455;prefix=58128-;[0]=ew_0_623509,MU01M,Historical,32.35,32.24,https://labbcat.canterbury.ac.nz/maonze/transcript?ag_id=1007#ew_0_623509,0.11,110,4.700480366,,
6706,ua,g_1009;em_12_95333;n_108268-n_108269;p_188;#=ew_69_229690;prefix=76259-;[0]=ew_0_624352,R007M,PresentElder,85.537,85.427,https://labbcat.canterbury.ac.nz/maonze/transcript?ag_id=1009#ew_0_624352,0.11,110,4.700480366,,
6755,ua,g_1016;em_12_95832;n_16946-n_6670625;p_188;#=ew_69_230584;prefix=77021-;[0]=ew_0_627666,R007M,PresentElder,124.666,124.556,https://labbcat.canterbury.ac.nz/maonze/transcript?ag_id=1016#ew_0_627666,0.11,110,4.700480366,,
6771,ua,g_1019;em_12_95977;n_17078-n_17079;p_188;#=ew_69_230320;prefix=77290-;[0]=ew_0_628894,R007M,PresentElder,87.38,87.27,https://labbcat.canterbury.ac.nz/maonze/transcript?ag_id=1019#ew_0_628894,0.11,110,4.700480366,,
6796,ua,g_1023;em_12_96105;n_17139-n_108566;p_190;#=ew_69_232636;prefix=78921-;[0]=ew_0_630584,R009M,PresentElder,63.949,63.839,https://labbcat.canterbury.ac.nz/maonze/transcript?ag_id=1023#ew_0_630584,0.11,110,4.700480366,,
6802,ua,g_1024;em_12_96147;n_17150-n_108597;p_190;#=ew_69_233064;prefix=79096-;[0]=ew_0_631262,R009M,PresentElder,82.406,82.296,https://labbcat.canterbury.ac.nz/maonze/transcript?ag_id=1024#ew_0_631262,0.11,110,4.700480366,,
6815,ua,g_1027;em_12_171438;n_7051900-n_7051901;p_190;#=ew_69_232752;prefix=79538-;[0]=ew_0_1344396,R009M,PresentElder,30.828,30.718,https://labbcat.canterbury.ac.nz/maonze/transcript?ag_id=1027#ew_0_1344396,0.11,110,4.700480366,,
6871,ua,g_1034;em_12_96578;n_108889-n_108890;p_190;#=ew_69_233959;prefix=80653-;[0]=ew_0_637534,R009M,PresentElder,20.848,20.738,https://labbcat.canterbury.ac.nz/maonze/transcript?ag_id=1034#ew_0_637534,0.11,110,4.700480366,,
6897,ua,g_1037;em_12_96723;n_109000-n_109001;p_193;#=ew_69_234956;prefix=81316-;[0]=ew_0_639642,R010M,PresentElder,34.357,34.247,https://labbcat.canterbury.ac.nz/maonze/transcript?ag_id=1037#ew_0_639642,0.11,110,4.700480366,,
6910,ua,g_1038;em_12_96808;n_17344-n_109054;p_193;#=ew_69_235068;prefix=81534-;[0]=ew_0_640481,R010M,PresentElder,46.147,46.037,https://labbcat.canterbury.ac.nz/maonze/transcript?ag_id=1038#ew_0_640481,0.11,110,4.700480366,,
6926,ua,g_104;em_12_7206;n_37047-n_37048;p_41;#=ew_69_164432;prefix=14245-;[0]=ew_0_71838,K007M,PresentElder,111.577,111.467,https://labbcat.canterbury.ac.nz/maonze/transcript?ag_id=104#ew_0_71838,0.11,110,4.700480366,,
6942,ua,g_1041;em_12_97071;n_109222-n_17426;p_193;#=ew_69_235971;prefix=82107-;[0]=ew_0_642755,R010M,PresentElder,32.623,32.513,https://labbcat.canterbury.ac.nz/maonze/transcript?ag_id=1041#ew_0_642755,0.11,110,4.700480366,,
6960,ua,g_1044;em_12_171474;n_7053684-n_7053685;p_193;#=ew_69_236136;prefix=82497-;[0]=ew_0_1344888,R010M,PresentElder,125.782,125.672,https://labbcat.canterbury.ac.nz/maonze/transcript?ag_id=1044#ew_0_1344888,0.11,110,4.700480366,,
6971,ua,g_1045;em_12_97432;n_109364-n_109365;p_193;#=ew_69_236379;prefix=82588-;[0]=ew_0_645839,R010M,PresentElder,68.922,68.812,https://labbcat.canterbury.ac.nz/maonze/transcript?ag_id=1045#ew_0_645839,0.11,110,4.700480366,,
6992,ua,g_1049;em_12_97621;n_109495-n_17660;p_201;#=ew_69_241600;prefix=87682-;[0]=ew_0_647986,WU01M,Historical,100.374,100.264,https://labbcat.canterbury.ac.nz/maonze/transcript?ag_id=1049#ew_0_647986,0.11,110,4.700480366,,
7083,ua,g_1078;em_12_99899;n_111090-n_111091;p_208;#=ew_69_245978;prefix=92110-;[0]=ew_0_663376,WU07M,Historical,46.825,46.715,https://labbcat.canterbury.ac.nz/maonze/transcript?ag_id=1078#ew_0_663376,0.11,110,4.700480366,,
7085,ua,g_1078;em_12_99901;n_111092-n_111093;p_208;#=ew_69_245991;prefix=92114-;[0]=ew_0_663400,WU07M,Historical,53.454,53.344,https://labbcat.canterbury.ac.nz/maonze/transcript?ag_id=1078#ew_0_663400,0.11,110,4.700480366,,
7102,ua,g_1081;em_12_100062;n_111218-n_111219;p_208;#=ew_69_246865;prefix=92423-;[0]=ew_0_664669,WU07M,Historical,36.361,36.251,https://labbcat.canterbury.ac.nz/maonze/transcript?ag_id=1081#ew_0_664669,0.11,110,4.700480366,,
7149,ua,g_1084;em_12_100296;n_111401-n_111402;p_208;#=ew_69_246512;prefix=92991-;[0]=ew_0_666859,WU07M,Historical,127.009,126.899,https://labbcat.canterbury.ac.nz/maonze/transcript?ag_id=1084#ew_0_666859,0.11,110,4.700480366,,
7152,ua,g_1085;em_12_100315;n_111418-n_111419;p_208;#=ew_69_246659;prefix=93032-;[0]=ew_0_667013,WU07M,Historical,54.681,54.571,https://labbcat.canterbury.ac.nz/maonze/transcript?ag_id=1085#ew_0_667013,0.11,110,4.700480366,,
7183,ua,g_109;em_12_7476;n_37277-n_37278;p_41;#=ew_69_165127;prefix=15150-;[0]=ew_0_75149,K007M,PresentElder,25.907,25.797,https://labbcat.canterbury.ac.nz/maonze/transcript?ag_id=109#ew_0_75149,0.11,110,4.700480366,,
7189,ua,g_109;em_12_7503;n_37292-n_37293;p_41;#=ew_69_165185;prefix=15207-;[0]=ew_0_75342,K007M,PresentElder,93.185,93.075,https://labbcat.canterbury.ac.nz/maonze/transcript?ag_id=109#ew_0_75342,0.11,110,4.700480366,,
7190,ua,g_109;em_12_7509;n_800-n_37297;p_41;#=ew_69_165203;prefix=15225-;[0]=ew_0_75391,K007M,PresentElder,108.838,108.728,https://labbcat.canterbury.ac.nz/maonze/transcript?ag_id=109#ew_0_75391,0.11,110,4.700480366,,
7199,ua,g_1091;em_12_100645;n_111687-n_111688;p_208;#=ew_69_247510;prefix=93764-;[0]=ew_0_670039,WU07M,Historical,46.729,46.619,https://labbcat.canterbury.ac.nz/maonze/transcript?ag_id=1091#ew_0_670039,0.11,110,4.700480366,,
7213,ua,g_1130;em_12_105032;n_19979-n_114583;p_287;#=ew_69_227373;prefix=74358-;[0]=ew_0_691783,R006M,PresentElder,61.617,61.507,https://labbcat.canterbury.ac.nz/maonze/transcript?ag_id=1130#ew_0_691783,0.11,110,4.700480366,,
7298,ua,g_1201;em_12_108744;n_117547-n_117548;p_244;#=ew_69_243246;prefix=89249-;[0]=ew_0_724775,WU04M,Historical,79.281,79.171,https://labbcat.canterbury.ac.nz/maonze/transcript?ag_id=1201#ew_0_724775,0.11,110,4.700480366,,
7306,ua,g_1205;em_12_109223;n_118022-n_118023;p_244;#=ew_69_244428;prefix=89847-;[0]=ew_0_727252,WU04M,Historical,99.606,99.496,https://labbcat.canterbury.ac.nz/maonze/transcript?ag_id=1205#ew_0_727252,0.11,110,4.700480366,,
7311,ua,g_1209;em_12_109614;n_118399-n_118400;p_244;#=ew_69_243823;prefix=90469-;[0]=ew_0_729471,WU04M,Historical,65.545,65.435,https://labbcat.canterbury.ac.nz/maonze/transcript?ag_id=1209#ew_0_729471,0.11,110,4.700480366,,
7361,ua,g_1236;em_12_111181;n_21434-n_21435;p_249;#=ew_69_180398;prefix=29975-;[0]=ew_0_742854,L1H06M,L1,21.439,21.329,https://labbcat.canterbury.ac.nz/maonze/transcript?ag_id=1236#ew_0_742854,0.11,110,4.700480366,,
7362,ua,g_1236;em_12_111198;n_21450-n_119192;p_249;#=ew_69_180437;prefix=30008-;[0]=ew_0_743018,L1H06M,L1,86.534,86.424,https://labbcat.canterbury.ac.nz/maonze/transcript?ag_id=1236#ew_0_743018,0.11,110,4.700480366,,
7393,ua,g_1243;em_12_111685;n_119239-n_5825797;p_249;#=ew_69_181263;prefix=30747-;[0]=ew_0_1227710,L1H06M,L1,107.98,107.87,https://labbcat.canterbury.ac.nz/maonze/transcript?ag_id=1243#ew_0_1227710,0.11,110,4.700480366,,
7414,ua,g_131;em_12_8860;n_38340-n_38341;p_284;#=ew_69_209023;prefix=56801-;[0]=ew_0_85705,MU01M,Historical,18.623,18.513,https://labbcat.canterbury.ac.nz/maonze/transcript?ag_id=131#ew_0_85705,0.11,110,4.700480366,,
7496,ua,g_138;em_12_9629;n_39101-n_39102;p_284;#=ew_69_210019;prefix=57771-;[0]=ew_0_92802,MU01M,Historical,109.821,109.711,https://labbcat.canterbury.ac.nz/maonze/transcript?ag_id=138#ew_0_92802,0.11,110,4.700480366,,
7512,ua,g_1389;em_12_119069;n_124546-n_124547;p_262;#=ew_69_248944;prefix=94648-;[0]=ew_0_822814,WU08M,Historical,17.416,17.306,https://labbcat.canterbury.ac.nz/maonze/transcript?ag_id=1389#ew_0_822814,0.11,110,4.700480366,,
7513,ua,g_1389;em_12_119075;n_124552-n_124553;p_262;#=ew_69_249007;prefix=94675-;[0]=ew_0_822894,WU08M,Historical,55.742,55.632,https://labbcat.canterbury.ac.nz/maonze/transcript?ag_id=1389#ew_0_822894,0.11,110,4.700480366,,
7602,ua,g_1520;em_12_125944;n_129989-n_129990;p_284;#=ew_69_210767;prefix=58331-;[0]=ew_0_884943,MU01M,Historical,75.214,75.104,https://labbcat.canterbury.ac.nz/maonze/transcript?ag_id=1520#ew_0_884943,0.11,110,4.700480366,,
7663,ua,g_1528;em_12_126309;n_130322-n_130323;p_287;#=ew_69_229361;prefix=76027-;[0]=ew_0_889930,R006M,PresentElder,57.685,57.575,https://labbcat.canterbury.ac.nz/maonze/transcript?ag_id=1528#ew_0_889930,0.11,110,4.700480366,,
7708,ua,g_1546;em_12_127262;n_25781-n_130801;p_291;#=ew_69_216482;prefix=63925-;[0]=ew_0_899034,MU09M,Historical,22.261,22.151,https://labbcat.canterbury.ac.nz/maonze/transcript?ag_id=1546#ew_0_899034,0.11,110,4.700480366,,
7745,ua,g_1620;em_12_131916;n_134376-n_26816;p_299;#=ew_69_191764;prefix=40867-;[0]=ew_0_934374,L2H01M,L2,83.325,83.215,https://labbcat.canterbury.ac.nz/maonze/transcript?ag_id=1620#ew_0_934374,0.11,110,4.700480366,,
7761,ua,g_1623;em_12_132158;n_134560-n_134561;p_299;#=ew_69_192499;prefix=41181-;[0]=ew_0_935933,L2H01M,L2,67.359,67.249,https://labbcat.canterbury.ac.nz/maonze/transcript?ag_id=1623#ew_0_935933,0.11,110,4.700480366,,
7766,ua,g_1624;em_12_132223;n_134613-n_134614;p_299;#=ew_69_192955;prefix=41273-;[0]=ew_0_936362,L2H01M,L2,31.091,30.981,https://labbcat.canterbury.ac.nz/maonze/transcript?ag_id=1624#ew_0_936362,0.11,110,4.700480366,,
7814,ua,g_1635;em_12_132821;n_135062-n_135063;p_288;#=ew_69_195438;prefix=44073-;[0]=ew_0_940344,L2H03M,L2,37.624,37.514,https://labbcat.canterbury.ac.nz/maonze/transcript?ag_id=1635#ew_0_940344,0.11,110,4.700480366,,
7819,ua,g_1636;em_12_132881;n_135118-n_135119;p_288;#=ew_69_195212;prefix=44213-;[0]=ew_0_1275547,L2H03M,L2,24.151,24.041,https://labbcat.canterbury.ac.nz/maonze/transcript?ag_id=1636#ew_0_1275547,0.11,110,4.700480366,,
7890,ua,g_1648;em_12_133646;n_135806-n_135807;p_300;#=ew_69_193485;prefix=42334-;[0]=ew_0_946176,L2H02M,L2,45.948,45.838,https://labbcat.canterbury.ac.nz/maonze/transcript?ag_id=1648#ew_0_946176,0.11,110,4.700480366,,
7903,ua,g_1649;em_12_133765;n_135890-n_135891;p_300;#=ew_69_193574;prefix=42536-;[0]=ew_0_946970,L2H02M,L2,117.338,117.228,https://labbcat.canterbury.ac.nz/maonze/transcript?ag_id=1649#ew_0_946970,0.11,110,4.700480366,,
7987,ua,g_1665;em_12_134773;n_136606-n_136607;p_302;#=ew_69_197655;prefix=46123-;[0]=ew_0_954635,L2H04M,L2,22.454,22.344,https://labbcat.canterbury.ac.nz/maonze/transcript?ag_id=1665#ew_0_954635,0.11,110,4.700480366,,
7989,ua,g_1665;em_12_134789;n_136622-n_136623;p_302;#=ew_69_197703;prefix=46169-;[0]=ew_0_954801,L2H04M,L2,99.395,99.285,https://labbcat.canterbury.ac.nz/maonze/transcript?ag_id=1665#ew_0_954801,0.11,110,4.700480366,,
8028,ua,g_1670;em_12_134985;n_6399180-n_136780;p_302;#=ew_69_198128;prefix=46887-;[0]=ew_0_957354,L2H04M,L2,67.409,67.299,https://labbcat.canterbury.ac.nz/maonze/transcript?ag_id=1670#ew_0_957354,0.11,110,4.700480366,,
8063,ua,g_1679;em_12_135483;n_137177-n_27582;p_307;#=ew_69_199714;prefix=48181-;[0]=ew_0_961671,L2H05M,L2,106.627,106.517,https://labbcat.canterbury.ac.nz/maonze/transcript?ag_id=1679#ew_0_961671,0.11,110,4.700480366,,
8229,ua,g_1856;em_12_150656;n_4611648-n_4611671;p_97;#=ew_69_215912;prefix=63302-;[0]=ew_0_1126429,MU07M,Historical,15.796,15.686,https://labbcat.canterbury.ac.nz/maonze/transcript?ag_id=1856#ew_0_1126429,0.11,110,4.700480366,,
8281,ua,g_1897;em_12_155968;n_5274040-n_5274070;p_333;#=ew_69_238509;prefix=84682-;[0]=ew_0_1182683,R012M,PresentElder,106.564,106.454,https://labbcat.canterbury.ac.nz/maonze/transcript?ag_id=1897#ew_0_1182683,0.11,110,4.700480366,,
8297,ua,g_1899;em_12_156145;n_5275655-n_5275677;p_333;#=ew_69_238055;prefix=84981-;[0]=ew_0_1184341,R012M,PresentElder,4.201,4.091,https://labbcat.canterbury.ac.nz/maonze/transcript?ag_id=1899#ew_0_1184341,0.11,110,4.700480366,,
8299,ua,g_19;em_12_1474;n_32094-n_32095;p_19;#=ew_69_152390;prefix=02763-;[0]=ew_0_12881,K002M,PresentElder,22.108,21.998,https://labbcat.canterbury.ac.nz/maonze/transcript?ag_id=19#ew_0_12881,0.11,110,4.700480366,,
8338,ua,g_1903;em_12_156488;n_5279676-n_5279689;p_333;#=ew_69_239908;prefix=85507-;[0]=ew_0_1187017,R012M,PresentElder,62.527,62.417,https://labbcat.canterbury.ac.nz/maonze/transcript?ag_id=1903#ew_0_1187017,0.11,110,4.700480366,,
8344,ua,g_1903;em_12_156509;n_5279530-n_5279555;p_333;#=ew_69_239859;prefix=85470-;[0]=ew_0_1187292,R012M,PresentElder,14.474,14.364,https://labbcat.canterbury.ac.nz/maonze/transcript?ag_id=1903#ew_0_1187292,0.11,110,4.700480366,,
8365,ua,g_1907;em_12_156730;n_5283720-n_5283742;p_333;#=ew_69_239849;prefix=86242-;[0]=ew_0_1190594,R012M,PresentElder,67.12,67.01,https://labbcat.canterbury.ac.nz/maonze/transcript?ag_id=1907#ew_0_1190594,0.11,110,4.700480366,,
8370,ua,g_1908;em_12_156769;n_5284370-n_5284389;p_333;#=ew_69_241014;prefix=86483-;[0]=ew_0_1191032,R012M,PresentElder,125.629,125.519,https://labbcat.canterbury.ac.nz/maonze/transcript?ag_id=1908#ew_0_1191032,0.11,110,4.700480366,,
8394,ua,g_1910;em_12_156907;n_5286429-n_5286441;p_333;#=ew_69_240461;prefix=86934-;[0]=ew_0_1192958,R012M,PresentElder,91.217,91.107,https://labbcat.canterbury.ac.nz/maonze/transcript?ag_id=1910#ew_0_1192958,0.11,110,4.700480366,,
8489,ua,g_1945;em_12_165892;n_6847841-n_6847848;p_28;#=ew_69_151095;prefix=01513-;[0]=ew_0_1297519,K001M,PresentElder,33.102,32.992,https://labbcat.canterbury.ac.nz/maonze/transcript?ag_id=1945#ew_0_1297519,0.11,110,4.700480366,,
8491,ua,g_1945;em_12_165910;n_6847796-n_6847807;p_28;#=ew_69_151077;prefix=01500-;[0]=ew_0_1297945,K001M,PresentElder,16.595,16.485,https://labbcat.canterbury.ac.nz/maonze/transcript?ag_id=1945#ew_0_1297945,0.11,110,4.700480366,,
8572,ua,g_305;em_12_162417;n_6240869-n_6240944;p_81;#=ew_69_186695;prefix=35193-;[0]=ew_0_1266065,L1Y03M,L1,126.853,126.743,https://labbcat.canterbury.ac.nz/maonze/transcript?ag_id=305#ew_0_1266065,0.11,110,4.700480366,,
8579,ua,g_305;em_12_162478;n_6240933-n_6240935;p_81;#=ew_69_186592;prefix=35052-;[0]=ew_0_1265252,L1Y03M,L1,74.547,74.437,https://labbcat.canterbury.ac.nz/maonze/transcript?ag_id=305#ew_0_1265252,0.11,110,4.700480366,,
8623,ua,g_311;em_12_30311;n_55043-n_55044;p_81;#=ew_69_187136;prefix=35966-;[0]=ew_0_1238922,L1Y03M,L1,103.285,103.175,https://labbcat.canterbury.ac.nz/maonze/transcript?ag_id=311#ew_0_1238922,0.11,110,4.700480366,,
8626,ua,g_312;em_12_170785;n_6984698-n_6984699;p_81;#=ew_69_186942;prefix=36154-;[0]=ew_0_1335020,L1Y03M,L1,79.935,79.825,https://labbcat.canterbury.ac.nz/maonze/transcript?ag_id=312#ew_0_1335020,0.11,110,4.700480366,,
8627,ua,g_312;em_12_30377;n_55082-n_55083;p_81;#=ew_69_186915;prefix=36134-;[0]=ew_0_210332,L1Y03M,L1,16.588,16.478,https://labbcat.canterbury.ac.nz/maonze/transcript?ag_id=312#ew_0_210332,0.11,110,4.700480366,,
8647,ua,g_319;em_12_148585;n_3841593-n_3841615;p_89;#=ew_69_187772;prefix=37095-;[0]=ew_0_1095368,L1Y04M,L1,31.334,31.224,https://labbcat.canterbury.ac.nz/maonze/transcript?ag_id=319#ew_0_1095368,0.11,110,4.700480366,,
8654,ua,g_320;em_12_148640;n_3841715-n_3841741;p_89;#=ew_69_188213;prefix=37232-;[0]=ew_0_1095685,L1Y04M,L1,26.906,26.796,https://labbcat.canterbury.ac.nz/maonze/transcript?ag_id=320#ew_0_1095685,0.11,110,4.700480366,,
8671,ua,g_322;em_12_31835;n_56394-n_3841582;p_89;#=ew_69_189090;prefix=37446-;[0]=ew_0_1096406,L1Y04M,L1,99.048,98.938,https://labbcat.canterbury.ac.nz/maonze/transcript?ag_id=322#ew_0_1096406,0.11,110,4.700480366,,
8672,ua,g_322;em_12_31849;n_56408-n_56409;p_89;#=ew_69_189100;prefix=37456-;[0]=ew_0_1096597,L1Y04M,L1,112.948,112.838,https://labbcat.canterbury.ac.nz/maonze/transcript?ag_id=322#ew_0_1096597,0.11,110,4.700480366,,
8690,ua,g_324;em_12_32429;n_56855-n_3841380;p_89;#=ew_69_188384;prefix=37768-;[0]=ew_0_1095313,L1Y04M,L1,40.762,40.652,https://labbcat.canterbury.ac.nz/maonze/transcript?ag_id=324#ew_0_1095313,0.11,110,4.700480366,,
8802,ua,g_347;em_12_162510;n_6243474-n_6243468;p_85;#=ew_69_183930;prefix=33167-;[0]=ew_0_1266346,L1Y02M,L1,81.535,81.425,https://labbcat.canterbury.ac.nz/maonze/transcript?ag_id=347#ew_0_1266346,0.11,110,4.700480366,,
8848,ua,g_368;em_12_150354;n_4465187-n_4465189;p_92;#=ew_69_212614;prefix=60431-;[0]=ew_0_1122861,MU04M,Historical,68.5,68.39,https://labbcat.canterbury.ac.nz/maonze/transcript?ag_id=368#ew_0_1122861,0.11,110,4.700480366,,
8865,ua,g_370;em_12_35999;n_59824-n_59825;p_92;#=ew_69_213906;prefix=60873-;[0]=ew_0_238982,MU04M,Historical,97.157,97.047,https://labbcat.canterbury.ac.nz/maonze/transcript?ag_id=370#ew_0_238982,0.11,110,4.700480366,,
8896,ua,g_383;em_12_38503;n_62301-n_62302;p_95;#=ew_69_214959;prefix=62162-;[0]=ew_0_246307,MU06M,Historical,66.91,66.8,https://labbcat.canterbury.ac.nz/maonze/transcript?ag_id=383#ew_0_246307,0.11,110,4.700480366,,
8927,ua,g_4;em_12_121;n_30792-n_30793;p_28;#=ew_69_150779;prefix=01980-;[0]=ew_0_1827,K001M,PresentElder,38.201,38.091,https://labbcat.canterbury.ac.nz/maonze/transcript?ag_id=4#ew_0_1827,0.11,110,4.700480366,,
8949,ua,g_447;em_12_169750;n_6945228-n_6945229;p_110;#=ew_69_155457;prefix=06042-;[0]=ew_0_1326381,K003M,PresentElder,67.514,67.404,https://labbcat.canterbury.ac.nz/maonze/transcript?ag_id=447#ew_0_1326381,0.11,110,4.700480366,,
9025,ua,g_462;em_12_47605;n_7936-n_69728;p_112;#=ew_69_162274;prefix=12365-;[0]=ew_0_1210915,K006M,PresentElder,28.642,28.532,https://labbcat.canterbury.ac.nz/maonze/transcript?ag_id=462#ew_0_1210915,0.11,110,4.700480366,,
9031,ua,g_464;em_12_47753;n_69821-n_69822;p_120;#=ew_69_165744;prefix=15524-;[0]=ew_0_298917,K008M,PresentElder,22.703,22.593,https://labbcat.canterbury.ac.nz/maonze/transcript?ag_id=464#ew_0_298917,0.11,110,4.700480366,,
9059,ua,g_468;em_12_48346;n_70350-n_70351;p_120;#=ew_69_166195;prefix=16232-;[0]=ew_0_301834,K008M,PresentElder,104.277,104.167,https://labbcat.canterbury.ac.nz/maonze/transcript?ag_id=468#ew_0_301834,0.11,110,4.700480366,,
9136,ua,g_487;em_12_49854;n_71663-n_71664;p_122;#=ew_69_169351;prefix=19261-;[0]=ew_0_1098493,K010M,PresentElder,56.939,56.829,https://labbcat.canterbury.ac.nz/maonze/transcript?ag_id=487#ew_0_1098493,0.11,110,4.700480366,,
9152,ua,g_489;em_12_50232;n_71932-n_71933;p_122;#=ew_69_169953;prefix=19464-;[0]=ew_0_314276,K010M,PresentElder,93.452,93.342,https://labbcat.canterbury.ac.nz/maonze/transcript?ag_id=489#ew_0_314276,0.11,110,4.700480366,,
9154,ua,g_489;em_12_50246;n_71940-n_71941;p_122;#=ew_69_169986;prefix=19473-;[0]=ew_0_314324,K010M,PresentElder,114.162,114.052,https://labbcat.canterbury.ac.nz/maonze/transcript?ag_id=489#ew_0_314324,0.11,110,4.700480366,,
9155,ua,g_489;em_12_50247;n_71941-n_71942;p_122;#=ew_69_169991;prefix=19475-;[0]=ew_0_314339,K010M,PresentElder,119.768,119.658,https://labbcat.canterbury.ac.nz/maonze/transcript?ag_id=489#ew_0_314339,0.11,110,4.700480366,,
9163,ua,g_490;em_12_50391;n_8405-n_72039;p_122;#=ew_69_170253;prefix=19575-;[0]=ew_0_1098460,K010M,PresentElder,33.789,33.679,https://labbcat.canterbury.ac.nz/maonze/transcript?ag_id=490#ew_0_1098460,0.11,110,4.700480366,,
9165,ua,g_490;em_12_50426;n_72069-n_72070;p_122;#=ew_69_170288;prefix=19607-;[0]=ew_0_315019,K010M,PresentElder,106.25,106.14,https://labbcat.canterbury.ac.nz/maonze/transcript?ag_id=490#ew_0_315019,0.11,110,4.700480366,,
9276,ua,g_59;em_12_162252;n_6219090-n_6219091;p_32;#=ew_69_159418;prefix=09738-;[0]=ew_0_1263436,K004M,PresentElder,50.45,50.34,https://labbcat.canterbury.ac.nz/maonze/transcript?ag_id=59#ew_0_1263436,0.11,110,4.700480366,,
9317,ua,g_603;em_12_64253;n_83847-n_83848;p_140;#=ew_69_190623;prefix=39343-;[0]=ew_0_384506,L1Y05M,L1,58.855,58.745,https://labbcat.canterbury.ac.nz/maonze/transcript?ag_id=603#ew_0_384506,0.11,110,4.700480366,,
9340,ua,g_605;em_12_64365;n_83957-n_83958;p_140;#=ew_69_190862;prefix=39806-;[0]=ew_0_385967,L1Y05M,L1,24.316,24.206,https://labbcat.canterbury.ac.nz/maonze/transcript?ag_id=605#ew_0_385967,0.11,110,4.700480366,,
9366,ua,g_609;em_12_161077;n_6052251-n_6052255;p_142;#=ew_69_181566;prefix=30899-;[0]=ew_0_1244571,L1Y01M,L1,119.543,119.433,https://labbcat.canterbury.ac.nz/maonze/transcript?ag_id=609#ew_0_1244571,0.11,110,4.700480366,,
9372,ua,g_609;em_12_161096;n_6052255-n_6052260;p_142;#=ew_69_181567;prefix=30900-;[0]=ew_0_1244083,L1Y01M,L1,122.607,122.497,https://labbcat.canterbury.ac.nz/maonze/transcript?ag_id=609#ew_0_1244083,0.11,110,4.700480366,,
9401,ua,g_614;em_12_64870;n_84434-n_84435;p_142;#=ew_69_181958;prefix=31503-;[0]=ew_0_390847,L1Y01M,L1,83.356,83.246,https://labbcat.canterbury.ac.nz/maonze/transcript?ag_id=614#ew_0_390847,0.11,110,4.700480366,,
9403,ua,g_614;em_12_64871;n_84435-n_84436;p_142;#=ew_69_181967;prefix=31508-;[0]=ew_0_390853,L1Y01M,L1,85.858,85.748,https://labbcat.canterbury.ac.nz/maonze/transcript?ag_id=614#ew_0_390853,0.11,110,4.700480366,,
9404,ua,g_614;em_12_64871;n_84435-n_84436;p_142;#=ew_69_181968;prefix=31509-;[0]=ew_0_390854,L1Y01M,L1,86.628,86.518,https://labbcat.canterbury.ac.nz/maonze/transcript?ag_id=614#ew_0_390854,0.11,110,4.700480366,,
9418,ua,g_616;em_12_64962;n_84522-n_84523;p_142;#=ew_69_182395;prefix=31721-;[0]=ew_0_1245884,L1Y01M,L1,82.545,82.435,https://labbcat.canterbury.ac.nz/maonze/transcript?ag_id=616#ew_0_1245884,0.11,110,4.700480366,,
9441,ua,g_621;em_12_65160;n_84707-n_84708;p_142;#=ew_69_183035;prefix=32296-;[0]=ew_0_1244879,L1Y01M,L1,80.587,80.477,https://labbcat.canterbury.ac.nz/maonze/transcript?ag_id=621#ew_0_1244879,0.11,110,4.700480366,,
9451,ua,g_623;em_12_65244;n_84787-n_84788;p_142;#=ew_69_183558;prefix=32504-;[0]=ew_0_1334357,L1Y01M,L1,124.285,124.175,https://labbcat.canterbury.ac.nz/maonze/transcript?ag_id=623#ew_0_1334357,0.11,110,4.700480366,,
9460,ua,g_625;em_12_65302;n_84822-n_84823;p_142;#=ew_69_183187;prefix=32753-;[0]=ew_0_395984,L1Y01M,L1,71.28,71.17,https://labbcat.canterbury.ac.nz/maonze/transcript?ag_id=625#ew_0_395984,0.11,110,4.700480366,,
9464,ua,g_625;em_12_65312;n_84832-n_84833;p_142;#=ew_69_183243;prefix=32785-;[0]=ew_0_1245902,L1Y01M,L1,107.731,107.621,https://labbcat.canterbury.ac.nz/maonze/transcript?ag_id=625#ew_0_1245902,0.11,110,4.700480366,,
9486,ua,g_626;em_12_65351;n_84870-n_84871;p_142;#=ew_69_183751;prefix=32927-;[0]=ew_0_1244752,L1Y01M,L1,104.752,104.642,https://labbcat.canterbury.ac.nz/maonze/transcript?ag_id=626#ew_0_1244752,0.11,110,4.700480366,,
9488,ua,g_627;em_12_65374;n_84889-n_84890;p_142;#=ew_69_183748;prefix=32999-;[0]=ew_0_396874,L1Y01M,L1,29.265,29.155,https://labbcat.canterbury.ac.nz/maonze/transcript?ag_id=627#ew_0_396874,0.11,110,4.700480366,,
9492,ua,g_627;em_12_65390;n_84905-n_84906;p_142;#=ew_69_183832;prefix=33042-;[0]=ew_0_1246069,L1Y01M,L1,92.027,91.917,https://labbcat.canterbury.ac.nz/maonze/transcript?ag_id=627#ew_0_1246069,0.11,110,4.700480366,,
9506,ua,g_629;em_12_171121;n_7007081-n_6119939;p_143;#=ew_69_202782;prefix=50812-;[0]=ew_0_1339741,L2Y02M,L2,102.754,102.644,https://labbcat.canterbury.ac.nz/maonze/transcript?ag_id=629#ew_0_1339741,0.11,110,4.700480366,,
9564,ua,g_636;em_12_66517;n_85914-n_85915;p_145;#=ew_69_201312;prefix=49128-;[0]=ew_0_404857,L2Y01M,L2,49.725,49.615,https://labbcat.canterbury.ac.nz/maonze/transcript?ag_id=636#ew_0_404857,0.11,110,4.700480366,,
9576,ua,g_637;em_12_66622;n_85988-n_85989;p_145;#=ew_69_201002;prefix=49328-;[0]=ew_0_405668,L2Y01M,L2,67.732,67.622,https://labbcat.canterbury.ac.nz/maonze/transcript?ag_id=637#ew_0_405668,0.11,110,4.700480366,,
9635,ua,g_649;em_12_67401;n_86579-n_86580;p_146;#=ew_69_205664;prefix=53685-;[0]=ew_0_413146,L2Y04M,L2,74.321,74.211,https://labbcat.canterbury.ac.nz/maonze/transcript?ag_id=649#ew_0_413146,0.11,110,4.700480366,,
9651,ua,g_654;em_12_68593;n_87640-n_87641;p_146;#=ew_69_205794;prefix=54246-;[0]=ew_0_415842,L2Y04M,L2,71.401,71.291,https://labbcat.canterbury.ac.nz/maonze/transcript?ag_id=654#ew_0_415842,0.11,110,4.700480366,,
9679,ua,g_664;em_12_70442;n_89237-n_89238;p_148;#=ew_69_207229;prefix=55331-;[0]=ew_0_421135,L2Y05M,L2,69.819,69.709,https://labbcat.canterbury.ac.nz/maonze/transcript?ag_id=664#ew_0_421135,0.11,110,4.700480366,,
9687,ua,g_665;em_12_70477;n_89271-n_89272;p_148;#=ew_69_207398;prefix=55492-;[0]=ew_0_421708,L2Y05M,L2,70.736,70.626,https://labbcat.canterbury.ac.nz/maonze/transcript?ag_id=665#ew_0_421708,0.11,110,4.700480366,,
9689,ua,g_665;em_12_70477;n_89271-n_89272;p_148;#=ew_69_207402;prefix=55496-;[0]=ew_0_421714,L2Y05M,L2,74.226,74.116,https://labbcat.canterbury.ac.nz/maonze/transcript?ag_id=665#ew_0_421714,0.11,110,4.700480366,,
9702,ua,g_666;em_12_70517;n_89310-n_89311;p_148;#=ew_69_207549;prefix=55692-;[0]=ew_0_422387,L2Y05M,L2,103.764,103.654,https://labbcat.canterbury.ac.nz/maonze/transcript?ag_id=666#ew_0_422387,0.11,110,4.700480366,,
9737,ua,g_670;em_12_70663;n_89444-n_89445;p_148;#=ew_69_208506;prefix=56406-;[0]=ew_0_424941,L2Y05M,L2,92.219,92.109,https://labbcat.canterbury.ac.nz/maonze/transcript?ag_id=670#ew_0_424941,0.11,110,4.700480366,,
9822,ua,g_849;em_12_85438;n_100454-n_100455;p_167;#=ew_69_171382;prefix=20765-;[0]=ew_0_540768,L1H01M,L1,43.457,43.347,https://labbcat.canterbury.ac.nz/maonze/transcript?ag_id=849#ew_0_540768,0.11,110,4.700480366,,
9839,ua,g_85;em_12_5748;n_35798-n_35799;p_37;#=ew_69_161256;prefix=11220-;[0]=ew_0_58200,K005M,PresentElder,105.6,105.49,https://labbcat.canterbury.ac.nz/maonze/transcript?ag_id=85#ew_0_58200,0.11,110,4.700480366,,
9852,ua,g_853;em_12_85711;n_100717-n_100718;p_167;#=ew_69_171544;prefix=21346-;[0]=ew_0_543145,L1H01M,L1,71.817,71.707,https://labbcat.canterbury.ac.nz/maonze/transcript?ag_id=853#ew_0_543145,0.11,110,4.700480366,,
9942,ua,g_868;em_12_86814;n_101602-n_14845;p_168;#=ew_69_174060;prefix=23753-;[0]=ew_0_551865,L1H02M,L1,29.028,28.918,https://labbcat.canterbury.ac.nz/maonze/transcript?ag_id=868#ew_0_551865,0.11,110,4.700480366,,
9957,ua,g_87;em_12_5849;n_35893-n_35894;p_37;#=ew_69_160997;prefix=11512-;[0]=ew_0_59773,K005M,PresentElder,67.703,67.593,https://labbcat.canterbury.ac.nz/maonze/transcript?ag_id=87#ew_0_59773,0.11,110,4.700480366,,
9995,ua,g_877;em_12_87385;n_101997-n_101998;p_169;#=ew_69_175276;prefix=24707-;[0]=ew_0_555648,L1H03M,L1,12.607,12.497,https://labbcat.canterbury.ac.nz/maonze/transcript?ag_id=877#ew_0_555648,0.11,110,4.700480366,,
10025,ua,g_882;em_12_87765;n_102233-n_102234;p_169;#=ew_69_175859;prefix=25165-;[0]=ew_0_1225833,L1H03M,L1,77.931,77.821,https://labbcat.canterbury.ac.nz/maonze/transcript?ag_id=882#ew_0_1225833,0.11,110,4.700480366,,
10037,ua,g_883;em_12_87823;n_102270-n_102271;p_169;#=ew_69_175752;prefix=25253-;[0]=ew_0_558292,L1H03M,L1,34.257,34.147,https://labbcat.canterbury.ac.nz/maonze/transcript?ag_id=883#ew_0_558292,0.11,110,4.700480366,,
10070,ua,g_893;em_12_88405;n_102671-n_102672;p_174;#=ew_69_179441;prefix=28502-;[0]=ew_0_562667,L1H05M,L1,81.966,81.856,https://labbcat.canterbury.ac.nz/maonze/transcript?ag_id=893#ew_0_562667,0.11,110,4.700480366,,
10087,ua,g_895;em_12_88503;n_102754-n_102755;p_174;#=ew_69_178044;prefix=28174-;[0]=ew_0_563908,L1H05M,L1,91.89,91.78,https://labbcat.canterbury.ac.nz/maonze/transcript?ag_id=895#ew_0_563908,0.11,110,4.700480366,,
10094,ua,g_897;em_12_159894;n_5774277-n_5774288;p_174;#=ew_69_178494;prefix=27787-;[0]=ew_0_1224742,L1H05M,L1,55.847,55.737,https://labbcat.canterbury.ac.nz/maonze/transcript?ag_id=897#ew_0_1224742,0.11,110,4.700480366,,
10135,ua,g_901;em_12_170113;n_6967267-n_15406;p_173;#=ew_69_177175;prefix=26924-;[0]=ew_0_1330659,L1H04M,L1,124.076,123.966,https://labbcat.canterbury.ac.nz/maonze/transcript?ag_id=901#ew_0_1330659,0.11,110,4.700480366,,
10245,ua,g_915;em_12_89415;n_103350-n_103351;p_173;#=ew_69_176716;prefix=25750-;[0]=ew_0_573801,L1H04M,L1,64.675,64.565,https://labbcat.canterbury.ac.nz/maonze/transcript?ag_id=915#ew_0_573801,0.11,110,4.700480366,,
10295,ua,g_930;em_12_90615;n_104430-n_104431;p_179;#=ew_69_217977;prefix=65230-;[0]=ew_0_582106,R001M,PresentElder,64.161,64.051,https://labbcat.canterbury.ac.nz/maonze/transcript?ag_id=930#ew_0_582106,0.11,110,4.700480366,,
10352,ua,g_940;em_12_91298;n_105050-n_105051;p_179;#=ew_69_219250;prefix=66447-;[0]=ew_0_586555,R001M,PresentElder,111.873,111.763,https://labbcat.canterbury.ac.nz/maonze/transcript?ag_id=940#ew_0_586555,0.11,110,4.700480366,,
10369,ua,g_942;em_12_91433;n_105141-n_15897;p_179;#=ew_69_219379;prefix=66724-;[0]=ew_0_587549,R001M,PresentElder,40.574,40.464,https://labbcat.canterbury.ac.nz/maonze/transcript?ag_id=942#ew_0_587549,0.11,110,4.700480366,,
10372,ua,g_942;em_12_91455;n_105157-n_105158;p_179;#=ew_69_219434;prefix=66778-;[0]=ew_0_587719,R001M,PresentElder,106.342,106.232,https://labbcat.canterbury.ac.nz/maonze/transcript?ag_id=942#ew_0_587719,0.11,110,4.700480366,,
10395,ua,g_947;em_12_91641;n_105318-n_105319;p_181;#=ew_69_220750;prefix=67270-;[0]=ew_0_589416,R002M,PresentElder,118.964,118.854,https://labbcat.canterbury.ac.nz/maonze/transcript?ag_id=947#ew_0_589416,0.11,110,4.700480366,,
10469,ua,g_959;em_12_92191;n_105785-n_105786;p_183;#=ew_69_221949;prefix=68862-;[0]=ew_0_595907,R003M,PresentElder,82.051,81.941,https://labbcat.canterbury.ac.nz/maonze/transcript?ag_id=959#ew_0_595907,0.11,110,4.700480366,,
10473,ua,g_960;em_12_92236;n_105824-n_105825;p_183;#=ew_69_222207;prefix=68998-;[0]=ew_0_596417,R003M,PresentElder,24.048,23.938,https://labbcat.canterbury.ac.nz/maonze/transcript?ag_id=960#ew_0_596417,0.11,110,4.700480366,,
10502,ua,g_964;em_12_92519;n_16112-n_16113;p_183;#=ew_69_222993;prefix=69706-;[0]=ew_0_598998,R003M,PresentElder,46.14,46.03,https://labbcat.canterbury.ac.nz/maonze/transcript?ag_id=964#ew_0_598998,0.11,110,4.700480366,,
10598,ua,g_98;em_12_6872;n_36719-n_36720;p_41;#=ew_69_162439;prefix=12860-;[0]=ew_0_66736,K007M,PresentElder,25.294,25.184,https://labbcat.canterbury.ac.nz/maonze/transcript?ag_id=98#ew_0_66736,0.11,110,4.700480366,,
21,ea,g_101;em_12_162897;n_6285622-n_6285626;p_41;#=ew_69_163103;prefix=13703-;[0]=ew_0_1273825,K007M,PresentElder,230.868,230.758,https://labbcat.canterbury.ac.nz/maonze/transcript?ag_id=101#ew_0_1273825,0.11,110,4.700480366,,
54,ea,g_102;em_12_162934;n_6286066-n_6286073;p_41;#=ew_69_163691;prefix=13914-;[0]=ew_0_1272950,K007M,PresentElder,207.058,206.948,https://labbcat.canterbury.ac.nz/maonze/transcript?ag_id=102#ew_0_1272950,0.11,110,4.700480366,,
126,ea,g_1036;em_12_96709;n_108993-n_108994;p_193;#=ew_69_235390;prefix=81285-;[0]=ew_0_639523,R010M,PresentElder,250.702,250.592,https://labbcat.canterbury.ac.nz/maonze/transcript?ag_id=1036#ew_0_639523,0.11,110,4.700480366,,
247,ea,g_1080;em_12_100043;n_111202-n_111203;p_208;#=ew_69_246603;prefix=92372-;[0]=ew_0_664501,WU07M,Historical,197.48,197.37,https://labbcat.canterbury.ac.nz/maonze/transcript?ag_id=1080#ew_0_664501,0.11,110,4.700480366,,
343,ea,g_1201;em_12_108807;n_117610-n_7079838;p_244;#=ew_69_243520;prefix=89383-;[0]=ew_0_725149,WU04M,Historical,244.968,244.858,https://labbcat.canterbury.ac.nz/maonze/transcript?ag_id=1201#ew_0_725149,0.11,110,4.700480366,,
440,ea,g_1243;em_12_111708;n_21906-n_5826188;p_249;#=ew_69_181347;prefix=30778-;[0]=ew_0_747464,L1H06M,L1,239.225,239.115,https://labbcat.canterbury.ac.nz/maonze/transcript?ag_id=1243#ew_0_747464,0.11,110,4.700480366,,
447,ea,g_13;em_12_1014;n_31649-n_31650;p_19;#=ew_69_152640;prefix=03406-;[0]=ew_0_8902,K002M,PresentElder,153.516,153.406,https://labbcat.canterbury.ac.nz/maonze/transcript?ag_id=13#ew_0_8902,0.11,110,4.700480366,,
505,ea,g_1387;em_12_119018;n_4711569-n_4711571;p_262;#=ew_69_248833;prefix=94492-;[0]=ew_0_822151,WU08M,Historical,169.493,169.383,https://labbcat.canterbury.ac.nz/maonze/transcript?ag_id=1387#ew_0_822151,0.11,110,4.700480366,,
581,ea,g_1524;em_12_126164;n_130193-n_130194;p_287;#=ew_69_228750;prefix=75389-;[0]=ew_0_887682,R006M,PresentElder,177.766,177.656,https://labbcat.canterbury.ac.nz/maonze/transcript?ag_id=1524#ew_0_887682,0.11,110,4.700480366,,
783,ea,g_1656;em_12_134372;n_136310-n_136311;p_300;#=ew_69_194377;prefix=43452-;[0]=ew_0_950665,L2H02M,L2,138.726,138.616,https://labbcat.canterbury.ac.nz/maonze/transcript?ag_id=1656#ew_0_950665,0.11,110,4.700480366,,
785,ea,g_1656;em_12_134378;n_136316-n_27338;p_300;#=ew_69_194427;prefix=43470-;[0]=ew_0_950734,L2H02M,L2,163.684,163.574,https://labbcat.canterbury.ac.nz/maonze/transcript?ag_id=1656#ew_0_950734,0.11,110,4.700480366,,
820,ea,g_1665;em_12_134803;n_136632-n_136633;p_302;#=ew_69_197726;prefix=46192-;[0]=ew_0_954919,L2H04M,L2,158.551,158.441,https://labbcat.canterbury.ac.nz/maonze/transcript?ag_id=1665#ew_0_954919,0.11,110,4.700480366,,
1104,ea,g_1906;em_12_156668;n_5283302-n_5283317;p_333;#=ew_69_239543;prefix=86110-;[0]=ew_0_1190013,R012M,PresentElder,226.593,226.483,https://labbcat.canterbury.ac.nz/maonze/transcript?ag_id=1906#ew_0_1190013,0.11,110,4.700480366,,
1120,ea,g_1909;em_12_156826;n_5285483-n_5285498;p_333;#=ew_69_240960;prefix=86614-;[0]=ew_0_1192052,R012M,PresentElder,133.874,133.764,https://labbcat.canterbury.ac.nz/maonze/transcript?ag_id=1909#ew_0_1192052,0.11,110,4.700480366,,
1127,ea,g_1910;em_12_156900;n_5286798-n_5286814;p_333;#=ew_69_240580;prefix=86767-;[0]=ew_0_1192996,R012M,PresentElder,197.273,197.163,https://labbcat.canterbury.ac.nz/maonze/transcript?ag_id=1910#ew_0_1192996,0.11,110,4.700480366,,
1166,ea,g_1942;em_12_165612;n_6842532-n_6842545;p_41;#=ew_69_165002;prefix=15069-;[0]=ew_0_1295412,K007M,PresentElder,247.302,247.192,https://labbcat.canterbury.ac.nz/maonze/transcript?ag_id=1942#ew_0_1295412,0.11,110,4.700480366,,
1172,ea,g_1943;em_12_165668;n_6846084-n_6846102;p_19;#=ew_69_151966;prefix=02641-;[0]=ew_0_1296218,K002M,PresentElder,129.343,129.233,https://labbcat.canterbury.ac.nz/maonze/transcript?ag_id=1943#ew_0_1296218,0.11,110,4.700480366,,
1229,ea,g_22;em_12_1830;n_32447-n_32448;p_19;#=ew_69_153530;prefix=04143-;[0]=ew_0_15656,K002M,PresentElder,145.821,145.711,https://labbcat.canterbury.ac.nz/maonze/transcript?ag_id=22#ew_0_15656,0.11,110,4.700480366,,
1321,ea,g_307;em_12_160746;n_5999897-n_5999906;p_81;#=ew_69_186490;prefix=35572-;[0]=ew_0_1241056,L1Y03M,L1,139.368,139.258,https://labbcat.canterbury.ac.nz/maonze/transcript?ag_id=307#ew_0_1241056,0.11,110,4.700480366,,
1401,ea,g_322;em_12_31944;n_56481-n_56482;p_89;#=ew_69_189168;prefix=37522-;[0]=ew_0_216094,L1Y04M,L1,193.831,193.721,https://labbcat.canterbury.ac.nz/maonze/transcript?ag_id=322#ew_0_216094,0.11,110,4.700480366,,
1449,ea,g_331;em_12_33251;n_57515-n_7086494;p_85;#=ew_69_184262;prefix=33403-;[0]=ew_0_221033,L1Y02M,L1,157.64,157.53,https://labbcat.canterbury.ac.nz/maonze/transcript?ag_id=331#ew_0_221033,0.11,110,4.700480366,,
1598,ea,g_450;em_12_169813;n_6946182-n_6946183;p_110;#=ew_69_156730;prefix=06737-;[0]=ew_0_1326826,K003M,PresentElder,171.527,171.417,https://labbcat.canterbury.ac.nz/maonze/transcript?ag_id=450#ew_0_1326826,0.11,110,4.700480366,,
1683,ea,g_473;em_12_48950;n_70884-n_70885;p_120;#=ew_69_165399;prefix=15476-;[0]=ew_0_304350,K008M,PresentElder,228.047,227.937,https://labbcat.canterbury.ac.nz/maonze/transcript?ag_id=473#ew_0_304350,0.11,110,4.700480366,,
1779,ea,g_5;em_12_209;n_30872-n_30873;p_28;#=ew_69_151010;prefix=01872-;[0]=ew_0_2425,K001M,PresentElder,229.517,229.407,https://labbcat.canterbury.ac.nz/maonze/transcript?ag_id=5#ew_0_2425,0.11,110,4.700480366,,
1847,ea,g_57;em_12_162093;n_6216338-n_6216339;p_32;#=ew_69_159041;prefix=09319-;[0]=ew_0_1261701,K004M,PresentElder,233.135,233.025,https://labbcat.canterbury.ac.nz/maonze/transcript?ag_id=57#ew_0_1261701,0.11,110,4.700480366,,
1935,ea,g_613;em_12_64832;n_84397-n_84398;p_142;#=ew_69_181791;prefix=31417-;[0]=ew_0_390500,L1Y01M,L1,130.42,130.31,https://labbcat.canterbury.ac.nz/maonze/transcript?ag_id=613#ew_0_390500,0.11,110,4.700480366,,
1937,ea,g_613;em_12_64837;n_84402-n_84403;p_142;#=ew_69_181826;prefix=31434-;[0]=ew_0_1244314,L1Y01M,L1,154.428,154.318,https://labbcat.canterbury.ac.nz/maonze/transcript?ag_id=613#ew_0_1244314,0.11,110,4.700480366,,
2057,ea,g_634;em_12_66378;n_85814-n_85815;p_143;#=ew_69_204021;prefix=52088-;[0]=ew_0_403804,L2Y02M,L2,183.921,183.811,https://labbcat.canterbury.ac.nz/maonze/transcript?ag_id=634#ew_0_403804,0.11,110,4.700480366,,
2184,ea,g_671;em_12_70712;n_89488-n_89489;p_148;#=ew_69_208819;prefix=56636-;[0]=ew_0_425863,L2Y05M,L2,211.278,211.168,https://labbcat.canterbury.ac.nz/maonze/transcript?ag_id=671#ew_0_425863,0.11,110,4.700480366,,
2291,ea,g_857;em_12_86042;n_101026-n_101027;p_167;#=ew_69_172515;prefix=22057-;[0]=ew_0_545767,L1H01M,L1,197.051,196.941,https://labbcat.canterbury.ac.nz/maonze/transcript?ag_id=857#ew_0_545767,0.11,110,4.700480366,,
2362,ea,g_87;em_12_160480;n_5957971-n_5957946;p_37;#=ew_69_161032;prefix=11548-;[0]=ew_0_1236049,K005M,PresentElder,128.331,128.221,https://labbcat.canterbury.ac.nz/maonze/transcript?ag_id=87#ew_0_1236049,0.11,110,4.700480366,,
2411,ea,g_893;em_12_88420;n_102686-n_15348;p_174;#=ew_69_179600;prefix=28562-;[0]=ew_0_562862,L1H05M,L1,158.718,158.608,https://labbcat.canterbury.ac.nz/maonze/transcript?ag_id=893#ew_0_562862,0.11,110,4.700480366,,
2691,ea,g_97;em_12_162862;n_6282045-n_6282050;p_41;#=ew_69_163231;prefix=12660-;[0]=ew_0_1271061,K007M,PresentElder,167.253,167.143,https://labbcat.canterbury.ac.nz/maonze/transcript?ag_id=97#ew_0_1271061,0.11,110,4.700480366,,
2723,ea,g_973;em_12_93102;n_106444-n_16263;p_184;#=ew_69_223942;prefix=70920-;[0]=ew_0_603860,R004M,PresentElder,185.42,185.31,https://labbcat.canterbury.ac.nz/maonze/transcript?ag_id=973#ew_0_603860,0.11,110,4.700480366,,
2745,ea,g_977;em_12_93427;n_106639-n_106640;p_184;#=ew_69_224710;prefix=71565-;[0]=ew_0_606112,R004M,PresentElder,167.094,166.984,https://labbcat.canterbury.ac.nz/maonze/transcript?ag_id=977#ew_0_606112,0.11,110,4.700480366,,
2970,ia,g_1032;em_12_96527;n_108848-n_108849;p_190;#=ew_69_233493;prefix=80434-;[0]=ew_0_636757,R009M,PresentElder,165.005,164.895,https://labbcat.canterbury.ac.nz/maonze/transcript?ag_id=1032#ew_0_636757,0.11,110,4.700480366,,
3332,ia,g_1395;em_12_119298;n_124754-n_30284;p_262;#=ew_69_250000;prefix=95566-;[0]=ew_0_826238,WU08M,Historical,232.891,232.781,https://labbcat.canterbury.ac.nz/maonze/transcript?ag_id=1395#ew_0_826238,0.11,110,4.700480366,,
3382,ia,g_1537;em_12_126826;n_25563-n_25564;p_200;#=ew_69_216111;prefix=63656-;[0]=ew_0_895009,MU08M,Historical,148.315,148.205,https://labbcat.canterbury.ac.nz/maonze/transcript?ag_id=1537#ew_0_895009,0.11,110,4.700480366,,
3535,ia,g_1667;em_12_134874;n_136686-n_136687;p_302;#=ew_69_198010;prefix=46459-;[0]=ew_0_955844,L2H04M,L2,134.541,134.431,https://labbcat.canterbury.ac.nz/maonze/transcript?ag_id=1667#ew_0_955844,0.11,110,4.700480366,,
3720,ia,g_1908;em_12_156810;n_5284625-n_5284646;p_333;#=ew_69_241136;prefix=86345-;[0]=ew_0_1190965,R012M,PresentElder,207.962,207.852,https://labbcat.canterbury.ac.nz/maonze/transcript?ag_id=1908#ew_0_1190965,0.11,110,4.700480366,,
3743,ia,g_1912;em_12_157046;n_5289008-n_5289029;p_333;#=ew_69_240142;prefix=87165-;[0]=ew_0_1194688,R012M,PresentElder,212.868,212.758,https://labbcat.canterbury.ac.nz/maonze/transcript?ag_id=1912#ew_0_1194688,0.11,110,4.700480366,,
3749,ia,g_1913;em_12_157134;n_5290200-n_5290213;p_333;#=ew_69_240289;prefix=87392-;[0]=ew_0_1195551,R012M,PresentElder,239.285,239.175,https://labbcat.canterbury.ac.nz/maonze/transcript?ag_id=1913#ew_0_1195551,0.11,110,4.700480366,,
3865,ia,g_308;em_12_30051;n_5999673-n_5999682;p_81;#=ew_69_186190;prefix=35654-;[0]=ew_0_207632,L1Y03M,L1,168.088,167.978,https://labbcat.canterbury.ac.nz/maonze/transcript?ag_id=308#ew_0_207632,0.11,110,4.700480366,,
3875,ia,g_312;em_12_160653;n_5999966-n_5999974;p_81;#=ew_69_186969;prefix=36205-;[0]=ew_0_1238491,L1Y03M,L1,155.367,155.257,https://labbcat.canterbury.ac.nz/maonze/transcript?ag_id=312#ew_0_1238491,0.11,110,4.700480366,,
3898,ia,g_321;em_12_31646;n_56223-n_56224;p_89;#=ew_69_188141;prefix=37326-;[0]=ew_0_215246,L1Y04M,L1,165.605,165.495,https://labbcat.canterbury.ac.nz/maonze/transcript?ag_id=321#ew_0_215246,0.11,110,4.700480366,,
3929,ia,g_337;em_12_33388;n_57618-n_7087179;p_85;#=ew_69_184865;prefix=33963-;[0]=ew_0_222779,L1Y02M,L1,160.351,160.241,https://labbcat.canterbury.ac.nz/maonze/transcript?ag_id=337#ew_0_222779,0.11,110,4.700480366,,
4052,ia,g_447;em_12_169711;n_6945265-n_6945266;p_110;#=ew_69_155865;prefix=06150-;[0]=ew_0_1326382,K003M,PresentElder,192.022,191.912,https://labbcat.canterbury.ac.nz/maonze/transcript?ag_id=447#ew_0_1326382,0.11,110,4.700480366,,
4077,ia,g_450;em_12_169813;n_6946182-n_6946183;p_110;#=ew_69_156732;prefix=06739-;[0]=ew_0_1326869,K003M,PresentElder,172.457,172.347,https://labbcat.canterbury.ac.nz/maonze/transcript?ag_id=450#ew_0_1326869,0.11,110,4.700480366,,
4118,ia,g_464;em_12_47800;n_69862-n_69863;p_120;#=ew_69_165873;prefix=15588-;[0]=ew_0_299160,K008M,PresentElder,134.528,134.418,https://labbcat.canterbury.ac.nz/maonze/transcript?ag_id=464#ew_0_299160,0.11,110,4.700480366,,
4219,ia,g_499;em_12_51791;n_73083-n_73084;p_97;#=ew_69_215531;prefix=63204-;[0]=ew_0_320557,MU07M,Historical,221.976,221.866,https://labbcat.canterbury.ac.nz/maonze/transcript?ag_id=499#ew_0_320557,0.11,110,4.700480366,,
4276,ia,g_597;em_12_63888;n_83488-n_83489;p_140;#=ew_69_189372;prefix=38359-;[0]=ew_0_380886,L1Y05M,L1,179.682,179.572,https://labbcat.canterbury.ac.nz/maonze/transcript?ag_id=597#ew_0_380886,0.11,110,4.700480366,,
4381,ia,g_634;em_12_66373;n_85809-n_85810;p_143;#=ew_69_204011;prefix=52078-;[0]=ew_0_403766,L2Y02M,L2,167.821,167.711,https://labbcat.canterbury.ac.nz/maonze/transcript?ag_id=634#ew_0_403766,0.11,110,4.700480366,,
4383,ia,g_635;em_12_66463;n_85877-n_85878;p_145;#=ew_69_200727;prefix=49038-;[0]=ew_0_404456,L2Y01M,L2,218.748,218.638,https://labbcat.canterbury.ac.nz/maonze/transcript?ag_id=635#ew_0_404456,0.11,110,4.700480366,,
4621,ia,g_892;em_12_88379;n_102650-n_102651;p_174;#=ew_69_179603;prefix=28763-;[0]=ew_0_562374,L1H05M,L1,207.172,207.062,https://labbcat.canterbury.ac.nz/maonze/transcript?ag_id=892#ew_0_562374,0.11,110,4.700480366,,
4793,ia,g_955;em_12_92015;n_105635-n_6536270;p_181;#=ew_69_221358;prefix=68306-;[0]=ew_0_594437,R002M,PresentElder,144.577,144.467,https://labbcat.canterbury.ac.nz/maonze/transcript?ag_id=955#ew_0_594437,0.11,110,4.700480366,,
4794,ia,g_955;em_12_92021;n_105641-n_7033121;p_181;#=ew_69_221439;prefix=68345-;[0]=ew_0_594529,R002M,PresentElder,188.783,188.673,https://labbcat.canterbury.ac.nz/maonze/transcript?ag_id=955#ew_0_594529,0.11,110,4.700480366,,
4817,ia,g_968;em_12_92795;n_106194-n_106195;p_183;#=ew_69_223240;prefix=70241-;[0]=ew_0_601344,R003M,PresentElder,155.796,155.686,https://labbcat.canterbury.ac.nz/maonze/transcript?ag_id=968#ew_0_601344,0.11,110,4.700480366,,
4852,ia,g_977;em_12_93430;n_106642-n_16393;p_184;#=ew_69_224741;prefix=71575-;[0]=ew_0_606134,R004M,PresentElder,177.719,177.609,https://labbcat.canterbury.ac.nz/maonze/transcript?ag_id=977#ew_0_606134,0.11,110,4.700480366,,
4910,ia,g_99;em_12_162783;n_6281992-n_6281998;p_41;#=ew_69_163712;prefix=13149-;[0]=ew_0_1268413,K007M,PresentElder,240.291,240.181,https://labbcat.canterbury.ac.nz/maonze/transcript?ag_id=99#ew_0_1268413,0.11,110,4.700480366,,
5040,oa,g_1036;em_12_96691;n_108979-n_108980;p_193;#=ew_69_235180;prefix=81231-;[0]=ew_0_639302,R010M,PresentElder,179.307,179.197,https://labbcat.canterbury.ac.nz/maonze/transcript?ag_id=1036#ew_0_639302,0.11,110,4.700480366,,
5061,oa,g_1045;em_12_97451;n_109381-n_109382;p_193;#=ew_69_236546;prefix=82671-;[0]=ew_0_646137,R010M,PresentElder,180.189,180.079,https://labbcat.canterbury.ac.nz/maonze/transcript?ag_id=1045#ew_0_646137,0.11,110,4.700480366,,
5255,oa,g_138;em_12_9645;n_39117-n_39118;p_284;#=ew_69_210209;prefix=57835-;[0]=ew_0_92999,MU01M,Historical,198.678,198.568,https://labbcat.canterbury.ac.nz/maonze/transcript?ag_id=138#ew_0_92999,0.11,110,4.700480366,,
5279,oa,g_1391;em_12_151912;n_4711945-n_4711948;p_262;#=ew_69_249135;prefix=95027-;[0]=ew_0_1134840,WU08M,Historical,134.236,134.126,https://labbcat.canterbury.ac.nz/maonze/transcript?ag_id=1391#ew_0_1134840,0.11,110,4.700480366,,
5301,oa,g_14;em_12_1107;n_31741-n_31742;p_19;#=ew_69_151767;prefix=03155-;[0]=ew_0_9540,K002M,PresentElder,133.028,132.918,https://labbcat.canterbury.ac.nz/maonze/transcript?ag_id=14#ew_0_9540,0.11,110,4.700480366,,
5404,oa,g_1623;em_12_132191;n_26879-n_134588;p_299;#=ew_69_192578;prefix=41220-;[0]=ew_0_936133,L2H01M,L2,172.712,172.602,https://labbcat.canterbury.ac.nz/maonze/transcript?ag_id=1623#ew_0_936133,0.11,110,4.700480366,,
5450,oa,g_1652;em_12_134077;n_136111-n_136112;p_300;#=ew_69_194942;prefix=42995-;[0]=ew_0_948707,L2H02M,L2,180.344,180.234,https://labbcat.canterbury.ac.nz/maonze/transcript?ag_id=1652#ew_0_948707,0.11,110,4.700480366,,
5688,oa,g_1902;em_12_156395;n_5279338-n_5279359;p_333;#=ew_69_239564;prefix=85407-;[0]=ew_0_1186095,R012M,PresentElder,216.611,216.501,https://labbcat.canterbury.ac.nz/maonze/transcript?ag_id=1902#ew_0_1186095,0.11,110,4.700480366,,
5728,oa,g_1909;em_12_156875;n_5285630-n_5285658;p_333;#=ew_69_241061;prefix=86655-;[0]=ew_0_1191996,R012M,PresentElder,186.742,186.632,https://labbcat.canterbury.ac.nz/maonze/transcript?ag_id=1909#ew_0_1191996,0.11,110,4.700480366,,
5732,oa,g_1910;em_12_156905;n_5286569-n_5286588;p_333;#=ew_69_240484;prefix=86844-;[0]=ew_0_1192580,R012M,PresentElder,131.439,131.329,https://labbcat.canterbury.ac.nz/maonze/transcript?ag_id=1910#ew_0_1192580,0.11,110,4.700480366,,
5958,oa,g_369;em_12_35896;n_59722-n_7019180;p_92;#=ew_69_213073;prefix=60660-;[0]=ew_0_238333,MU04M,Historical,154.522,154.412,https://labbcat.canterbury.ac.nz/maonze/transcript?ag_id=369#ew_0_238333,0.11,110,4.700480366,,
6012,oa,g_384;em_12_38849;n_62646-n_62648;p_95;#=ew_69_214933;prefix=62487-;[0]=ew_0_247514,MU06M,Historical,239.32,239.21,https://labbcat.canterbury.ac.nz/maonze/transcript?ag_id=384#ew_0_247514,0.11,110,4.700480366,,
6210,oa,g_611;em_12_64743;n_84310-n_84311;p_142;#=ew_69_181866;prefix=31189-;[0]=ew_0_389561,L1Y01M,L1,170.396,170.286,https://labbcat.canterbury.ac.nz/maonze/transcript?ag_id=611#ew_0_389561,0.11,110,4.700480366,,
6250,oa,g_629;em_12_65730;n_85215-n_85216;p_143;#=ew_69_202979;prefix=50732-;[0]=ew_0_398945,L2Y02M,L2,221.039,220.929,https://labbcat.canterbury.ac.nz/maonze/transcript?ag_id=629#ew_0_398945,0.11,110,4.700480366,,
6265,oa,g_632;em_12_66150;n_85606-n_85607;p_143;#=ew_69_203380;prefix=51597-;[0]=ew_0_401938,L2Y02M,L2,201.89,201.78,https://labbcat.canterbury.ac.nz/maonze/transcript?ag_id=632#ew_0_401938,0.11,110,4.700480366,,
6328,oa,g_665;em_12_70490;n_89284-n_89285;p_148;#=ew_69_207729;prefix=55563-;[0]=ew_0_421941,L2Y05M,L2,189.035,188.925,https://labbcat.canterbury.ac.nz/maonze/transcript?ag_id=665#ew_0_421941,0.11,110,4.700480366,,
6333,oa,g_668;em_12_70597;n_89386-n_89387;p_148;#=ew_69_208262;prefix=56151-;[0]=ew_0_423799,L2Y05M,L2,177.599,177.489,https://labbcat.canterbury.ac.nz/maonze/transcript?ag_id=668#ew_0_423799,0.11,110,4.700480366,,
6346,oa,g_8;em_12_492;n_31146-n_31147;p_28;#=ew_69_149817;prefix=01129-;[0]=ew_0_4617,K001M,PresentElder,156.813,156.703,https://labbcat.canterbury.ac.nz/maonze/transcript?ag_id=8#ew_0_4617,0.11,110,4.700480366,,
6471,oa,g_893;em_12_88430;n_102694-n_102695;p_174;#=ew_69_179669;prefix=28605-;[0]=ew_0_563028,L1H05M,L1,220.795,220.685,https://labbcat.canterbury.ac.nz/maonze/transcript?ag_id=893#ew_0_563028,0.11,110,4.700480366,,
6639,oa,g_978;em_12_93512;n_106691-n_106692;p_184;#=ew_69_225107;prefix=71725-;[0]=ew_0_606665,R004M,PresentElder,138.64,138.53,https://labbcat.canterbury.ac.nz/maonze/transcript?ag_id=978#ew_0_606665,0.11,110,4.700480366,,
6680,ua,g_10;em_12_747;n_31394-n_31395;p_28;#=ew_69_150118;prefix=00632-;[0]=ew_0_1230915,K001M,PresentElder,236.498,236.388,https://labbcat.canterbury.ac.nz/maonze/transcript?ag_id=10#ew_0_1230915,0.11,110,4.700480366,,
6718,ua,g_101;em_12_7057;n_36901-n_36902;p_41;#=ew_69_163009;prefix=13626-;[0]=ew_0_69587,K007M,PresentElder,174.969,174.859,https://labbcat.canterbury.ac.nz/maonze/transcript?ag_id=101#ew_0_69587,0.11,110,4.700480366,,
6732,ua,g_1010;em_12_95437;n_108322-n_16717;p_188;#=ew_69_230206;prefix=76488-;[0]=ew_0_625085,R007M,PresentElder,192.541,192.431,https://labbcat.canterbury.ac.nz/maonze/transcript?ag_id=1010#ew_0_625085,0.11,110,4.700480366,,
6837,ua,g_103;em_12_163016;n_6285985-n_6285990;p_41;#=ew_69_164633;prefix=14022-;[0]=ew_0_1271700,K007M,PresentElder,184.009,183.899,https://labbcat.canterbury.ac.nz/maonze/transcript?ag_id=103#ew_0_1271700,0.11,110,4.700480366,,
7265,ua,g_117;em_12_8504;n_38061-n_4017018;p_43;#=ew_69_211608;prefix=58720-;[0]=ew_0_82533,MU02M,Historical,167.601,167.491,https://labbcat.canterbury.ac.nz/maonze/transcript?ag_id=117#ew_0_82533,0.11,110,4.700480366,,
7357,ua,g_1235;em_12_160109;n_5825246-n_5825257;p_249;#=ew_69_180962;prefix=29960-;[0]=ew_0_1227635,L1H06M,L1,248.933,248.823,https://labbcat.canterbury.ac.nz/maonze/transcript?ag_id=1235#ew_0_1227635,0.11,110,4.700480366,,
7459,ua,g_1371;em_12_118232;n_123780-n_123781;p_287;#=ew_69_228183;prefix=74937-;[0]=ew_0_813768,R006M,PresentElder,191.683,191.573,https://labbcat.canterbury.ac.nz/maonze/transcript?ag_id=1371#ew_0_813768,0.11,110,4.700480366,,
7605,ua,g_1520;em_12_125969;n_130014-n_130015;p_284;#=ew_69_210796;prefix=58350-;[0]=ew_0_885147,MU01M,Historical,172.956,172.846,https://labbcat.canterbury.ac.nz/maonze/transcript?ag_id=1520#ew_0_885147,0.11,110,4.700480366,,
7625,ua,g_1523;em_12_126128;n_130160-n_130161;p_287;#=ew_69_228337;prefix=75242-;[0]=ew_0_887146,R006M,PresentElder,209.607,209.497,https://labbcat.canterbury.ac.nz/maonze/transcript?ag_id=1523#ew_0_887146,0.11,110,4.700480366,,
7654,ua,g_1527;em_12_126283;n_130297-n_130298;p_287;#=ew_69_229188;prefix=75900-;[0]=ew_0_889491,R006M,PresentElder,180.772,180.662,https://labbcat.canterbury.ac.nz/maonze/transcript?ag_id=1527#ew_0_889491,0.11,110,4.700480366,,
7701,ua,g_1543;em_12_127151;n_25733-n_130738;p_291;#=ew_69_216425;prefix=63819-;[0]=ew_0_897922,MU09M,Historical,201.82,201.71,https://labbcat.canterbury.ac.nz/maonze/transcript?ag_id=1543#ew_0_897922,0.11,110,4.700480366,,
7721,ua,g_16;em_12_1276;n_31903-n_31904;p_19;#=ew_69_152312;prefix=02309-;[0]=ew_0_11136,K002M,PresentElder,242.464,242.354,https://labbcat.canterbury.ac.nz/maonze/transcript?ag_id=16#ew_0_11136,0.11,110,4.700480366,,
7786,ua,g_1626;em_12_132391;n_26943-n_26944;p_299;#=ew_69_192805;prefix=41538-;[0]=ew_0_937542,L2H01M,L2,140.194,140.084,https://labbcat.canterbury.ac.nz/maonze/transcript?ag_id=1626#ew_0_937542,0.11,110,4.700480366,,
7881,ua,g_1646;em_12_133546;n_135729-n_135730;p_300;#=ew_69_194179;prefix=42166-;[0]=ew_0_945431,L2H02M,L2,240.815,240.705,https://labbcat.canterbury.ac.nz/maonze/transcript?ag_id=1646#ew_0_945431,0.11,110,4.700480366,,
7915,ua,g_1650;em_12_133870;n_135966-n_135967;p_300;#=ew_69_194162;prefix=42695-;[0]=ew_0_947600,L2H02M,L2,163.809,163.699,https://labbcat.canterbury.ac.nz/maonze/transcript?ag_id=1650#ew_0_947600,0.11,110,4.700480366,,
8003,ua,g_1667;em_12_134882;n_136694-n_136695;p_302;#=ew_69_198034;prefix=46481-;[0]=ew_0_955932,L2H04M,L2,176.195,176.085,https://labbcat.canterbury.ac.nz/maonze/transcript?ag_id=1667#ew_0_955932,0.11,110,4.700480366,,
8010,ua,g_1668;em_12_134918;n_136729-n_136730;p_302;#=ew_69_198336;prefix=46591-;[0]=ew_0_956358,L2H04M,L2,143.837,143.727,https://labbcat.canterbury.ac.nz/maonze/transcript?ag_id=1668#ew_0_956358,0.11,110,4.700480366,,
8131,ua,g_1750;em_12_139905;n_140582-n_140583;p_318;#=ew_69_231534;prefix=78039-;[0]=ew_0_1002939,R008M,PresentElder,132.213,132.103,https://labbcat.canterbury.ac.nz/maonze/transcript?ag_id=1750#ew_0_1002939,0.11,110,4.700480366,,
8199,ua,g_1846;em_12_149377;n_3852782-n_3852796;p_49;#=ew_69_205198;prefix=53236-;[0]=ew_0_1105277,L2Y03M,L2,167.22,167.11,https://labbcat.canterbury.ac.nz/maonze/transcript?ag_id=1846#ew_0_1105277,0.11,110,4.700480366,,
8392,ua,g_1910;em_12_156882;n_5286727-n_5286747;p_333;#=ew_69_240564;prefix=86971-;[0]=ew_0_1193224,R012M,PresentElder,177.612,177.502,https://labbcat.canterbury.ac.nz/maonze/transcript?ag_id=1910#ew_0_1193224,0.11,110,4.700480366,,
8424,ua,g_1913;em_12_157108;n_5290038-n_5290057;p_333;#=ew_69_240267;prefix=87256-;[0]=ew_0_1195349,R012M,PresentElder,191.154,191.044,https://labbcat.canterbury.ac.nz/maonze/transcript?ag_id=1913#ew_0_1195349,0.11,110,4.700480366,,
8446,ua,g_1923;em_12_163373;n_6538426-n_6538438;p_181;#=ew_69_221008;prefix=68569-;[0]=ew_0_1279457,R002M,PresentElder,136.706,136.596,https://labbcat.canterbury.ac.nz/maonze/transcript?ag_id=1923#ew_0_1279457,0.11,110,4.700480366,,
8457,ua,g_1942;em_12_165571;n_6842313-n_6842331;p_41;#=ew_69_164939;prefix=15008-;[0]=ew_0_1295022,K007M,PresentElder,194.559,194.449,https://labbcat.canterbury.ac.nz/maonze/transcript?ag_id=1942#ew_0_1295022,0.11,110,4.700480366,,
8472,ua,g_1944;em_12_165753;n_6847121-n_6847130;p_28;#=ew_69_150274;prefix=01401-;[0]=ew_0_1296520,K001M,PresentElder,150.003,149.893,https://labbcat.canterbury.ac.nz/maonze/transcript?ag_id=1944#ew_0_1296520,0.11,110,4.700480366,,
8505,ua,g_1946;em_12_166004;n_6849682-n_6849714;p_121;#=ew_69_167749;prefix=17280-;[0]=ew_0_1298218,K009M,PresentElder,176.396,176.286,https://labbcat.canterbury.ac.nz/maonze/transcript?ag_id=1946#ew_0_1298218,0.11,110,4.700480366,,
8605,ua,g_308;em_12_160741;n_5999874-n_5999884;p_81;#=ew_69_186225;prefix=35710-;[0]=ew_0_1240432,L1Y03M,L1,203.285,203.175,https://labbcat.canterbury.ac.nz/maonze/transcript?ag_id=308#ew_0_1240432,0.11,110,4.700480366,,
8637,ua,g_317;em_12_148868;n_3842213-n_3842232;p_89;#=ew_69_187686;prefix=36738-;[0]=ew_0_1097702,L1Y04M,L1,194.184,194.074,https://labbcat.canterbury.ac.nz/maonze/transcript?ag_id=317#ew_0_1097702,0.11,110,4.700480366,,
8638,ua,g_317;em_12_148876;n_3842360-n_3842382;p_89;#=ew_69_187704;prefix=36756-;[0]=ew_0_1097906,L1Y04M,L1,214.325,214.215,https://labbcat.canterbury.ac.nz/maonze/transcript?ag_id=317#ew_0_1097906,0.11,110,4.700480366,,
8674,ua,g_322;em_12_31937;n_56474-n_56475;p_89;#=ew_69_189158;prefix=37512-;[0]=ew_0_216070,L1Y04M,L1,187.101,186.991,https://labbcat.canterbury.ac.nz/maonze/transcript?ag_id=322#ew_0_216070,0.11,110,4.700480366,,
8732,ua,g_334;em_12_161027;n_6031617-n_6031620;p_85;#=ew_69_185067;prefix=34246-;[0]=ew_0_1243582,L1Y02M,L1,132.003,131.893,https://labbcat.canterbury.ac.nz/maonze/transcript?ag_id=334#ew_0_1243582,0.11,110,4.700480366,,
8793,ua,g_344;em_12_33598;n_57785-n_57786;p_85;#=ew_69_184081;prefix=33461-;[0]=ew_0_1241654,L1Y02M,L1,152.081,151.971,https://labbcat.canterbury.ac.nz/maonze/transcript?ag_id=344#ew_0_1241654,0.11,110,4.700480366,,
8794,ua,g_344;em_12_33600;n_57787-n_7086594;p_85;#=ew_69_184108;prefix=33471-;[0]=ew_0_225612,L1Y02M,L1,163.928,163.818,https://labbcat.canterbury.ac.nz/maonze/transcript?ag_id=344#ew_0_225612,0.11,110,4.700480366,,
8920,ua,g_386;em_12_39269;n_63064-n_63065;p_95;#=ew_69_215798;prefix=62860-;[0]=ew_0_249067,MU06M,Historical,216.105,215.995,https://labbcat.canterbury.ac.nz/maonze/transcript?ag_id=386#ew_0_249067,0.11,110,4.700480366,,
8986,ua,g_453;em_12_161339;n_6124108-n_6124113;p_110;#=ew_69_157026;prefix=07582-;[0]=ew_0_1252306,K003M,PresentElder,164.166,164.056,https://labbcat.canterbury.ac.nz/maonze/transcript?ag_id=453#ew_0_1252306,0.11,110,4.700480366,,
8990,ua,g_453;em_12_161374;n_6124084-n_6124093;p_110;#=ew_69_157012;prefix=07461-;[0]=ew_0_1254605,K003M,PresentElder,146.759,146.649,https://labbcat.canterbury.ac.nz/maonze/transcript?ag_id=453#ew_0_1254605,0.11,110,4.700480366,,
9150,ua,g_488;em_12_50158;n_8330-n_71882;p_122;#=ew_69_169462;prefix=19425-;[0]=ew_0_313980,K010M,PresentElder,249.176,249.066,https://labbcat.canterbury.ac.nz/maonze/transcript?ag_id=488#ew_0_313980,0.11,110,4.700480366,,
9243,ua,g_55;em_12_161974;n_6214553-n_6214524;p_32;#=ew_69_158720;prefix=08950-;[0]=ew_0_1260044,K004M,PresentElder,134.154,134.044,https://labbcat.canterbury.ac.nz/maonze/transcript?ag_id=55#ew_0_1260044,0.11,110,4.700480366,,
9322,ua,g_603;em_12_64276;n_83870-n_83871;p_140;#=ew_69_190770;prefix=39449-;[0]=ew_0_384817,L1Y05M,L1,203.928,203.818,https://labbcat.canterbury.ac.nz/maonze/transcript?ag_id=603#ew_0_384817,0.11,110,4.700480366,,
9367,ua,g_609;em_12_161079;n_6052310-n_6052315;p_142;#=ew_69_181597;prefix=30929-;[0]=ew_0_1244588,L1Y01M,L1,156.981,156.871,https://labbcat.canterbury.ac.nz/maonze/transcript?ag_id=609#ew_0_1244588,0.11,110,4.700480366,,
9406,ua,g_614;em_12_64884;n_84448-n_84449;p_142;#=ew_69_182086;prefix=31541-;[0]=ew_0_1245840,L1Y01M,L1,131.184,131.074,https://labbcat.canterbury.ac.nz/maonze/transcript?ag_id=614#ew_0_1245840,0.11,110,4.700480366,,
9427,ua,g_618;em_12_65053;n_84611-n_84612;p_142;#=ew_69_182843;prefix=31999-;[0]=ew_0_392903,L1Y01M,L1,138.946,138.836,https://labbcat.canterbury.ac.nz/maonze/transcript?ag_id=618#ew_0_392903,0.11,110,4.700480366,,
9471,ua,g_626;em_12_170745;n_6981787-n_6981788;p_142;#=ew_69_183808;prefix=32955-;[0]=ew_0_1334448,L1Y01M,L1,152.315,152.205,https://labbcat.canterbury.ac.nz/maonze/transcript?ag_id=626#ew_0_1334448,0.11,110,4.700480366,,
9472,ua,g_626;em_12_170746;n_6981790-n_6981791;p_142;#=ew_69_183828;prefix=32964-;[0]=ew_0_1334511,L1Y01M,L1,168.921,168.811,https://labbcat.canterbury.ac.nz/maonze/transcript?ag_id=626#ew_0_1334511,0.11,110,4.700480366,,
9592,ua,g_638;em_12_66731;n_86064-n_86065;p_145;#=ew_69_200920;prefix=49574-;[0]=ew_0_1108842,L2Y01M,L2,218.331,218.221,https://labbcat.canterbury.ac.nz/maonze/transcript?ag_id=638#ew_0_1108842,0.11,110,4.700480366,,
9610,ua,g_641;em_12_66948;n_10687-n_86208;p_145;#=ew_69_201728;prefix=49925-;[0]=ew_0_408928,L2Y01M,L2,218.976,218.866,https://labbcat.canterbury.ac.nz/maonze/transcript?ag_id=641#ew_0_408928,0.11,110,4.700480366,,
9718,ua,g_668;em_12_70600;n_89389-n_89390;p_148;#=ew_69_208281;prefix=56170-;[0]=ew_0_423854,L2Y05M,L2,200.499,200.389,https://labbcat.canterbury.ac.nz/maonze/transcript?ag_id=668#ew_0_423854,0.11,110,4.700480366,,
9766,ua,g_77;em_12_5381;n_35476-n_35477;p_37;#=ew_69_160751;prefix=10392-;[0]=ew_0_52760,K005M,PresentElder,186.421,186.311,https://labbcat.canterbury.ac.nz/maonze/transcript?ag_id=77#ew_0_52760,0.11,110,4.700480366,,
9795,ua,g_83;em_12_162302;n_6239119-n_6239107;p_37;#=ew_69_160569;prefix=11077-;[0]=ew_0_1264347,K005M,PresentElder,217.515,217.405,https://labbcat.canterbury.ac.nz/maonze/transcript?ag_id=83#ew_0_1264347,0.11,110,4.700480366,,
9921,ua,g_866;em_12_86688;n_101521-n_101522;p_168;#=ew_69_173449;prefix=23396-;[0]=ew_0_1220547,L1H02M,L1,234.392,234.282,https://labbcat.canterbury.ac.nz/maonze/transcript?ag_id=866#ew_0_1220547,0.11,110,4.700480366,,
9924,ua,g_867;em_12_159594;n_5715692-n_5715700;p_168;#=ew_69_174718;prefix=23715-;[0]=ew_0_1220843,L1H02M,L1,196.022,195.912,https://labbcat.canterbury.ac.nz/maonze/transcript?ag_id=867#ew_0_1220843,0.11,110,4.700480366,,
10000,ua,g_877;em_12_87438;n_102030-n_15030;p_169;#=ew_69_175371;prefix=24785-;[0]=ew_0_555949,L1H03M,L1,159.314,159.204,https://labbcat.canterbury.ac.nz/maonze/transcript?ag_id=877#ew_0_555949,0.11,110,4.700480366,,
10059,ua,g_890;em_12_88290;n_102573-n_102574;p_174;#=ew_69_179110;prefix=29001-;[0]=ew_0_1224478,L1H05M,L1,165.89,165.78,https://labbcat.canterbury.ac.nz/maonze/transcript?ag_id=890#ew_0_1224478,0.11,110,4.700480366,,
10090,ua,g_896;em_12_88564;n_102801-n_102802;p_174;#=ew_69_178216;prefix=28012-;[0]=ew_0_564596,L1H05M,L1,138.831,138.721,https://labbcat.canterbury.ac.nz/maonze/transcript?ag_id=896#ew_0_564596,0.11,110,4.700480366,,
10158,ua,g_904;em_12_88998;n_103160-n_103161;p_174;#=ew_69_178385;prefix=27529-;[0]=ew_0_568744,L1H05M,L1,150.577,150.467,https://labbcat.canterbury.ac.nz/maonze/transcript?ag_id=904#ew_0_568744,0.11,110,4.700480366,,
10196,ua,g_908;em_12_89211;n_103266-n_103267;p_173;#=ew_69_177141;prefix=26512-;[0]=ew_0_570908,L1H04M,L1,208.964,208.854,https://labbcat.canterbury.ac.nz/maonze/transcript?ag_id=908#ew_0_570908,0.11,110,4.700480366,,
10264,ua,g_927;em_12_90343;n_104162-n_104163;p_179;#=ew_69_217295;prefix=64745-;[0]=ew_0_580537,R001M,PresentElder,171.034,170.924,https://labbcat.canterbury.ac.nz/maonze/transcript?ag_id=927#ew_0_580537,0.11,110,4.700480366,,
10269,ua,g_927;em_12_90349;n_104168-n_104169;p_179;#=ew_69_217315;prefix=64762-;[0]=ew_0_580584,R001M,PresentElder,189.724,189.614,https://labbcat.canterbury.ac.nz/maonze/transcript?ag_id=927#ew_0_580584,0.11,110,4.700480366,,
10366,ua,g_941;em_12_91397;n_105106-n_105107;p_179;#=ew_69_219761;prefix=66659-;[0]=ew_0_587298,R001M,PresentElder,159.946,159.836,https://labbcat.canterbury.ac.nz/maonze/transcript?ag_id=941#ew_0_587298,0.11,110,4.700480366,,
10498,ua,g_963;em_12_92486;n_105984-n_105985;p_183;#=ew_69_221966;prefix=69631-;[0]=ew_0_598684,R003M,PresentElder,200.688,200.578,https://labbcat.canterbury.ac.nz/maonze/transcript?ag_id=963#ew_0_598684,0.11,110,4.700480366,,
10609,ua,g_982;em_12_93757;n_106863-n_106864;p_184;#=ew_69_225401;prefix=72252-;[0]=ew_0_608847,R004M,PresentElder,187.974,187.864,https://labbcat.canterbury.ac.nz/maonze/transcript?ag_id=982#ew_0_608847,0.11,110,4.700480366,,
10619,ua,g_984;em_12_93823;n_106914-n_106915;p_182;#=ew_69_225614;prefix=72520-;[0]=ew_0_609417,R005M,PresentElder,181.539,181.429,https://labbcat.canterbury.ac.nz/maonze/transcript?ag_id=984#ew_0_609417,0.11,110,4.700480366,,
10632,ua,g_985;em_12_93864;n_7042945-n_106949;p_182;#=ew_69_226342;prefix=72701-;[0]=ew_0_609929,R005M,PresentElder,184.778,184.668,https://labbcat.canterbury.ac.nz/maonze/transcript?ag_id=985#ew_0_609929,0.11,110,4.700480366,,
10665,ua,g_99;em_12_162782;n_6281929-n_6281933;p_41;#=ew_69_163644;prefix=13125-;[0]=ew_0_1270448,K007M,PresentElder,158.986,158.876,https://labbcat.canterbury.ac.nz/maonze/transcript?ag_id=99#ew_0_1270448,0.11,110,4.700480366,,
10667,ua,g_99;em_12_162804;n_6281920-n_6281925;p_41;#=ew_69_163624;prefix=13115-;[0]=ew_0_1269484,K007M,PresentElder,149.255,149.145,https://labbcat.canterbury.ac.nz/maonze/transcript?ag_id=99#ew_0_1269484,0.11,110,4.700480366,,
977,ea,g_1844;em_12_149272;n_3851319-n_3851330;p_49;#=ew_69_204923;prefix=53008-;[0]=ew_0_1104020,L2Y03M,L2,305.924,305.814,https://labbcat.canterbury.ac.nz/maonze/transcript?ag_id=1844#ew_0_1104020,0.11,110,4.700480366,,
1131,ea,g_1911;em_12_156977;n_5288167-n_5288195;p_333;#=ew_69_240763;prefix=87051-;[0]=ew_0_1193662,R012M,PresentElder,289.268,289.158,https://labbcat.canterbury.ac.nz/maonze/transcript?ag_id=1911#ew_0_1193662,0.11,110,4.700480366,,
1227,ea,g_21;em_12_1791;n_32409-n_32410;p_19;#=ew_69_153518;prefix=04044-;[0]=ew_0_15351,K002M,PresentElder,341.133,341.023,https://labbcat.canterbury.ac.nz/maonze/transcript?ag_id=21#ew_0_15351,0.11,110,4.700480366,,
1608,ea,g_451;em_12_46736;n_69186-n_69187;p_110;#=ew_69_156601;prefix=07162-;[0]=ew_0_292468,K003M,PresentElder,333.739,333.629,https://labbcat.canterbury.ac.nz/maonze/transcript?ag_id=451#ew_0_292468,0.11,110,4.700480366,,
1642,ea,g_460;em_12_47487;n_69666-n_69667;p_112;#=ew_69_162133;prefix=12259-;[0]=ew_0_297298,K006M,PresentElder,279.746,279.636,https://labbcat.canterbury.ac.nz/maonze/transcript?ag_id=460#ew_0_297298,0.11,110,4.700480366,,
3818,ia,g_22;em_12_1857;n_32474-n_32475;p_19;#=ew_69_153628;prefix=04218-;[0]=ew_0_15905,K002M,PresentElder,270.556,270.446,https://labbcat.canterbury.ac.nz/maonze/transcript?ag_id=22#ew_0_15905,0.11,110,4.700480366,,
4074,ia,g_450;em_12_169791;n_6946209-n_6946210;p_110;#=ew_69_156798;prefix=06801-;[0]=ew_0_1327122,K003M,PresentElder,266.686,266.576,https://labbcat.canterbury.ac.nz/maonze/transcript?ag_id=450#ew_0_1327122,0.11,110,4.700480366,,
4475,ia,g_76;em_12_160499;n_5958170-n_5958176;p_37;#=ew_69_159993;prefix=10243-;[0]=ew_0_1237202,K005M,PresentElder,268.246,268.136,https://labbcat.canterbury.ac.nz/maonze/transcript?ag_id=76#ew_0_1237202,0.11,110,4.700480366,,
5244,oa,g_134;em_12_9163;n_38640-n_29031;p_284;#=ew_69_209825;prefix=57493-;[0]=ew_0_88577,MU01M,Historical,447.025,446.915,https://labbcat.canterbury.ac.nz/maonze/transcript?ag_id=134#ew_0_88577,0.11,110,4.700480366,,
5664,oa,g_1897;em_12_155999;n_5274639-n_5274653;p_333;#=ew_69_238854;prefix=84639-;[0]=ew_0_1182620,R012M,PresentElder,283.592,283.482,https://labbcat.canterbury.ac.nz/maonze/transcript?ag_id=1897#ew_0_1182620,0.11,110,4.700480366,,
6281,oa,g_635;em_12_66477;n_10540-n_10541;p_145;#=ew_69_200756;prefix=49064-;[0]=ew_0_404557,L2Y01M,L2,272.638,272.528,https://labbcat.canterbury.ac.nz/maonze/transcript?ag_id=635#ew_0_404557,0.11,110,4.700480366,,
8340,ua,g_1903;em_12_156498;n_5280248-n_5280262;p_333;#=ew_69_240064;prefix=85444-;[0]=ew_0_1187242,R012M,PresentElder,256.693,256.583,https://labbcat.canterbury.ac.nz/maonze/transcript?ag_id=1903#ew_0_1187242,0.11,110,4.700480366,,
8475,ua,g_1944;em_12_165771;n_6847553-n_6847564;p_28;#=ew_69_150365;prefix=01245-;[0]=ew_0_1297038,K001M,PresentElder,292.294,292.184,https://labbcat.canterbury.ac.nz/maonze/transcript?ag_id=1944#ew_0_1297038,0.11,110,4.700480366,,
9313,ua,g_602;em_12_64241;n_83836-n_83837;p_140;#=ew_69_190356;prefix=39280-;[0]=ew_0_384328,L1Y05M,L1,308.03,307.92,https://labbcat.canterbury.ac.nz/maonze/transcript?ag_id=602#ew_0_384328,0.11,110,4.700480366,,
9546,ua,g_633;em_12_66311;n_85756-n_85757;p_143;#=ew_69_203266;prefix=51921-;[0]=ew_0_403240,L2Y02M,L2,285.032,284.922,https://labbcat.canterbury.ac.nz/maonze/transcript?ag_id=633#ew_0_403240,0.11,110,4.700480366,,
9614,ua,g_641;em_12_66971;n_86226-n_86227;p_145;#=ew_69_201853;prefix=49990-;[0]=ew_0_409232,L2Y01M,L2,356.58,356.47,https://labbcat.canterbury.ac.nz/maonze/transcript?ag_id=641#ew_0_409232,0.11,110,4.700480366,,
10401,ua,g_947;em_12_91664;n_105339-n_105340;p_181;#=ew_69_220844;prefix=67357-;[0]=ew_0_589734,R002M,PresentElder,261.287,261.177,https://labbcat.canterbury.ac.nz/maonze/transcript?ag_id=947#ew_0_589734,0.11,110,4.700480366,,
33,ea,g_1012;em_12_95569;n_16780-n_108391;p_188;#=ew_69_230075;prefix=76674-;[0]=ew_0_625933,R007M,PresentElder,143.919,143.819,https://labbcat.canterbury.ac.nz/maonze/transcript?ag_id=1012#ew_0_625933,0.1,100,4.605170186,,
58,ea,g_102;em_12_163013;n_6285849-n_6286114;p_41;#=ew_69_163804;prefix=13881-;[0]=ew_0_1273818,K007M,PresentElder,247.598,247.498,https://labbcat.canterbury.ac.nz/maonze/transcript?ag_id=102#ew_0_1273818,0.1,100,4.605170186,,
80,ea,g_1024;em_12_96180;n_108621-n_29920;p_190;#=ew_69_233343;prefix=79233-;[0]=ew_0_631789,R009M,PresentElder,243.484,243.384,https://labbcat.canterbury.ac.nz/maonze/transcript?ag_id=1024#ew_0_631789,0.1,100,4.605170186,,
98,ea,g_1030;em_12_96429;n_108778-n_108779;p_190;#=ew_69_234048;prefix=80100-;[0]=ew_0_635377,R009M,PresentElder,135.455,135.355,https://labbcat.canterbury.ac.nz/maonze/transcript?ag_id=1030#ew_0_635377,0.1,100,4.605170186,,
330,ea,g_1200;em_12_108667;n_117471-n_117472;p_244;#=ew_69_243063;prefix=89128-;[0]=ew_0_724423,WU04M,Historical,152.865,152.765,https://labbcat.canterbury.ac.nz/maonze/transcript?ag_id=1200#ew_0_724423,0.1,100,4.605170186,,
359,ea,g_1207;em_12_109480;n_118269-n_118270;p_244;#=ew_69_243935;prefix=90236-;[0]=ew_0_728684,WU04M,Historical,206.776,206.676,https://labbcat.canterbury.ac.nz/maonze/transcript?ag_id=1207#ew_0_728684,0.1,100,4.605170186,,
446,ea,g_1244;em_12_111788;n_21978-n_21979;p_249;#=ew_69_181535;prefix=30868-;[0]=ew_0_748176,L1H06M,L1,283.922,283.822,https://labbcat.canterbury.ac.nz/maonze/transcript?ag_id=1244#ew_0_748176,0.1,100,4.605170186,,
646,ea,g_1618;em_12_131826;n_134299-n_134300;p_299;#=ew_69_192364;prefix=40699-;[0]=ew_0_933586,L2H01M,L2,227.014,226.914,https://labbcat.canterbury.ac.nz/maonze/transcript?ag_id=1618#ew_0_933586,0.1,100,4.605170186,,
792,ea,g_1658;em_12_134533;n_136420-n_27389;p_300;#=ew_69_195202;prefix=43764-;[0]=ew_0_951924,L2H02M,L2,278.473,278.373,https://labbcat.canterbury.ac.nz/maonze/transcript?ag_id=1658#ew_0_951924,0.1,100,4.605170186,,
974,ea,g_1844;em_12_149250;n_3850991-n_3851007;p_49;#=ew_69_204804;prefix=52960-;[0]=ew_0_1103737,L2Y03M,L2,195.8,195.7,https://labbcat.canterbury.ac.nz/maonze/transcript?ag_id=1844#ew_0_1103737,0.1,100,4.605170186,,
1033,ea,g_1868;em_12_153965;n_5221803-n_5221823;p_334;#=ew_69_237195;prefix=83545-;[0]=ew_0_1157255,R011M,PresentElder,199.824,199.724,https://labbcat.canterbury.ac.nz/maonze/transcript?ag_id=1868#ew_0_1157255,0.1,100,4.605170186,,
1040,ea,g_1883;em_12_154971;n_5259485-n_5259506;p_334;#=ew_69_237173;prefix=83322-;[0]=ew_0_1170190,R011M,PresentElder,310.622,310.522,https://labbcat.canterbury.ac.nz/maonze/transcript?ag_id=1883#ew_0_1170190,0.1,100,4.605170186,,
1111,ea,g_1908;em_12_156775;n_5284914-n_5284936;p_333;#=ew_69_241286;prefix=86284-;[0]=ew_0_1190944,R012M,PresentElder,302.17,302.07,https://labbcat.canterbury.ac.nz/maonze/transcript?ag_id=1908#ew_0_1190944,0.1,100,4.605170186,,
1161,ea,g_1942;em_12_165536;n_6842236-n_6842252;p_41;#=ew_69_164921;prefix=14991-;[0]=ew_0_1295437,K007M,PresentElder,176.098,175.998,https://labbcat.canterbury.ac.nz/maonze/transcript?ag_id=1942#ew_0_1295437,0.1,100,4.605170186,,
1163,ea,g_1942;em_12_165571;n_6842313-n_6842331;p_41;#=ew_69_164943;prefix=15012-;[0]=ew_0_1295241,K007M,PresentElder,196.139,196.039,https://labbcat.canterbury.ac.nz/maonze/transcript?ag_id=1942#ew_0_1295241,0.1,100,4.605170186,,
1177,ea,g_1943;em_12_165695;n_6846635-n_6846646;p_19;#=ew_69_152230;prefix=02554-;[0]=ew_0_1295729,K002M,PresentElder,360.062,359.962,https://labbcat.canterbury.ac.nz/maonze/transcript?ag_id=1943#ew_0_1295729,0.1,100,4.605170186,,
1260,ea,g_24;em_12_2060;n_32675-n_32676;p_19;#=ew_69_154539;prefix=04736-;[0]=ew_0_17531,K002M,PresentElder,329.93,329.83,https://labbcat.canterbury.ac.nz/maonze/transcript?ag_id=24#ew_0_17531,0.1,100,4.605170186,,
1261,ea,g_24;em_12_2064;n_32679-n_32680;p_19;#=ew_69_154549;prefix=04746-;[0]=ew_0_17558,K002M,PresentElder,342.473,342.373,https://labbcat.canterbury.ac.nz/maonze/transcript?ag_id=24#ew_0_17558,0.1,100,4.605170186,,
1294,ea,g_27;em_12_2261;n_32868-n_32869;p_19;#=ew_69_154960;prefix=05308-;[0]=ew_0_19229,K002M,PresentElder,276.273,276.173,https://labbcat.canterbury.ac.nz/maonze/transcript?ag_id=27#ew_0_19229,0.1,100,4.605170186,,
1645,ea,g_461;em_12_47575;n_69706-n_69707;p_112;#=ew_69_162221;prefix=12323-;[0]=ew_0_297846,K006M,PresentElder,236.365,236.265,https://labbcat.canterbury.ac.nz/maonze/transcript?ag_id=461#ew_0_297846,0.1,100,4.605170186,,
1705,ea,g_479;em_12_49285;n_71187-n_71188;p_121;#=ew_69_168092;prefix=18072-;[0]=ew_0_308498,K009M,PresentElder,260.083,259.983,https://labbcat.canterbury.ac.nz/maonze/transcript?ag_id=479#ew_0_308498,0.1,100,4.605170186,,
1756,ea,g_493;em_12_50962;n_8550-n_72465;p_122;#=ew_69_169651;prefix=20116-;[0]=ew_0_317441,K010M,PresentElder,273.434,273.334,https://labbcat.canterbury.ac.nz/maonze/transcript?ag_id=493#ew_0_317441,0.1,100,4.605170186,,
2457,ea,g_9;em_12_649;n_31297-n_31298;p_28;#=ew_69_150663;prefix=00935-;[0]=ew_0_5857,K001M,PresentElder,306.613,306.513,https://labbcat.canterbury.ac.nz/maonze/transcript?ag_id=9#ew_0_5857,0.1,100,4.605170186,,
2460,ea,g_9;em_12_660;n_31308-n_31309;p_28;#=ew_69_150690;prefix=00962-;[0]=ew_0_5953,K001M,PresentElder,338.132,338.032,https://labbcat.canterbury.ac.nz/maonze/transcript?ag_id=9#ew_0_5953,0.1,100,4.605170186,,
2532,ea,g_930;em_12_90680;n_104495-n_104496;p_179;#=ew_69_218161;prefix=65319-;[0]=ew_0_582417,R001M,PresentElder,226.705,226.605,https://labbcat.canterbury.ac.nz/maonze/transcript?ag_id=930#ew_0_582417,0.1,100,4.605170186,,
2683,ea,g_97;em_12_162807;n_6281914-n_6282129;p_41;#=ew_69_163468;prefix=12669-;[0]=ew_0_1270192,K007M,PresentElder,266.541,266.441,https://labbcat.canterbury.ac.nz/maonze/transcript?ag_id=97#ew_0_1270192,0.1,100,4.605170186,,
2789,ea,g_982;em_12_93748;n_106854-n_106855;p_184;#=ew_69_225368;prefix=72221-;[0]=ew_0_608749,R004M,PresentElder,142.889,142.789,https://labbcat.canterbury.ac.nz/maonze/transcript?ag_id=982#ew_0_608749,0.1,100,4.605170186,,
3036,ia,g_106;em_12_7306;n_37140-n_37141;p_41;#=ew_69_164036;prefix=14545-;[0]=ew_0_73148,K007M,PresentElder,173.342,173.242,https://labbcat.canterbury.ac.nz/maonze/transcript?ag_id=106#ew_0_73148,0.1,100,4.605170186,,
3081,ia,g_1079;em_12_99986;n_4698851-n_111157;p_208;#=ew_69_246212;prefix=92286-;[0]=ew_0_664063,WU07M,Historical,164.669,164.569,https://labbcat.canterbury.ac.nz/maonze/transcript?ag_id=1079#ew_0_664063,0.1,100,4.605170186,,
3162,ia,g_116;em_12_8386;n_37944-n_37945;p_43;#=ew_69_212031;prefix=59119-;[0]=ew_0_81242,MU02M,Historical,282.829,282.729,https://labbcat.canterbury.ac.nz/maonze/transcript?ag_id=116#ew_0_81242,0.1,100,4.605170186,,
3169,ia,g_116;em_12_8443;n_38001-n_38002;p_43;#=ew_69_212190;prefix=59265-;[0]=ew_0_81812,MU02M,Historical,504,503.9,https://labbcat.canterbury.ac.nz/maonze/transcript?ag_id=116#ew_0_81812,0.1,100,4.605170186,,
3274,ia,g_134;em_12_9159;n_38636-n_38637;p_284;#=ew_69_209775;prefix=57476-;[0]=ew_0_1114930,MU01M,Historical,427.745,427.645,https://labbcat.canterbury.ac.nz/maonze/transcript?ag_id=134#ew_0_1114930,0.1,100,4.605170186,,
3347,ia,g_15;em_12_1220;n_31848-n_31849;p_19;#=ew_69_151485;prefix=02168-;[0]=ew_0_10538,K002M,PresentElder,287.446,287.346,https://labbcat.canterbury.ac.nz/maonze/transcript?ag_id=15#ew_0_10538,0.1,100,4.605170186,,
3363,ia,g_1523;em_12_126120;n_130152-n_130153;p_287;#=ew_69_228299;prefix=75207-;[0]=ew_0_886989,R006M,PresentElder,148.943,148.843,https://labbcat.canterbury.ac.nz/maonze/transcript?ag_id=1523#ew_0_886989,0.1,100,4.605170186,,
3378,ia,g_1534;em_12_126638;n_130501-n_25459;p_200;#=ew_69_216123;prefix=63549-;[0]=ew_0_893084,MU08M,Historical,173.61,173.51,https://labbcat.canterbury.ac.nz/maonze/transcript?ag_id=1534#ew_0_893084,0.1,100,4.605170186,,
3400,ia,g_16;em_12_1290;n_31917-n_31918;p_19;#=ew_69_152357;prefix=02354-;[0]=ew_0_11283,K002M,PresentElder,314.959,314.859,https://labbcat.canterbury.ac.nz/maonze/transcript?ag_id=16#ew_0_11283,0.1,100,4.605170186,,
3477,ia,g_1643;em_12_133384;n_135588-n_135589;p_288;#=ew_69_196388;prefix=45243-;[0]=ew_0_944152,L2H03M,L2,186.241,186.141,https://labbcat.canterbury.ac.nz/maonze/transcript?ag_id=1643#ew_0_944152,0.1,100,4.605170186,,
3692,ia,g_19;em_12_1553;n_32173-n_32174;p_19;#=ew_69_152844;prefix=02998-;[0]=ew_0_13597,K002M,PresentElder,319.257,319.157,https://labbcat.canterbury.ac.nz/maonze/transcript?ag_id=19#ew_0_13597,0.1,100,4.605170186,,
3693,ia,g_19;em_12_1558;n_32178-n_32179;p_19;#=ew_69_152887;prefix=03015-;[0]=ew_0_13624,K002M,PresentElder,329.971,329.871,https://labbcat.canterbury.ac.nz/maonze/transcript?ag_id=19#ew_0_13624,0.1,100,4.605170186,,
3807,ia,g_20;em_12_1656;n_32275-n_32276;p_19;#=ew_69_153870;prefix=03713-;[0]=ew_0_14306,K002M,PresentElder,283.098,282.998,https://labbcat.canterbury.ac.nz/maonze/transcript?ag_id=20#ew_0_14306,0.1,100,4.605170186,,
3826,ia,g_22;em_12_1878;n_32495-n_32496;p_19;#=ew_69_153718;prefix=04263-;[0]=ew_0_16054,K002M,PresentElder,342.682,342.582,https://labbcat.canterbury.ac.nz/maonze/transcript?ag_id=22#ew_0_16054,0.1,100,4.605170186,,
4033,ia,g_445;em_12_169628;n_6943986-n_6943987;p_110;#=ew_69_156013;prefix=05666-;[0]=ew_0_1325288,K003M,PresentElder,294.512,294.412,https://labbcat.canterbury.ac.nz/maonze/transcript?ag_id=445#ew_0_1325288,0.1,100,4.605170186,,
4051,ia,g_446;em_12_46140;n_68632-n_68633;p_110;#=ew_69_156176;prefix=05947-;[0]=ew_0_287662,K003M,PresentElder,329.713,329.613,https://labbcat.canterbury.ac.nz/maonze/transcript?ag_id=446#ew_0_287662,0.1,100,4.605170186,,
4085,ia,g_451;em_12_161311;n_6123610-n_6123617;p_110;#=ew_69_156485;prefix=07232-;[0]=ew_0_1252790,K003M,PresentElder,246.776,246.676,https://labbcat.canterbury.ac.nz/maonze/transcript?ag_id=451#ew_0_1252790,0.1,100,4.605170186,,
4105,ia,g_453;em_12_46991;n_69361-n_69362;p_110;#=ew_69_157123;prefix=07523-;[0]=ew_0_1252172,K003M,PresentElder,306.492,306.392,https://labbcat.canterbury.ac.nz/maonze/transcript?ag_id=453#ew_0_1252172,0.1,100,4.605170186,,
4179,ia,g_484;em_12_49725;n_71545-n_71546;p_121;#=ew_69_169201;prefix=19020-;[0]=ew_0_311782,K009M,PresentElder,255.752,255.652,https://labbcat.canterbury.ac.nz/maonze/transcript?ag_id=484#ew_0_311782,0.1,100,4.605170186,,
4223,ia,g_5;em_12_202;n_30865-n_30866;p_28;#=ew_69_150992;prefix=01854-;[0]=ew_0_2375,K001M,PresentElder,211.729,211.629,https://labbcat.canterbury.ac.nz/maonze/transcript?ag_id=5#ew_0_2375,0.1,100,4.605170186,,
4248,ia,g_55;em_12_161985;n_6214585-n_6214586;p_32;#=ew_69_158995;prefix=08759-;[0]=ew_0_1260009,K004M,PresentElder,315.293,315.193,https://labbcat.canterbury.ac.nz/maonze/transcript?ag_id=55#ew_0_1260009,0.1,100,4.605170186,,
4259,ia,g_58;em_12_162154;n_6217272-n_6217273;p_32;#=ew_69_159828;prefix=09509-;[0]=ew_0_1263082,K004M,PresentElder,267.235,267.135,https://labbcat.canterbury.ac.nz/maonze/transcript?ag_id=58#ew_0_1263082,0.1,100,4.605170186,,
4270,ia,g_59;em_12_162219;n_6219116-n_6219117;p_32;#=ew_69_159546;prefix=09656-;[0]=ew_0_1263581,K004M,PresentElder,238.836,238.736,https://labbcat.canterbury.ac.nz/maonze/transcript?ag_id=59#ew_0_1263581,0.1,100,4.605170186,,
4423,ia,g_663;em_12_70427;n_89223-n_89224;p_148;#=ew_69_207732;prefix=55258-;[0]=ew_0_420888,L2Y05M,L2,298.966,298.866,https://labbcat.canterbury.ac.nz/maonze/transcript?ag_id=663#ew_0_420888,0.1,100,4.605170186,,
4433,ia,g_665;em_12_70501;n_4423627-n_89296;p_148;#=ew_69_207934;prefix=55625-;[0]=ew_0_422159,L2Y05M,L2,273.401,273.301,https://labbcat.canterbury.ac.nz/maonze/transcript?ag_id=665#ew_0_422159,0.1,100,4.605170186,,
4450,ia,g_669;em_12_70639;n_89421-n_89422;p_148;#=ew_69_208863;prefix=56306-;[0]=ew_0_424505,L2Y05M,L2,187.782,187.682,https://labbcat.canterbury.ac.nz/maonze/transcript?ag_id=669#ew_0_424505,0.1,100,4.605170186,,
4496,ia,g_848;em_12_85413;n_100430-n_100431;p_167;#=ew_69_170926;prefix=20705-;[0]=ew_0_540548,L1H01M,L1,190.609,190.509,https://labbcat.canterbury.ac.nz/maonze/transcript?ag_id=848#ew_0_540548,0.1,100,4.605170186,,
4510,ia,g_853;em_12_85746;n_100752-n_100753;p_167;#=ew_69_171632;prefix=21433-;[0]=ew_0_543444,L1H01M,L1,197.693,197.593,https://labbcat.canterbury.ac.nz/maonze/transcript?ag_id=853#ew_0_543444,0.1,100,4.605170186,,
4803,ia,g_960;em_12_92276;n_105860-n_6552885;p_183;#=ew_69_222511;prefix=69153-;[0]=ew_0_596901,R003M,PresentElder,206.872,206.772,https://labbcat.canterbury.ac.nz/maonze/transcript?ag_id=960#ew_0_596901,0.1,100,4.605170186,,
4825,ia,g_97;em_12_162869;n_6282144-n_6282149;p_41;#=ew_69_163519;prefix=12683-;[0]=ew_0_1268928,K007M,PresentElder,284.543,284.443,https://labbcat.canterbury.ac.nz/maonze/transcript?ag_id=97#ew_0_1268928,0.1,100,4.605170186,,
4911,ia,g_99;em_12_162783;n_6281992-n_6281998;p_41;#=ew_69_163713;prefix=13150-;[0]=ew_0_1271050,K007M,PresentElder,241.491,241.391,https://labbcat.canterbury.ac.nz/maonze/transcript?ag_id=99#ew_0_1271050,0.1,100,4.605170186,,
5037,oa,g_1036;em_12_96687;n_108975-n_108976;p_193;#=ew_69_235103;prefix=81211-;[0]=ew_0_639245,R010M,PresentElder,156.925,156.825,https://labbcat.canterbury.ac.nz/maonze/transcript?ag_id=1036#ew_0_639245,0.1,100,4.605170186,,
5039,oa,g_1036;em_12_96688;n_108976-n_108977;p_193;#=ew_69_235133;prefix=81219-;[0]=ew_0_639268,R010M,PresentElder,166.109,166.009,https://labbcat.canterbury.ac.nz/maonze/transcript?ag_id=1036#ew_0_639268,0.1,100,4.605170186,,
5049,oa,g_104;em_12_7232;n_37073-n_37074;p_41;#=ew_69_164659;prefix=14331-;[0]=ew_0_72180,K007M,PresentElder,238.193,238.093,https://labbcat.canterbury.ac.nz/maonze/transcript?ag_id=104#ew_0_72180,0.1,100,4.605170186,,
5108,oa,g_1080;em_12_100043;n_111202-n_111203;p_208;#=ew_69_246606;prefix=92375-;[0]=ew_0_664508,WU07M,Historical,199.86,199.76,https://labbcat.canterbury.ac.nz/maonze/transcript?ag_id=1080#ew_0_664508,0.1,100,4.605170186,,
5229,oa,g_13;em_12_1048;n_31683-n_31684;p_19;#=ew_69_152815;prefix=03483-;[0]=ew_0_9136,K002M,PresentElder,265.966,265.866,https://labbcat.canterbury.ac.nz/maonze/transcript?ag_id=13#ew_0_9136,0.1,100,4.605170186,,
5242,oa,g_134;em_12_9106;n_38583-n_38584;p_284;#=ew_69_209436;prefix=57346-;[0]=ew_0_88001,MU01M,Historical,137.461,137.361,https://labbcat.canterbury.ac.nz/maonze/transcript?ag_id=134#ew_0_88001,0.1,100,4.605170186,,
5392,oa,g_1620;em_12_131968;n_134416-n_134417;p_299;#=ew_69_191905;prefix=40931-;[0]=ew_0_934788,L2H01M,L2,280.824,280.724,https://labbcat.canterbury.ac.nz/maonze/transcript?ag_id=1620#ew_0_934788,0.1,100,4.605170186,,
5399,oa,g_1622;em_12_132099;n_134517-n_134518;p_299;#=ew_69_191734;prefix=41106-;[0]=ew_0_935585,L2H01M,L2,138.485,138.385,https://labbcat.canterbury.ac.nz/maonze/transcript?ag_id=1622#ew_0_935585,0.1,100,4.605170186,,
5587,oa,g_1842;em_12_149170;n_3849865-n_3849879;p_49;#=ew_69_205016;prefix=52734-;[0]=ew_0_1102770,L2Y03M,L2,328.232,328.132,https://labbcat.canterbury.ac.nz/maonze/transcript?ag_id=1842#ew_0_1102770,0.1,100,4.605170186,,
5634,oa,g_1887;em_12_155340;n_5263150-n_5263168;p_334;#=ew_69_237454;prefix=83713-;[0]=ew_0_1173901,R011M,PresentElder,271.336,271.236,https://labbcat.canterbury.ac.nz/maonze/transcript?ag_id=1887#ew_0_1173901,0.1,100,4.605170186,,
5647,oa,g_1895;em_12_155802;n_5270703-n_5270714;p_334;#=ew_69_238744;prefix=84428-;[0]=ew_0_1179974,R011M,PresentElder,164.33,164.23,https://labbcat.canterbury.ac.nz/maonze/transcript?ag_id=1895#ew_0_1179974,0.1,100,4.605170186,,
5735,oa,g_1911;em_12_156982;n_5288084-n_5288103;p_333;#=ew_69_240732;prefix=87095-;[0]=ew_0_1193700,R012M,PresentElder,268.327,268.227,https://labbcat.canterbury.ac.nz/maonze/transcript?ag_id=1911#ew_0_1193700,0.1,100,4.605170186,,
5771,oa,g_1943;em_12_165638;n_6846497-n_6846503;p_19;#=ew_69_152154;prefix=02731-;[0]=ew_0_1296256,K002M,PresentElder,299.49,299.39,https://labbcat.canterbury.ac.nz/maonze/transcript?ag_id=1943#ew_0_1296256,0.1,100,4.605170186,,
5793,oa,g_1947;em_12_166029;n_6850607-n_6850626;p_121;#=ew_69_168751;prefix=18300-;[0]=ew_0_1298915,K009M,PresentElder,185.8,185.7,https://labbcat.canterbury.ac.nz/maonze/transcript?ag_id=1947#ew_0_1298915,0.1,100,4.605170186,,
6105,oa,g_489;em_12_50289;n_71969-n_71970;p_122;#=ew_69_170131;prefix=19514-;[0]=ew_0_314519,K010M,PresentElder,186.497,186.397,https://labbcat.canterbury.ac.nz/maonze/transcript?ag_id=489#ew_0_314519,0.1,100,4.605170186,,
6275,oa,g_633;em_12_66289;n_10501-n_10502;p_143;#=ew_69_203139;prefix=51874-;[0]=ew_0_403069,L2Y02M,L2,227.848,227.748,https://labbcat.canterbury.ac.nz/maonze/transcript?ag_id=633#ew_0_403069,0.1,100,4.605170186,,
6681,ua,g_10;em_12_754;n_31401-n_31402;p_28;#=ew_69_150153;prefix=00647-;[0]=ew_0_6773,K001M,PresentElder,259.392,259.292,https://labbcat.canterbury.ac.nz/maonze/transcript?ag_id=10#ew_0_6773,0.1,100,4.605170186,,
6974,ua,g_1045;em_12_97444;n_109374-n_109375;p_193;#=ew_69_236448;prefix=82625-;[0]=ew_0_646020,R010M,PresentElder,138.859,138.759,https://labbcat.canterbury.ac.nz/maonze/transcript?ag_id=1045#ew_0_646020,0.1,100,4.605170186,,
7273,ua,g_117;em_12_8534;n_38091-n_38092;p_43;#=ew_69_211711;prefix=58818-;[0]=ew_0_82906,MU02M,Historical,295.084,294.984,https://labbcat.canterbury.ac.nz/maonze/transcript?ag_id=117#ew_0_82906,0.1,100,4.605170186,,
7344,ua,g_1232;em_12_110952;n_21231-n_119165;p_249;#=ew_69_179983;prefix=29681-;[0]=ew_0_740919,L1H06M,L1,148.086,147.986,https://labbcat.canterbury.ac.nz/maonze/transcript?ag_id=1232#ew_0_740919,0.1,100,4.605170186,,
7486,ua,g_1374;em_12_118370;n_123913-n_123914;p_284;#=ew_69_210423;prefix=58309-;[0]=ew_0_815651,MU01M,Historical,239.187,239.087,https://labbcat.canterbury.ac.nz/maonze/transcript?ag_id=1374#ew_0_815651,0.1,100,4.605170186,,
7592,ua,g_1517;em_12_125799;n_129878-n_129879;p_276;#=ew_69_242221;prefix=88015-;[0]=ew_0_883508,WU03M,Historical,178.49,178.39,https://labbcat.canterbury.ac.nz/maonze/transcript?ag_id=1517#ew_0_883508,0.1,100,4.605170186,,
7652,ua,g_1527;em_12_126278;n_130292-n_130293;p_287;#=ew_69_229151;prefix=75865-;[0]=ew_0_889400,R006M,PresentElder,147.145,147.045,https://labbcat.canterbury.ac.nz/maonze/transcript?ag_id=1527#ew_0_889400,0.1,100,4.605170186,,
7722,ua,g_16;em_12_1284;n_31911-n_31912;p_19;#=ew_69_152333;prefix=02330-;[0]=ew_0_1232847,K002M,PresentElder,279.79,279.69,https://labbcat.canterbury.ac.nz/maonze/transcript?ag_id=16#ew_0_1232847,0.1,100,4.605170186,,
7880,ua,g_1646;em_12_133528;n_135717-n_135718;p_300;#=ew_69_194073;prefix=42135-;[0]=ew_0_945307,L2H02M,L2,192.127,192.027,https://labbcat.canterbury.ac.nz/maonze/transcript?ag_id=1646#ew_0_945307,0.1,100,4.605170186,,
7896,ua,g_1648;em_12_133683;n_135835-n_27124;p_300;#=ew_69_193631;prefix=42402-;[0]=ew_0_946429,L2H02M,L2,146.187,146.087,https://labbcat.canterbury.ac.nz/maonze/transcript?ag_id=1648#ew_0_946429,0.1,100,4.605170186,,
8021,ua,g_1669;em_12_134967;n_136770-n_136771;p_302;#=ew_69_198607;prefix=46815-;[0]=ew_0_957090,L2H04M,L2,195.931,195.831,https://labbcat.canterbury.ac.nz/maonze/transcript?ag_id=1669#ew_0_957090,0.1,100,4.605170186,,
8278,ua,g_1896;em_12_155937;n_5272363-n_5272387;p_334;#=ew_69_238565;prefix=84563-;[0]=ew_0_1181371,R011M,PresentElder,325.041,324.941,https://labbcat.canterbury.ac.nz/maonze/transcript?ag_id=1896#ew_0_1181371,0.1,100,4.605170186,,
8284,ua,g_1897;em_12_155995;n_5274177-n_5274194;p_333;#=ew_69_238588;prefix=84713-;[0]=ew_0_1182512,R012M,PresentElder,142.782,142.682,https://labbcat.canterbury.ac.nz/maonze/transcript?ag_id=1897#ew_0_1182512,0.1,100,4.605170186,,
8310,ua,g_19;em_12_1568;n_32188-n_32189;p_19;#=ew_69_152943;prefix=03050-;[0]=ew_0_13713,K002M,PresentElder,375.024,374.924,https://labbcat.canterbury.ac.nz/maonze/transcript?ag_id=19#ew_0_13713,0.1,100,4.605170186,,
8354,ua,g_1905;em_12_156603;n_5282029-n_5282054;p_333;#=ew_69_239009;prefix=85935-;[0]=ew_0_1188660,R012M,PresentElder,185.609,185.509,https://labbcat.canterbury.ac.nz/maonze/transcript?ag_id=1905#ew_0_1188660,0.1,100,4.605170186,,
8379,ua,g_1909;em_12_156811;n_5285498-n_5285521;p_333;#=ew_69_240965;prefix=86617-;[0]=ew_0_1191779,R012M,PresentElder,138.895,138.795,https://labbcat.canterbury.ac.nz/maonze/transcript?ag_id=1909#ew_0_1191779,0.1,100,4.605170186,,
8478,ua,g_1944;em_12_165774;n_6847615-n_6847627;p_28;#=ew_69_150393;prefix=01267-;[0]=ew_0_1296805,K001M,PresentElder,313.476,313.376,https://labbcat.canterbury.ac.nz/maonze/transcript?ag_id=1944#ew_0_1296805,0.1,100,4.605170186,,
8492,ua,g_1945;em_12_165918;n_6848789-n_6848798;p_28;#=ew_69_151309;prefix=01688-;[0]=ew_0_1297936,K001M,PresentElder,294.543,294.443,https://labbcat.canterbury.ac.nz/maonze/transcript?ag_id=1945#ew_0_1297936,0.1,100,4.605170186,,
8549,ua,g_25;em_12_2168;n_32777-n_32778;p_19;#=ew_69_154228;prefix=04996-;[0]=ew_0_1325151,K002M,PresentElder,275.418,275.318,https://labbcat.canterbury.ac.nz/maonze/transcript?ag_id=25#ew_0_1325151,0.1,100,4.605170186,,
8550,ua,g_25;em_12_2186;n_32795-n_28932;p_19;#=ew_69_154284;prefix=05048-;[0]=ew_0_18498,K002M,PresentElder,344.267,344.167,https://labbcat.canterbury.ac.nz/maonze/transcript?ag_id=25#ew_0_18498,0.1,100,4.605170186,,
8964,ua,g_449;em_12_46450;n_68928-n_68929;p_110;#=ew_69_154702;prefix=06591-;[0]=ew_0_290151,K003M,PresentElder,270.117,270.017,https://labbcat.canterbury.ac.nz/maonze/transcript?ag_id=449#ew_0_290151,0.1,100,4.605170186,,
8969,ua,g_450;em_12_169830;n_6946215-n_6946216;p_110;#=ew_69_156817;prefix=06820-;[0]=ew_0_1327051,K003M,PresentElder,284.499,284.399,https://labbcat.canterbury.ac.nz/maonze/transcript?ag_id=450#ew_0_1327051,0.1,100,4.605170186,,
9173,ua,g_491;em_12_50639;n_72239-n_72240;p_122;#=ew_69_169794;prefix=19824-;[0]=ew_0_315992,K010M,PresentElder,216.241,216.141,https://labbcat.canterbury.ac.nz/maonze/transcript?ag_id=491#ew_0_315992,0.1,100,4.605170186,,
9174,ua,g_491;em_12_50669;n_72263-n_72264;p_122;#=ew_69_169853;prefix=19845-;[0]=ew_0_316117,K010M,PresentElder,278.418,278.318,https://labbcat.canterbury.ac.nz/maonze/transcript?ag_id=491#ew_0_316117,0.1,100,4.605170186,,
9219,ua,g_52;em_12_3747;n_34080-n_34081;p_32;#=ew_69_158037;prefix=08133-;[0]=ew_0_34565,K004M,PresentElder,174.764,174.664,https://labbcat.canterbury.ac.nz/maonze/transcript?ag_id=52#ew_0_34565,0.1,100,4.605170186,,
9225,ua,g_53;em_12_158355;n_5387999-n_5388003;p_32;#=ew_69_157977;prefix=08467-;[0]=ew_0_1207921,K004M,PresentElder,264.363,264.263,https://labbcat.canterbury.ac.nz/maonze/transcript?ag_id=53#ew_0_1207921,0.1,100,4.605170186,,
9240,ua,g_55;em_12_161963;n_6214575-n_6214576;p_32;#=ew_69_158911;prefix=08718-;[0]=ew_0_1259868,K004M,PresentElder,266.37,266.27,https://labbcat.canterbury.ac.nz/maonze/transcript?ag_id=55#ew_0_1259868,0.1,100,4.605170186,,
9247,ua,g_55;em_12_162009;n_6214551-n_6214552;p_32;#=ew_69_158699;prefix=08944-;[0]=ew_0_1260368,K004M,PresentElder,129.157,129.057,https://labbcat.canterbury.ac.nz/maonze/transcript?ag_id=55#ew_0_1260368,0.1,100,4.605170186,,
9268,ua,g_59;em_12_162199;n_6219102-n_6219103;p_32;#=ew_69_159485;prefix=09630-;[0]=ew_0_1263719,K004M,PresentElder,137.401,137.301,https://labbcat.canterbury.ac.nz/maonze/transcript?ag_id=59#ew_0_1263719,0.1,100,4.605170186,,
9354,ua,g_607;em_12_64543;n_84119-n_84120;p_140;#=ew_69_191200;prefix=40174-;[0]=ew_0_1249525,L1Y05M,L1,162.758,162.658,https://labbcat.canterbury.ac.nz/maonze/transcript?ag_id=607#ew_0_1249525,0.1,100,4.605170186,,
9371,ua,g_609;em_12_161095;n_6052305-n_6052310;p_142;#=ew_69_181596;prefix=30928-;[0]=ew_0_1243882,L1Y01M,L1,154.747,154.647,https://labbcat.canterbury.ac.nz/maonze/transcript?ag_id=609#ew_0_1243882,0.1,100,4.605170186,,
9408,ua,g_614;em_12_64889;n_84453-n_84454;p_142;#=ew_69_182120;prefix=31553-;[0]=ew_0_391049,L1Y01M,L1,154.354,154.254,https://labbcat.canterbury.ac.nz/maonze/transcript?ag_id=614#ew_0_391049,0.1,100,4.605170186,,
9499,ua,g_628;em_12_65576;n_10448-n_85079;p_143;#=ew_69_202794;prefix=50599-;[0]=ew_0_398182,L2Y02M,L2,295.459,295.359,https://labbcat.canterbury.ac.nz/maonze/transcript?ag_id=628#ew_0_398182,0.1,100,4.605170186,,
9574,ua,g_636;em_12_66573;n_85958-n_10564;p_145;#=ew_69_201545;prefix=49267-;[0]=ew_0_405286,L2Y01M,L2,243.062,242.962,https://labbcat.canterbury.ac.nz/maonze/transcript?ag_id=636#ew_0_405286,0.1,100,4.605170186,,
9587,ua,g_637;em_12_66684;n_86028-n_86029;p_145;#=ew_69_201240;prefix=49452-;[0]=ew_0_406184,L2Y01M,L2,324.731,324.631,https://labbcat.canterbury.ac.nz/maonze/transcript?ag_id=637#ew_0_406184,0.1,100,4.605170186,,
9925,ua,g_867;em_12_159597;n_5715677-n_5715686;p_168;#=ew_69_174682;prefix=23702-;[0]=ew_0_1221037,L1H02M,L1,186.407,186.307,https://labbcat.canterbury.ac.nz/maonze/transcript?ag_id=867#ew_0_1221037,0.1,100,4.605170186,,
9935,ua,g_867;em_12_86791;n_14839-n_14840;p_168;#=ew_69_174771;prefix=23654-;[0]=ew_0_551672,L1H02M,L1,257.384,257.284,https://labbcat.canterbury.ac.nz/maonze/transcript?ag_id=867#ew_0_551672,0.1,100,4.605170186,,
10074,ua,g_893;em_12_88419;n_102685-n_102686;p_174;#=ew_69_179595;prefix=28559-;[0]=ew_0_562857,L1H05M,L1,155.853,155.753,https://labbcat.canterbury.ac.nz/maonze/transcript?ag_id=893#ew_0_562857,0.1,100,4.605170186,,
10076,ua,g_893;em_12_88428;n_102692-n_102693;p_174;#=ew_69_179662;prefix=28599-;[0]=ew_0_563002,L1H05M,L1,212.193,212.093,https://labbcat.canterbury.ac.nz/maonze/transcript?ag_id=893#ew_0_563002,0.1,100,4.605170186,,
10134,ua,g_900;em_12_88788;n_103002-n_103003;p_173;#=ew_69_177749;prefix=27144-;[0]=ew_0_566756,L1H04M,L1,167.002,166.902,https://labbcat.canterbury.ac.nz/maonze/transcript?ag_id=900#ew_0_566756,0.1,100,4.605170186,,
10335,ua,g_938;em_12_91171;n_104945-n_104946;p_179;#=ew_69_218929;prefix=66162-;[0]=ew_0_585548,R001M,PresentElder,209.502,209.402,https://labbcat.canterbury.ac.nz/maonze/transcript?ag_id=938#ew_0_585548,0.1,100,4.605170186,,
10499,ua,g_963;em_12_92503;n_105999-n_106000;p_183;#=ew_69_222083;prefix=69667-;[0]=ew_0_598864,R003M,PresentElder,274.684,274.584,https://labbcat.canterbury.ac.nz/maonze/transcript?ag_id=963#ew_0_598864,0.1,100,4.605170186,,
10593,ua,g_98;em_12_162669;n_6281845-n_6281849;p_41;#=ew_69_162682;prefix=13014-;[0]=ew_0_1269499,K007M,PresentElder,262.202,262.102,https://labbcat.canterbury.ac.nz/maonze/transcript?ag_id=98#ew_0_1269499,0.1,100,4.605170186,,
138,ea,g_1039;em_12_96923;n_109125-n_109126;p_193;#=ew_69_235576;prefix=81765-;[0]=ew_0_641463,R010M,PresentElder,112.546,112.446,https://labbcat.canterbury.ac.nz/maonze/transcript?ag_id=1039#ew_0_641463,0.1,100,4.605170186,,
368,ea,g_1211;em_12_109738;n_118484-n_118485;p_244;#=ew_69_244918;prefix=90699-;[0]=ew_0_730419,WU04M,Historical,65.539,65.439,https://labbcat.canterbury.ac.nz/maonze/transcript?ag_id=1211#ew_0_730419,0.1,100,4.605170186,,
841,ea,g_1669;em_12_134948;n_27468-n_136756;p_302;#=ew_69_198471;prefix=46717-;[0]=ew_0_956766,L2H04M,L2,68.433,68.333,https://labbcat.canterbury.ac.nz/maonze/transcript?ag_id=1669#ew_0_956766,0.1,100,4.605170186,,
916,ea,g_1684;em_12_135830;n_27696-n_27697;p_307;#=ew_69_199305;prefix=47584-;[0]=ew_0_964204,L2H05M,L2,109.435,109.335,https://labbcat.canterbury.ac.nz/maonze/transcript?ag_id=1684#ew_0_964204,0.1,100,4.605170186,,
920,ea,g_1688;em_12_136056;n_137527-n_137528;p_307;#=ew_69_199851;prefix=48035-;[0]=ew_0_965779,L2H05M,L2,100.721,100.621,https://labbcat.canterbury.ac.nz/maonze/transcript?ag_id=1688#ew_0_965779,0.1,100,4.605170186,,
1097,ea,g_1904;em_12_156514;n_5280619-n_5280634;p_333;#=ew_69_239563;prefix=85755-;[0]=ew_0_1187519,R012M,PresentElder,87.659,87.559,https://labbcat.canterbury.ac.nz/maonze/transcript?ag_id=1904#ew_0_1187519,0.1,100,4.605170186,,
1160,ea,g_1942;em_12_165519;n_6841953-n_6841973;p_41;#=ew_69_164847;prefix=14928-;[0]=ew_0_1295041,K007M,PresentElder,109.763,109.663,https://labbcat.canterbury.ac.nz/maonze/transcript?ag_id=1942#ew_0_1295041,0.1,100,4.605170186,,
1891,ea,g_604;em_12_64321;n_83914-n_83915;p_140;#=ew_69_191273;prefix=39619-;[0]=ew_0_385385,L1Y05M,L1,123.748,123.648,https://labbcat.canterbury.ac.nz/maonze/transcript?ag_id=604#ew_0_385385,0.1,100,4.605170186,,
2014,ea,g_630;em_12_65814;n_85292-n_85293;p_143;#=ew_69_203563;prefix=50926-;[0]=ew_0_399465,L2Y02M,L2,80.801,80.701,https://labbcat.canterbury.ac.nz/maonze/transcript?ag_id=630#ew_0_399465,0.1,100,4.605170186,,
2349,ea,g_868;em_12_86843;n_101614-n_101615;p_168;#=ew_69_174103;prefix=23778-;[0]=ew_0_552029,L1H02M,L1,99.885,99.785,https://labbcat.canterbury.ac.nz/maonze/transcript?ag_id=868#ew_0_552029,0.1,100,4.605170186,,
2401,ea,g_891;em_12_88308;n_102586-n_102587;p_174;#=ew_69_178901;prefix=28831-;[0]=ew_0_561599,L1H05M,L1,70.837,70.737,https://labbcat.canterbury.ac.nz/maonze/transcript?ag_id=891#ew_0_561599,0.1,100,4.605170186,,
2565,ea,g_940;em_12_91299;n_105051-n_105052;p_179;#=ew_69_219253;prefix=66450-;[0]=ew_0_586563,R001M,PresentElder,114.673,114.573,https://labbcat.canterbury.ac.nz/maonze/transcript?ag_id=940#ew_0_586563,0.1,100,4.605170186,,
3037,ia,g_107;em_12_163092;n_6288579-n_6288582;p_41;#=ew_69_164151;prefix=14841-;[0]=ew_0_1271586,K007M,PresentElder,84.221,84.121,https://labbcat.canterbury.ac.nz/maonze/transcript?ag_id=107#ew_0_1271586,0.1,100,4.605170186,,
3187,ia,g_1199;em_12_108518;n_117325-n_117326;p_244;#=ew_69_243198;prefix=88871-;[0]=ew_0_723626,WU04M,Historical,69.388,69.288,https://labbcat.canterbury.ac.nz/maonze/transcript?ag_id=1199#ew_0_723626,0.1,100,4.605170186,,
3199,ia,g_1200;em_12_108631;n_117435-n_117436;p_244;#=ew_69_242911;prefix=89056-;[0]=ew_0_724242,WU04M,Historical,70.554,70.454,https://labbcat.canterbury.ac.nz/maonze/transcript?ag_id=1200#ew_0_724242,0.1,100,4.605170186,,
3204,ia,g_1201;em_12_108738;n_117541-n_117542;p_244;#=ew_69_243231;prefix=89243-;[0]=ew_0_724762,WU04M,Historical,70.7,70.6,https://labbcat.canterbury.ac.nz/maonze/transcript?ag_id=1201#ew_0_724762,0.1,100,4.605170186,,
3293,ia,g_1383;em_12_118876;n_124376-n_124377;p_262;#=ew_69_248318;prefix=93938-;[0]=ew_0_820081,WU08M,Historical,77.671,77.571,https://labbcat.canterbury.ac.nz/maonze/transcript?ag_id=1383#ew_0_820081,0.1,100,4.605170186,,
3497,ia,g_1653;em_12_134123;n_136144-n_136145;p_300;#=ew_69_194704;prefix=43069-;[0]=ew_0_948981,L2H02M,L2,77.328,77.228,https://labbcat.canterbury.ac.nz/maonze/transcript?ag_id=1653#ew_0_948981,0.1,100,4.605170186,,
3508,ia,g_1658;em_12_134466;n_136387-n_136388;p_300;#=ew_69_195072;prefix=43640-;[0]=ew_0_951449,L2H02M,L2,65.545,65.445,https://labbcat.canterbury.ac.nz/maonze/transcript?ag_id=1658#ew_0_951449,0.1,100,4.605170186,,
3581,ia,g_1752;em_12_140035;n_140693-n_140694;p_318;#=ew_69_231727;prefix=78254-;[0]=ew_0_1003642,R008M,PresentElder,84.769,84.669,https://labbcat.canterbury.ac.nz/maonze/transcript?ag_id=1752#ew_0_1003642,0.1,100,4.605170186,,
3982,ia,g_374;em_12_150173;n_60539-n_4459269;p_92;#=ew_69_213494;prefix=61363-;[0]=ew_0_1117211,MU04M,Historical,112.917,112.817,https://labbcat.canterbury.ac.nz/maonze/transcript?ag_id=374#ew_0_1117211,0.1,100,4.605170186,,
4176,ia,g_484;em_12_49702;n_71522-n_71523;p_121;#=ew_69_169013;prefix=18930-;[0]=ew_0_311444,K009M,PresentElder,127.48,127.38,https://labbcat.canterbury.ac.nz/maonze/transcript?ag_id=484#ew_0_311444,0.1,100,4.605170186,,
4184,ia,g_487;em_12_49900;n_71709-n_71710;p_122;#=ew_69_169399;prefix=19280-;[0]=ew_0_313077,K010M,PresentElder,125.807,125.707,https://labbcat.canterbury.ac.nz/maonze/transcript?ag_id=487#ew_0_313077,0.1,100,4.605170186,,
4318,ia,g_609;em_12_161093;n_6052260-n_6052265;p_142;#=ew_69_181572;prefix=30905-;[0]=ew_0_1244495,L1Y01M,L1,126.171,126.071,https://labbcat.canterbury.ac.nz/maonze/transcript?ag_id=609#ew_0_1244495,0.1,100,4.605170186,,
4390,ia,g_636;em_12_66526;n_85921-n_85922;p_145;#=ew_69_201340;prefix=49155-;[0]=ew_0_404922,L2Y01M,L2,80.4,80.3,https://labbcat.canterbury.ac.nz/maonze/transcript?ag_id=636#ew_0_404922,0.1,100,4.605170186,,
4530,ia,g_859;em_12_86202;n_101176-n_101177;p_167;#=ew_69_172531;prefix=22353-;[0]=ew_0_546832,L1H01M,L1,92.465,92.365,https://labbcat.canterbury.ac.nz/maonze/transcript?ag_id=859#ew_0_546832,0.1,100,4.605170186,,
4551,ia,g_864;em_12_86501;n_101378-n_101379;p_168;#=ew_69_173700;prefix=23050-;[0]=ew_0_549314,L1H02M,L1,92.153,92.053,https://labbcat.canterbury.ac.nz/maonze/transcript?ag_id=864#ew_0_549314,0.1,100,4.605170186,,
4654,ia,g_899;em_12_88720;n_102942-n_102943;p_173;#=ew_69_177605;prefix=27233-;[0]=ew_0_566292,L1H04M,L1,100.016,99.916,https://labbcat.canterbury.ac.nz/maonze/transcript?ag_id=899#ew_0_566292,0.1,100,4.605170186,,
4704,ia,g_927;em_12_90320;n_104139-n_104140;p_179;#=ew_69_217241;prefix=64695-;[0]=ew_0_580375,R001M,PresentElder,104.54,104.44,https://labbcat.canterbury.ac.nz/maonze/transcript?ag_id=927#ew_0_580375,0.1,100,4.605170186,,
4861,ia,g_979;em_12_93572;n_106731-n_106732;p_184;#=ew_69_224954;prefix=71875-;[0]=ew_0_607135,R004M,PresentElder,84.159,84.059,https://labbcat.canterbury.ac.nz/maonze/transcript?ag_id=979#ew_0_607135,0.1,100,4.605170186,,
4984,oa,g_1024;em_12_96154;n_108603-n_108604;p_190;#=ew_69_233146;prefix=79136-;[0]=ew_0_631408,R009M,PresentElder,124.736,124.636,https://labbcat.canterbury.ac.nz/maonze/transcript?ag_id=1024#ew_0_631408,0.1,100,4.605170186,,
5112,oa,g_1082;em_12_100144;n_111282-n_111283;p_208;#=ew_69_247034;prefix=92651-;[0]=ew_0_665494,WU07M,Historical,98.417,98.317,https://labbcat.canterbury.ac.nz/maonze/transcript?ag_id=1082#ew_0_665494,0.1,100,4.605170186,,
5269,oa,g_1387;em_12_119010;n_124496-n_124497;p_262;#=ew_69_248763;prefix=94432-;[0]=ew_0_821981,WU08M,Historical,110.739,110.639,https://labbcat.canterbury.ac.nz/maonze/transcript?ag_id=1387#ew_0_821981,0.1,100,4.605170186,,
5351,oa,g_1526;em_12_126235;n_130252-n_130253;p_287;#=ew_69_228956;prefix=75681-;[0]=ew_0_888701,R006M,PresentElder,122.299,122.199,https://labbcat.canterbury.ac.nz/maonze/transcript?ag_id=1526#ew_0_888701,0.1,100,4.605170186,,
5461,oa,g_1655;em_12_134294;n_136268-n_136269;p_300;#=ew_69_194390;prefix=43351-;[0]=ew_0_950091,L2H02M,L2,118.406,118.306,https://labbcat.canterbury.ac.nz/maonze/transcript?ag_id=1655#ew_0_950091,0.1,100,4.605170186,,
5703,oa,g_1906;em_12_156665;n_5282814-n_5282838;p_333;#=ew_69_239092;prefix=85965-;[0]=ew_0_1189658,R012M,PresentElder,81.34,81.24,https://labbcat.canterbury.ac.nz/maonze/transcript?ag_id=1906#ew_0_1189658,0.1,100,4.605170186,,
6111,oa,g_492;em_12_50723;n_72306-n_72307;p_122;#=ew_69_169911;prefix=19884-;[0]=ew_0_316379,K010M,PresentElder,66.736,66.636,https://labbcat.canterbury.ac.nz/maonze/transcript?ag_id=492#ew_0_316379,0.1,100,4.605170186,,
6171,oa,g_598;em_12_63944;n_83543-n_83544;p_140;#=ew_69_189496;prefix=38477-;[0]=ew_0_381317,L1Y05M,L1,82.433,82.333,https://labbcat.canterbury.ac.nz/maonze/transcript?ag_id=598#ew_0_381317,0.1,100,4.605170186,,
6678,ua,g_10;em_12_713;n_31360-n_31361;p_28;#=ew_69_149906;prefix=00540-;[0]=ew_0_6390,K001M,PresentElder,121.382,121.282,https://labbcat.canterbury.ac.nz/maonze/transcript?ag_id=10#ew_0_6390,0.1,100,4.605170186,,
6743,ua,g_1013;em_12_95625;n_108437-n_108438;p_188;#=ew_69_229871;prefix=76791-;[0]=ew_0_626433,R007M,PresentElder,117.686,117.586,https://labbcat.canterbury.ac.nz/maonze/transcript?ag_id=1013#ew_0_626433,0.1,100,4.605170186,,
6859,ua,g_1033;em_12_96550;n_108866-n_108867;p_190;#=ew_69_233647;prefix=80526-;[0]=ew_0_637135,R009M,PresentElder,90.394,90.294,https://labbcat.canterbury.ac.nz/maonze/transcript?ag_id=1033#ew_0_637135,0.1,100,4.605170186,,
6884,ua,g_1035;em_12_96630;n_108928-n_108929;p_190;#=ew_69_234544;prefix=80900-;[0]=ew_0_638413,R009M,PresentElder,70.608,70.508,https://labbcat.canterbury.ac.nz/maonze/transcript?ag_id=1035#ew_0_638413,0.1,100,4.605170186,,
7292,ua,g_1200;em_12_108638;n_117442-n_117443;p_244;#=ew_69_242933;prefix=89067-;[0]=ew_0_724269,WU04M,Historical,86.114,86.014,https://labbcat.canterbury.ac.nz/maonze/transcript?ag_id=1200#ew_0_724269,0.1,100,4.605170186,,
7349,ua,g_1233;em_12_110998;n_21271-n_5824550;p_249;#=ew_69_180744;prefix=29754-;[0]=ew_0_741278,L1H06M,L1,83.135,83.035,https://labbcat.canterbury.ac.nz/maonze/transcript?ag_id=1233#ew_0_741278,0.1,100,4.605170186,,
7384,ua,g_1241;em_12_111568;n_21787-n_21788;p_249;#=ew_69_181057;prefix=30552-;[0]=ew_0_1228450,L1H06M,L1,124.039,123.939,https://labbcat.canterbury.ac.nz/maonze/transcript?ag_id=1241#ew_0_1228450,0.1,100,4.605170186,,
7431,ua,g_134;em_12_9093;n_38570-n_38571;p_284;#=ew_69_209333;prefix=57300-;[0]=ew_0_87878,MU01M,Historical,73.76,73.66,https://labbcat.canterbury.ac.nz/maonze/transcript?ag_id=134#ew_0_87878,0.1,100,4.605170186,,
7495,ua,g_138;em_12_9625;n_39097-n_39098;p_284;#=ew_69_209987;prefix=57755-;[0]=ew_0_92747,MU01M,Historical,80.534,80.434,https://labbcat.canterbury.ac.nz/maonze/transcript?ag_id=138#ew_0_92747,0.1,100,4.605170186,,
7515,ua,g_1389;em_12_119079;n_124556-n_124557;p_262;#=ew_69_249117;prefix=94706-;[0]=ew_0_822963,WU08M,Historical,88.248,88.148,https://labbcat.canterbury.ac.nz/maonze/transcript?ag_id=1389#ew_0_822963,0.1,100,4.605170186,,
7958,ua,g_1660;em_12_134567;n_136441-n_27402;p_302;#=ew_69_196984;prefix=45489-;[0]=ew_0_952295,L2H04M,L2,126.528,126.428,https://labbcat.canterbury.ac.nz/maonze/transcript?ag_id=1660#ew_0_952295,0.1,100,4.605170186,,
8262,ua,g_1890;em_12_155522;n_5265744-n_5265761;p_334;#=ew_69_237509;prefix=84042-;[0]=ew_0_1176082,R011M,PresentElder,126.971,126.871,https://labbcat.canterbury.ac.nz/maonze/transcript?ag_id=1890#ew_0_1176082,0.1,100,4.605170186,,
8552,ua,g_27;em_12_2224;n_32831-n_32832;p_19;#=ew_69_154798;prefix=05146-;[0]=ew_0_18809,K002M,PresentElder,95.084,94.984,https://labbcat.canterbury.ac.nz/maonze/transcript?ag_id=27#ew_0_18809,0.1,100,4.605170186,,
8555,ua,g_27;em_12_2228;n_32835-n_32836;p_19;#=ew_69_154811;prefix=05159-;[0]=ew_0_18862,K002M,PresentElder,120.349,120.249,https://labbcat.canterbury.ac.nz/maonze/transcript?ag_id=27#ew_0_18862,0.1,100,4.605170186,,
8765,ua,g_340;em_12_33467;n_57685-n_57686;p_85;#=ew_69_185704;prefix=34829-;[0]=ew_0_1242427,L1Y02M,L1,111.754,111.654,https://labbcat.canterbury.ac.nz/maonze/transcript?ag_id=340#ew_0_1242427,0.1,100,4.605170186,,
8770,ua,g_341;em_12_33496;n_57709-n_57710;p_85;#=ew_69_184453;prefix=33766-;[0]=ew_0_224255,L1Y02M,L1,113.049,112.949,https://labbcat.canterbury.ac.nz/maonze/transcript?ag_id=341#ew_0_224255,0.1,100,4.605170186,,
8780,ua,g_343;em_12_33553;n_57754-n_57755;p_85;#=ew_69_185339;prefix=34561-;[0]=ew_0_1243647,L1Y02M,L1,92.364,92.264,https://labbcat.canterbury.ac.nz/maonze/transcript?ag_id=343#ew_0_1243647,0.1,100,4.605170186,,
8819,ua,g_352;em_12_33951;n_58073-n_58074;p_87;#=ew_69_210945;prefix=59712-;[0]=ew_0_1113032,MU03M,Historical,111.2,111.1,https://labbcat.canterbury.ac.nz/maonze/transcript?ag_id=352#ew_0_1113032,0.1,100,4.605170186,,
8875,ua,g_374;em_12_36730;n_60538-n_60539;p_92;#=ew_69_213489;prefix=61359-;[0]=ew_0_1117141,MU04M,Historical,110.638,110.538,https://labbcat.canterbury.ac.nz/maonze/transcript?ag_id=374#ew_0_1117141,0.1,100,4.605170186,,
8907,ua,g_385;em_12_38935;n_62731-n_62733;p_95;#=ew_69_215129;prefix=62542-;[0]=ew_0_247806,MU06M,Historical,91.924,91.824,https://labbcat.canterbury.ac.nz/maonze/transcript?ag_id=385#ew_0_247806,0.1,100,4.605170186,,
9101,ua,g_480;em_12_49307;n_71205-n_71206;p_121;#=ew_69_168496;prefix=18150-;[0]=ew_0_308796,K009M,PresentElder,110.977,110.877,https://labbcat.canterbury.ac.nz/maonze/transcript?ag_id=480#ew_0_308796,0.1,100,4.605170186,,
9146,ua,g_487;em_12_49897;n_71706-n_71707;p_122;#=ew_69_169390;prefix=19276-;[0]=ew_0_313067,K010M,PresentElder,120.12,120.02,https://labbcat.canterbury.ac.nz/maonze/transcript?ag_id=487#ew_0_313067,0.1,100,4.605170186,,
9147,ua,g_487;em_12_49898;n_71707-n_71708;p_122;#=ew_69_169393;prefix=19278-;[0]=ew_0_313072,K010M,PresentElder,122.406,122.306,https://labbcat.canterbury.ac.nz/maonze/transcript?ag_id=487#ew_0_313072,0.1,100,4.605170186,,
9186,ua,g_493;em_12_50876;n_72416-n_72417;p_122;#=ew_69_169574;prefix=20042-;[0]=ew_0_317110,K010M,PresentElder,85.394,85.294,https://labbcat.canterbury.ac.nz/maonze/transcript?ag_id=493#ew_0_317110,0.1,100,4.605170186,,
9197,ua,g_5;em_12_149655;n_3957690-n_3957692;p_28;#=ew_69_150872;prefix=01741-;[0]=ew_0_1110700,K001M,PresentElder,68.429,68.329,https://labbcat.canterbury.ac.nz/maonze/transcript?ag_id=5#ew_0_1110700,0.1,100,4.605170186,,
9397,ua,g_613;em_12_64830;n_84395-n_84396;p_142;#=ew_69_181779;prefix=31408-;[0]=ew_0_1244043,L1Y01M,L1,120.664,120.564,https://labbcat.canterbury.ac.nz/maonze/transcript?ag_id=613#ew_0_1244043,0.1,100,4.605170186,,
9426,ua,g_618;em_12_65048;n_84606-n_84607;p_142;#=ew_69_182826;prefix=31989-;[0]=ew_0_392845,L1Y01M,L1,113.269,113.169,https://labbcat.canterbury.ac.nz/maonze/transcript?ag_id=618#ew_0_392845,0.1,100,4.605170186,,
9505,ua,g_629;em_12_171115;n_7007073-n_7007074;p_143;#=ew_69_202737;prefix=50799-;[0]=ew_0_1339747,L2Y02M,L2,88.569,88.469,https://labbcat.canterbury.ac.nz/maonze/transcript?ag_id=629#ew_0_1339747,0.1,100,4.605170186,,
9680,ua,g_664;em_12_70447;n_89242-n_89243;p_148;#=ew_69_207257;prefix=55356-;[0]=ew_0_421212,L2Y05M,L2,106.456,106.356,https://labbcat.canterbury.ac.nz/maonze/transcript?ag_id=664#ew_0_421212,0.1,100,4.605170186,,
9704,ua,g_666;em_12_70520;n_89313-n_89314;p_148;#=ew_69_207581;prefix=55708-;[0]=ew_0_422435,L2Y05M,L2,128.056,127.956,https://labbcat.canterbury.ac.nz/maonze/transcript?ag_id=666#ew_0_422435,0.1,100,4.605170186,,
9812,ua,g_848;em_12_85383;n_100400-n_100401;p_167;#=ew_69_170828;prefix=20658-;[0]=ew_0_540329,L1H01M,L1,85.843,85.743,https://labbcat.canterbury.ac.nz/maonze/transcript?ag_id=848#ew_0_540329,0.1,100,4.605170186,,
9908,ua,g_864;em_12_86503;n_101380-n_101381;p_168;#=ew_69_173708;prefix=23058-;[0]=ew_0_549331,L1H02M,L1,98.171,98.071,https://labbcat.canterbury.ac.nz/maonze/transcript?ag_id=864#ew_0_549331,0.1,100,4.605170186,,
9972,ua,g_871;em_12_87107;n_101781-n_101782;p_168;#=ew_69_173889;prefix=24259-;[0]=ew_0_553917,L1H02M,L1,87.075,86.975,https://labbcat.canterbury.ac.nz/maonze/transcript?ag_id=871#ew_0_553917,0.1,100,4.605170186,,
10175,ua,g_907;em_12_89151;n_15508-n_103248;p_173;#=ew_69_177354;prefix=26563-;[0]=ew_0_570157,L1H04M,L1,84.686,84.586,https://labbcat.canterbury.ac.nz/maonze/transcript?ag_id=907#ew_0_570157,0.1,100,4.605170186,,
10199,ua,g_909;em_12_89235;n_103273-n_103274;p_173;#=ew_69_176292;prefix=26327-;[0]=ew_0_571216,L1H04M,L1,104.45,104.35,https://labbcat.canterbury.ac.nz/maonze/transcript?ag_id=909#ew_0_571216,0.1,100,4.605170186,,
10208,ua,g_910;em_12_89274;n_15587-n_103292;p_173;#=ew_69_176190;prefix=26228-;[0]=ew_0_571762,L1H04M,L1,116.891,116.791,https://labbcat.canterbury.ac.nz/maonze/transcript?ag_id=910#ew_0_571762,0.1,100,4.605170186,,
10305,ua,g_935;em_12_90849;n_104649-n_104650;p_179;#=ew_69_218313;prefix=65495-;[0]=ew_0_583239,R001M,PresentElder,64.739,64.639,https://labbcat.canterbury.ac.nz/maonze/transcript?ag_id=935#ew_0_583239,0.1,100,4.605170186,,
10308,ua,g_935;em_12_90868;n_104668-n_104669;p_179;#=ew_69_218398;prefix=65532-;[0]=ew_0_583362,R001M,PresentElder,111.876,111.776,https://labbcat.canterbury.ac.nz/maonze/transcript?ag_id=935#ew_0_583362,0.1,100,4.605170186,,
10309,ua,g_935;em_12_90869;n_104669-n_104670;p_179;#=ew_69_218404;prefix=65534-;[0]=ew_0_583367,R001M,PresentElder,113.736,113.636,https://labbcat.canterbury.ac.nz/maonze/transcript?ag_id=935#ew_0_583367,0.1,100,4.605170186,,
10409,ua,g_948;em_12_91686;n_105359-n_6521719;p_181;#=ew_69_219992;prefix=67433-;[0]=ew_0_590036,R002M,PresentElder,115.552,115.452,https://labbcat.canterbury.ac.nz/maonze/transcript?ag_id=948#ew_0_590036,0.1,100,4.605170186,,
10445,ua,g_955;em_12_92006;n_6536253-n_105627;p_181;#=ew_69_221249;prefix=68258-;[0]=ew_0_594274,R002M,PresentElder,78.84,78.74,https://labbcat.canterbury.ac.nz/maonze/transcript?ag_id=955#ew_0_594274,0.1,100,4.605170186,,
10446,ua,g_955;em_12_92006;n_6536253-n_105627;p_181;#=ew_69_221255;prefix=68261-;[0]=ew_0_594286,R002M,PresentElder,82.65,82.55,https://labbcat.canterbury.ac.nz/maonze/transcript?ag_id=955#ew_0_594286,0.1,100,4.605170186,,
10505,ua,g_964;em_12_92533;n_106019-n_106020;p_183;#=ew_69_223065;prefix=69742-;[0]=ew_0_599160,R003M,PresentElder,103.683,103.583,https://labbcat.canterbury.ac.nz/maonze/transcript?ag_id=964#ew_0_599160,0.1,100,4.605170186,,
10679,ua,g_990;em_12_94065;n_107120-n_107121;p_182;#=ew_69_226889;prefix=73457-;[0]=ew_0_612384,R005M,PresentElder,114.647,114.547,https://labbcat.canterbury.ac.nz/maonze/transcript?ag_id=990#ew_0_612384,0.1,100,4.605170186,,
10684,ua,g_991;em_12_94105;n_107152-n_107153;p_182;#=ew_69_226683;prefix=73600-;[0]=ew_0_612897,R005M,PresentElder,102.751,102.651,https://labbcat.canterbury.ac.nz/maonze/transcript?ag_id=991#ew_0_612897,0.1,100,4.605170186,,
60,ea,g_102;em_12_163035;n_6285914-n_6285921;p_41;#=ew_69_163316;prefix=13743-;[0]=ew_0_1274511,K007M,PresentElder,60.707,60.607,https://labbcat.canterbury.ac.nz/maonze/transcript?ag_id=102#ew_0_1274511,0.1,100,4.605170186,,
385,ea,g_1227;em_12_110649;n_20967-n_119126;p_249;#=ew_69_180073;prefix=29131-;[0]=ew_0_738160,L1H06M,L1,4.41,4.31,https://labbcat.canterbury.ac.nz/maonze/transcript?ag_id=1227#ew_0_738160,0.1,100,4.605170186,,
530,ea,g_14;em_12_1090;n_31724-n_31725;p_19;#=ew_69_151715;prefix=03111-;[0]=ew_0_9414,K002M,PresentElder,62.729,62.629,https://labbcat.canterbury.ac.nz/maonze/transcript?ag_id=14#ew_0_9414,0.1,100,4.605170186,,
531,ea,g_14;em_12_1091;n_31725-n_31726;p_19;#=ew_69_151717;prefix=03113-;[0]=ew_0_9418,K002M,PresentElder,63.936,63.836,https://labbcat.canterbury.ac.nz/maonze/transcript?ag_id=14#ew_0_9418,0.1,100,4.605170186,,
627,ea,g_1544;em_12_127172;n_25744-n_130748;p_291;#=ew_69_216539;prefix=63841-;[0]=ew_0_898174,MU09M,Historical,24.312,24.212,https://labbcat.canterbury.ac.nz/maonze/transcript?ag_id=1544#ew_0_898174,0.1,100,4.605170186,,
730,ea,g_1647;em_12_133574;n_135755-n_135756;p_300;#=ew_69_193321;prefix=42210-;[0]=ew_0_945636,L2H02M,L2,55.196,55.096,https://labbcat.canterbury.ac.nz/maonze/transcript?ag_id=1647#ew_0_945636,0.1,100,4.605170186,,
772,ea,g_1655;em_12_134270;n_136248-n_136249;p_300;#=ew_69_194273;prefix=43303-;[0]=ew_0_949895,L2H02M,L2,30.951,30.851,https://labbcat.canterbury.ac.nz/maonze/transcript?ag_id=1655#ew_0_949895,0.1,100,4.605170186,,
968,ea,g_1843;em_12_149172;n_3849883-n_3849904;p_49;#=ew_69_204318;prefix=52739-;[0]=ew_0_1102789,L2Y03M,L2,8.255,8.155,https://labbcat.canterbury.ac.nz/maonze/transcript?ag_id=1843#ew_0_1102789,0.1,100,4.605170186,,
1010,ea,g_1848;em_12_149460;n_3853895-n_3853917;p_49;#=ew_69_205447;prefix=53417-;[0]=ew_0_1106226,L2Y03M,L2,62.661,62.561,https://labbcat.canterbury.ac.nz/maonze/transcript?ag_id=1848#ew_0_1106226,0.1,100,4.605170186,,
1107,ea,g_1907;em_12_156724;n_5283625-n_5283638;p_333;#=ew_69_239800;prefix=86214-;[0]=ew_0_1190399,R012M,PresentElder,38.942,38.842,https://labbcat.canterbury.ac.nz/maonze/transcript?ag_id=1907#ew_0_1190399,0.1,100,4.605170186,,
1196,ea,g_1945;em_12_165914;n_6847942-n_6847951;p_28;#=ew_69_151130;prefix=01530-;[0]=ew_0_1297809,K001M,PresentElder,60.926,60.826,https://labbcat.canterbury.ac.nz/maonze/transcript?ag_id=1945#ew_0_1297809,0.1,100,4.605170186,,
1314,ea,g_305;em_12_29730;n_6240852-n_54576;p_81;#=ew_69_186524;prefix=35015-;[0]=ew_0_1265461,L1Y03M,L1,41.295,41.195,https://labbcat.canterbury.ac.nz/maonze/transcript?ag_id=305#ew_0_1265461,0.1,100,4.605170186,,
1382,ea,g_320;em_12_148623;n_3841480-n_3841505;p_89;#=ew_69_188180;prefix=37217-;[0]=ew_0_1095123,L1Y04M,L1,6.73,6.63,https://labbcat.canterbury.ac.nz/maonze/transcript?ag_id=320#ew_0_1095123,0.1,100,4.605170186,,
1411,ea,g_324;em_12_32452;n_56876-n_3841434;p_89;#=ew_69_188408;prefix=37789-;[0]=ew_0_217409,L1Y04M,L1,62.513,62.413,https://labbcat.canterbury.ac.nz/maonze/transcript?ag_id=324#ew_0_217409,0.1,100,4.605170186,,
1493,ea,g_344;em_12_33575;n_57773-n_57774;p_85;#=ew_69_184007;prefix=33433-;[0]=ew_0_1241668,L1Y02M,L1,44.252,44.152,https://labbcat.canterbury.ac.nz/maonze/transcript?ag_id=344#ew_0_1241668,0.1,100,4.605170186,,
1865,ea,g_59;em_12_162235;n_6219089-n_6219090;p_32;#=ew_69_159415;prefix=09735-;[0]=ew_0_1263426,K004M,PresentElder,43.274,43.174,https://labbcat.canterbury.ac.nz/maonze/transcript?ag_id=59#ew_0_1263426,0.1,100,4.605170186,,
1887,ea,g_603;em_12_64252;n_83846-n_83847;p_140;#=ew_69_190599;prefix=39338-;[0]=ew_0_384495,L1Y05M,L1,55.711,55.611,https://labbcat.canterbury.ac.nz/maonze/transcript?ag_id=603#ew_0_384495,0.1,100,4.605170186,,
1970,ea,g_621;em_12_65151;n_84698-n_84699;p_142;#=ew_69_183009;prefix=32275-;[0]=ew_0_394092,L1Y01M,L1,51.415,51.315,https://labbcat.canterbury.ac.nz/maonze/transcript?ag_id=621#ew_0_394092,0.1,100,4.605170186,,
2011,ea,g_630;em_12_65784;n_85262-n_85263;p_143;#=ew_69_203465;prefix=50867-;[0]=ew_0_399263,L2Y02M,L2,16.285,16.185,https://labbcat.canterbury.ac.nz/maonze/transcript?ag_id=630#ew_0_399263,0.1,100,4.605170186,,
2022,ea,g_631;em_12_65955;n_85424-n_85425;p_143;#=ew_69_202206;prefix=51203-;[0]=ew_0_400469,L2Y02M,L2,27.279,27.179,https://labbcat.canterbury.ac.nz/maonze/transcript?ag_id=631#ew_0_400469,0.1,100,4.605170186,,
2081,ea,g_649;em_12_67364;n_86542-n_86543;p_146;#=ew_69_205638;prefix=53660-;[0]=ew_0_413057,L2Y04M,L2,24.491,24.391,https://labbcat.canterbury.ac.nz/maonze/transcript?ag_id=649#ew_0_413057,0.1,100,4.605170186,,
2157,ea,g_670;em_12_70654;n_89435-n_89436;p_148;#=ew_69_208463;prefix=56365-;[0]=ew_0_424771,L2Y05M,L2,16.946,16.846,https://labbcat.canterbury.ac.nz/maonze/transcript?ag_id=670#ew_0_424771,0.1,100,4.605170186,,
2425,ea,g_896;em_12_159888;n_5774335-n_5774354;p_174;#=ew_69_178109;prefix=28095-;[0]=ew_0_1224005,L1H05M,L1,63.505,63.405,https://labbcat.canterbury.ac.nz/maonze/transcript?ag_id=896#ew_0_1224005,0.1,100,4.605170186,,
2492,ea,g_908;em_12_89179;n_103260-n_15524;p_173;#=ew_69_176980;prefix=26433-;[0]=ew_0_570579,L1H04M,L1,46.25,46.15,https://labbcat.canterbury.ac.nz/maonze/transcript?ag_id=908#ew_0_570579,0.1,100,4.605170186,,
2582,ea,g_944;em_12_91554;n_105244-n_105245;p_179;#=ew_69_219047;prefix=66975-;[0]=ew_0_588412,R001M,PresentElder,14.079,13.979,https://labbcat.canterbury.ac.nz/maonze/transcript?ag_id=944#ew_0_588412,0.1,100,4.605170186,,
2758,ea,g_979;em_12_93560;n_106719-n_106720;p_184;#=ew_69_224896;prefix=71820-;[0]=ew_0_606973,R004M,PresentElder,30.262,30.162,https://labbcat.canterbury.ac.nz/maonze/transcript?ag_id=979#ew_0_606973,0.1,100,4.605170186,,
2807,ea,g_986;em_12_93886;n_106967-n_4619684;p_182;#=ew_69_226107;prefix=72787-;[0]=ew_0_610218,R005M,PresentElder,56.484,56.384,https://labbcat.canterbury.ac.nz/maonze/transcript?ag_id=986#ew_0_610218,0.1,100,4.605170186,,
2910,ia,g_1024;em_12_96137;n_6702387-n_108589;p_190;#=ew_69_232977;prefix=79043-;[0]=ew_0_631091,R009M,PresentElder,28.076,27.976,https://labbcat.canterbury.ac.nz/maonze/transcript?ag_id=1024#ew_0_631091,0.1,100,4.605170186,,
2963,ia,g_1031;em_12_96454;n_108796-n_108797;p_190;#=ew_69_233976;prefix=80205-;[0]=ew_0_635730,R009M,PresentElder,34.036,33.936,https://labbcat.canterbury.ac.nz/maonze/transcript?ag_id=1031#ew_0_635730,0.1,100,4.605170186,,
3110,ia,g_1087;em_12_100446;n_111545-n_111546;p_208;#=ew_69_247666;prefix=93313-;[0]=ew_0_668230,WU07M,Historical,49.397,49.297,https://labbcat.canterbury.ac.nz/maonze/transcript?ag_id=1087#ew_0_668230,0.1,100,4.605170186,,
3118,ia,g_1088;em_12_100501;n_4699158-n_111592;p_208;#=ew_69_247562;prefix=93474-;[0]=ew_0_668835,WU07M,Historical,28.401,28.301,https://labbcat.canterbury.ac.nz/maonze/transcript?ag_id=1088#ew_0_668835,0.1,100,4.605170186,,
3144,ia,g_115;em_12_8227;n_37786-n_37787;p_43;#=ew_69_211175;prefix=59364-;[0]=ew_0_79754,MU02M,Historical,49.47,49.37,https://labbcat.canterbury.ac.nz/maonze/transcript?ag_id=115#ew_0_79754,0.1,100,4.605170186,,
3215,ia,g_1205;em_12_109200;n_117999-n_118000;p_244;#=ew_69_244285;prefix=89804-;[0]=ew_0_727093,WU04M,Historical,34.909,34.809,https://labbcat.canterbury.ac.nz/maonze/transcript?ag_id=1205#ew_0_727093,0.1,100,4.605170186,,
3326,ia,g_1391;em_12_151925;n_4711890-n_4711892;p_262;#=ew_69_248971;prefix=94984-;[0]=ew_0_1134899,WU08M,Historical,54.061,53.961,https://labbcat.canterbury.ac.nz/maonze/transcript?ag_id=1391#ew_0_1134899,0.1,100,4.605170186,,
3344,ia,g_14;em_12_1090;n_31724-n_31725;p_19;#=ew_69_151711;prefix=03108-;[0]=ew_0_9407,K002M,PresentElder,60.679,60.579,https://labbcat.canterbury.ac.nz/maonze/transcript?ag_id=14#ew_0_9407,0.1,100,4.605170186,,
3384,ia,g_1541;em_12_126976;n_25616-n_25617;p_291;#=ew_69_216329;prefix=63713-;[0]=ew_0_896248,MU09M,Historical,18.984,18.884,https://labbcat.canterbury.ac.nz/maonze/transcript?ag_id=1541#ew_0_896248,0.1,100,4.605170186,,
3455,ia,g_1635;em_12_132823;n_135064-n_135065;p_288;#=ew_69_195463;prefix=44087-;[0]=ew_0_940379,L2H03M,L2,49.642,49.542,https://labbcat.canterbury.ac.nz/maonze/transcript?ag_id=1635#ew_0_940379,0.1,100,4.605170186,,
3539,ia,g_1668;em_12_134897;n_136708-n_136709;p_302;#=ew_69_198243;prefix=46526-;[0]=ew_0_956106,L2H04M,L2,28.37,28.27,https://labbcat.canterbury.ac.nz/maonze/transcript?ag_id=1668#ew_0_956106,0.1,100,4.605170186,,
3620,ia,g_1853;em_12_150397;n_4568845-n_4568863;p_148;#=ew_69_207929;prefix=55851-;[0]=ew_0_1124477,L2Y05M,L2,39.322,39.222,https://labbcat.canterbury.ac.nz/maonze/transcript?ag_id=1853#ew_0_1124477,0.1,100,4.605170186,,
3655,ia,g_1888;em_12_155416;n_5263307-n_5263327;p_334;#=ew_69_237646;prefix=83904-;[0]=ew_0_1174548,R011M,PresentElder,17.26,17.16,https://labbcat.canterbury.ac.nz/maonze/transcript?ag_id=1888#ew_0_1174548,0.1,100,4.605170186,,
3685,ia,g_1898;em_12_156042;n_5274753-n_5274778;p_333;#=ew_69_238176;prefix=84850-;[0]=ew_0_1183212,R012M,PresentElder,36.155,36.055,https://labbcat.canterbury.ac.nz/maonze/transcript?ag_id=1898#ew_0_1183212,0.1,100,4.605170186,,
3717,ia,g_1908;em_12_156801;n_5284085-n_5284104;p_333;#=ew_69_240857;prefix=86410-;[0]=ew_0_1191310,R012M,PresentElder,24.346,24.246,https://labbcat.canterbury.ac.nz/maonze/transcript?ag_id=1908#ew_0_1191310,0.1,100,4.605170186,,
3765,ia,g_1941;em_12_165467;n_6840488-n_6840499;p_112;#=ew_69_161847;prefix=12072-;[0]=ew_0_1294468,K006M,PresentElder,54.022,53.922,https://labbcat.canterbury.ac.nz/maonze/transcript?ag_id=1941#ew_0_1294468,0.1,100,4.605170186,,
3798,ia,g_20;em_12_1586;n_32205-n_32206;p_19;#=ew_69_153639;prefix=03555-;[0]=ew_0_13838,K002M,PresentElder,38.749,38.649,https://labbcat.canterbury.ac.nz/maonze/transcript?ag_id=20#ew_0_13838,0.1,100,4.605170186,,
3844,ia,g_26;em_12_2199;n_32807-n_28933;p_19;#=ew_69_154143;prefix=05077-;[0]=ew_0_18583,K002M,PresentElder,45.719,45.619,https://labbcat.canterbury.ac.nz/maonze/transcript?ag_id=26#ew_0_18583,0.1,100,4.605170186,,
3859,ia,g_306;em_12_29870;n_54692-n_54693;p_81;#=ew_69_185996;prefix=35258-;[0]=ew_0_1238798,L1Y03M,L1,35.405,35.305,https://labbcat.canterbury.ac.nz/maonze/transcript?ag_id=306#ew_0_1238798,0.1,100,4.605170186,,
3920,ia,g_332;em_12_171886;n_7088299-n_57519;p_85;#=ew_69_185473;prefix=34851-;[0]=ew_0_221141,L1Y02M,L1,39.427,39.327,https://labbcat.canterbury.ac.nz/maonze/transcript?ag_id=332#ew_0_221141,0.1,100,4.605170186,,
3939,ia,g_344;em_12_33571;n_57769-n_57770;p_85;#=ew_69_183978;prefix=33419-;[0]=ew_0_225260,L1Y02M,L1,21.85,21.75,https://labbcat.canterbury.ac.nz/maonze/transcript?ag_id=344#ew_0_225260,0.1,100,4.605170186,,
4140,ia,g_474;em_12_48986;n_70919-n_70920;p_121;#=ew_69_166973;prefix=16959-;[0]=ew_0_304631,K009M,PresentElder,49.118,49.018,https://labbcat.canterbury.ac.nz/maonze/transcript?ag_id=474#ew_0_304631,0.1,100,4.605170186,,
4171,ia,g_484;em_12_49690;n_71510-n_71511;p_121;#=ew_69_168932;prefix=18885-;[0]=ew_0_311278,K009M,PresentElder,62.939,62.839,https://labbcat.canterbury.ac.nz/maonze/transcript?ag_id=484#ew_0_311278,0.1,100,4.605170186,,
4301,ia,g_604;em_12_64298;n_10364-n_83892;p_140;#=ew_69_191092;prefix=39525-;[0]=ew_0_385077,L1Y05M,L1,7.11,7.01,https://labbcat.canterbury.ac.nz/maonze/transcript?ag_id=604#ew_0_385077,0.1,100,4.605170186,,
4470,ia,g_672;em_12_70731;n_89500-n_7016363;p_148;#=ew_69_208352;prefix=56681-;[0]=ew_0_426132,L2Y05M,L2,48.088,47.988,https://labbcat.canterbury.ac.nz/maonze/transcript?ag_id=672#ew_0_426132,0.1,100,4.605170186,,
4538,ia,g_861;em_12_86272;n_101219-n_101220;p_168;#=ew_69_173122;prefix=22522-;[0]=ew_0_547265,L1H02M,L1,58.673,58.573,https://labbcat.canterbury.ac.nz/maonze/transcript?ag_id=861#ew_0_547265,0.1,100,4.605170186,,
4617,ia,g_891;em_12_88299;n_102577-n_102578;p_174;#=ew_69_178859;prefix=28794-;[0]=ew_0_561466,L1H05M,L1,30.268,30.168,https://labbcat.canterbury.ac.nz/maonze/transcript?ag_id=891#ew_0_561466,0.1,100,4.605170186,,
4632,ia,g_894;em_12_88443;n_102705-n_102706;p_174;#=ew_69_179101;prefix=28286-;[0]=ew_0_563155,L1H05M,L1,32.84,32.74,https://labbcat.canterbury.ac.nz/maonze/transcript?ag_id=894#ew_0_563155,0.1,100,4.605170186,,
4810,ia,g_965;em_12_92580;n_16142-n_106043;p_183;#=ew_69_222734;prefix=69821-;[0]=ew_0_599529,R003M,PresentElder,25.494,25.394,https://labbcat.canterbury.ac.nz/maonze/transcript?ag_id=965#ew_0_599529,0.1,100,4.605170186,,
4814,ia,g_967;em_12_92705;n_106126-n_106127;p_183;#=ew_69_222905;prefix=70060-;[0]=ew_0_600644,R003M,PresentElder,50.518,50.418,https://labbcat.canterbury.ac.nz/maonze/transcript?ag_id=967#ew_0_600644,0.1,100,4.605170186,,
4887,ia,g_987;em_12_93928;n_107002-n_107003;p_182;#=ew_69_226071;prefix=72978-;[0]=ew_0_610751,R005M,PresentElder,62.494,62.394,https://labbcat.canterbury.ac.nz/maonze/transcript?ag_id=987#ew_0_610751,0.1,100,4.605170186,,
5044,oa,g_1038;em_12_96801;n_109050-n_109051;p_193;#=ew_69_235019;prefix=81519-;[0]=ew_0_640420,R010M,PresentElder,27.783,27.683,https://labbcat.canterbury.ac.nz/maonze/transcript?ag_id=1038#ew_0_640420,0.1,100,4.605170186,,
5069,oa,g_105;em_12_7248;n_37087-n_37088;p_41;#=ew_69_163839;prefix=14374-;[0]=ew_0_72403,K007M,PresentElder,29.007,28.907,https://labbcat.canterbury.ac.nz/maonze/transcript?ag_id=105#ew_0_72403,0.1,100,4.605170186,,
5207,oa,g_1228;em_12_110670;n_119145-n_119146;p_249;#=ew_69_179741;prefix=29248-;[0]=ew_0_738661,L1H06M,L1,31.843,31.743,https://labbcat.canterbury.ac.nz/maonze/transcript?ag_id=1228#ew_0_738661,0.1,100,4.605170186,,
5372,oa,g_1545;em_12_127242;n_130785-n_25777;p_291;#=ew_69_216368;prefix=63907-;[0]=ew_0_898875,MU09M,Historical,40.11,40.01,https://labbcat.canterbury.ac.nz/maonze/transcript?ag_id=1545#ew_0_898875,0.1,100,4.605170186,,
5802,oa,g_22;em_12_1807;n_32424-n_32425;p_19;#=ew_69_153353;prefix=04087-;[0]=ew_0_15475,K002M,PresentElder,54.022,53.922,https://labbcat.canterbury.ac.nz/maonze/transcript?ag_id=22#ew_0_15475,0.1,100,4.605170186,,
5823,oa,g_305;em_12_162490;n_6240923-n_6240851;p_81;#=ew_69_186513;prefix=35189-;[0]=ew_0_1265244,L1Y03M,L1,37.494,37.394,https://labbcat.canterbury.ac.nz/maonze/transcript?ag_id=305#ew_0_1265244,0.1,100,4.605170186,,
5826,oa,g_307;em_12_160719;n_5999748-n_5999754;p_81;#=ew_69_186352;prefix=35594-;[0]=ew_0_1238869,L1Y03M,L1,55.408,55.308,https://labbcat.canterbury.ac.nz/maonze/transcript?ag_id=307#ew_0_1238869,0.1,100,4.605170186,,
5828,oa,g_307;em_12_160748;n_5999735-n_5999743;p_81;#=ew_69_186344;prefix=35590-;[0]=ew_0_1240803,L1Y03M,L1,50.097,49.997,https://labbcat.canterbury.ac.nz/maonze/transcript?ag_id=307#ew_0_1240803,0.1,100,4.605170186,,
5837,oa,g_309;em_12_30118;n_54896-n_54897;p_81;#=ew_69_185910;prefix=35793-;[0]=ew_0_1238364,L1Y03M,L1,53.261,53.161,https://labbcat.canterbury.ac.nz/maonze/transcript?ag_id=309#ew_0_1238364,0.1,100,4.605170186,,
5845,oa,g_314;em_12_30520;n_55168-n_55169;p_89;#=ew_69_187027;prefix=36369-;[0]=ew_0_211263,L1Y04M,L1,52.59,52.49,https://labbcat.canterbury.ac.nz/maonze/transcript?ag_id=314#ew_0_211263,0.1,100,4.605170186,,
6229,oa,g_620;em_12_65106;n_84662-n_84663;p_142;#=ew_69_182304;prefix=32190-;[0]=ew_0_393568,L1Y01M,L1,42.14,42.04,https://labbcat.canterbury.ac.nz/maonze/transcript?ag_id=620#ew_0_393568,0.1,100,4.605170186,,
6279,oa,g_635;em_12_66421;n_85845-n_85846;p_145;#=ew_69_200657;prefix=48969-;[0]=ew_0_404144,L2Y01M,L2,62.529,62.429,https://labbcat.canterbury.ac.nz/maonze/transcript?ag_id=635#ew_0_404144,0.1,100,4.605170186,,
6757,ua,g_1017;em_12_163687;n_6670744-n_16974;p_188;#=ew_69_230639;prefix=77075-;[0]=ew_0_1282124,R007M,PresentElder,42.153,42.053,https://labbcat.canterbury.ac.nz/maonze/transcript?ag_id=1017#ew_0_1282124,0.1,100,4.605170186,,
6822,ua,g_1028;em_12_96312;n_108701-n_108702;p_190;#=ew_69_233022;prefix=79689-;[0]=ew_0_1016409,R009M,PresentElder,6.091,5.991,https://labbcat.canterbury.ac.nz/maonze/transcript?ag_id=1028#ew_0_1016409,0.1,100,4.605170186,,
6880,ua,g_1035;em_12_96623;n_108923-n_108924;p_190;#=ew_69_234511;prefix=80868-;[0]=ew_0_638302,R009M,PresentElder,33.259,33.159,https://labbcat.canterbury.ac.nz/maonze/transcript?ag_id=1035#ew_0_638302,0.1,100,4.605170186,,
6882,ua,g_1035;em_12_96625;n_108925-n_108926;p_190;#=ew_69_234529;prefix=80885-;[0]=ew_0_638353,R009M,PresentElder,50.357,50.257,https://labbcat.canterbury.ac.nz/maonze/transcript?ag_id=1035#ew_0_638353,0.1,100,4.605170186,,
6969,ua,g_1045;em_12_97429;n_109361-n_109362;p_193;#=ew_69_236358;prefix=82571-;[0]=ew_0_645779,R010M,PresentElder,49.427,49.327,https://labbcat.canterbury.ac.nz/maonze/transcript?ag_id=1045#ew_0_645779,0.1,100,4.605170186,,
7091,ua,g_1079;em_12_99948;n_111122-n_111123;p_208;#=ew_69_245937;prefix=92208-;[0]=ew_0_663725,WU07M,Historical,25.465,25.365,https://labbcat.canterbury.ac.nz/maonze/transcript?ag_id=1079#ew_0_663725,0.1,100,4.605170186,,
7184,ua,g_109;em_12_7482;n_37281-n_37282;p_41;#=ew_69_165134;prefix=15157-;[0]=ew_0_75190,K007M,PresentElder,38.446,38.346,https://labbcat.canterbury.ac.nz/maonze/transcript?ag_id=109#ew_0_75190,0.1,100,4.605170186,,
7201,ua,g_1092;em_12_100670;n_111704-n_111705;p_208;#=ew_69_247881;prefix=93832-;[0]=ew_0_670239,WU07M,Historical,24.381,24.281,https://labbcat.canterbury.ac.nz/maonze/transcript?ag_id=1092#ew_0_670239,0.1,100,4.605170186,,
7280,ua,g_1199;em_12_108502;n_117309-n_117310;p_244;#=ew_69_243088;prefix=88833-;[0]=ew_0_723529,WU04M,Historical,24.324,24.224,https://labbcat.canterbury.ac.nz/maonze/transcript?ag_id=1199#ew_0_723529,0.1,100,4.605170186,,
7662,ua,g_1528;em_12_126308;n_130321-n_130322;p_287;#=ew_69_229355;prefix=76022-;[0]=ew_0_889906,R006M,PresentElder,46.88,46.78,https://labbcat.canterbury.ac.nz/maonze/transcript?ag_id=1528#ew_0_889906,0.1,100,4.605170186,,
7698,ua,g_1543;em_12_127112;n_30436-n_25708;p_291;#=ew_69_216392;prefix=63787-;[0]=ew_0_897549,MU09M,Historical,55.854,55.754,https://labbcat.canterbury.ac.nz/maonze/transcript?ag_id=1543#ew_0_897549,0.1,100,4.605170186,,
7750,ua,g_1621;em_12_131974;n_134421-n_134422;p_299;#=ew_69_191601;prefix=40942-;[0]=ew_0_934820,L2H01M,L2,5.722,5.622,https://labbcat.canterbury.ac.nz/maonze/transcript?ag_id=1621#ew_0_934820,0.1,100,4.605170186,,
7900,ua,g_1649;em_12_133740;n_135871-n_135872;p_300;#=ew_69_193469;prefix=42491-;[0]=ew_0_946777,L2H02M,L2,38.951,38.851,https://labbcat.canterbury.ac.nz/maonze/transcript?ag_id=1649#ew_0_946777,0.1,100,4.605170186,,
7912,ua,g_1650;em_12_133811;n_135924-n_135925;p_300;#=ew_69_193882;prefix=42620-;[0]=ew_0_947273,L2H02M,L2,29.036,28.936,https://labbcat.canterbury.ac.nz/maonze/transcript?ag_id=1650#ew_0_947273,0.1,100,4.605170186,,
7994,ua,g_1666;em_12_134823;n_136648-n_136649;p_302;#=ew_69_197771;prefix=46276-;[0]=ew_0_955143,L2H04M,L2,31.396,31.296,https://labbcat.canterbury.ac.nz/maonze/transcript?ag_id=1666#ew_0_955143,0.1,100,4.605170186,,
8061,ua,g_1679;em_12_135459;n_27571-n_137164;p_307;#=ew_69_199621;prefix=48144-;[0]=ew_0_961521,L2H05M,L2,28.073,27.973,https://labbcat.canterbury.ac.nz/maonze/transcript?ag_id=1679#ew_0_961521,0.1,100,4.605170186,,
8117,ua,g_1749;em_12_139793;n_140485-n_140486;p_318;#=ew_69_231248;prefix=77873-;[0]=ew_0_1002379,R008M,PresentElder,12.412,12.312,https://labbcat.canterbury.ac.nz/maonze/transcript?ag_id=1749#ew_0_1002379,0.1,100,4.605170186,,
8136,ua,g_1751;em_12_139951;n_140621-n_140622;p_318;#=ew_69_231340;prefix=78127-;[0]=ew_0_1003175,R008M,PresentElder,35.586,35.486,https://labbcat.canterbury.ac.nz/maonze/transcript?ag_id=1751#ew_0_1003175,0.1,100,4.605170186,,
8138,ua,g_1751;em_12_139955;n_140625-n_140626;p_318;#=ew_69_231354;prefix=78134-;[0]=ew_0_1003195,R008M,PresentElder,52.458,52.358,https://labbcat.canterbury.ac.nz/maonze/transcript?ag_id=1751#ew_0_1003195,0.1,100,4.605170186,,
8197,ua,g_1846;em_12_149355;n_3852482-n_3852501;p_49;#=ew_69_205151;prefix=53190-;[0]=ew_0_1105013,L2Y03M,L2,53.115,53.015,https://labbcat.canterbury.ac.nz/maonze/transcript?ag_id=1846#ew_0_1105013,0.1,100,4.605170186,,
8293,ua,g_1898;em_12_156054;n_5274723-n_5274740;p_333;#=ew_69_238164;prefix=84921-;[0]=ew_0_1183582,R012M,PresentElder,24.452,24.352,https://labbcat.canterbury.ac.nz/maonze/transcript?ag_id=1898#ew_0_1183582,0.1,100,4.605170186,,
8636,ua,g_317;em_12_148812;n_3841093-n_3841105;p_89;#=ew_69_187594;prefix=36652-;[0]=ew_0_1094962,L1Y04M,L1,63.771,63.671,https://labbcat.canterbury.ac.nz/maonze/transcript?ag_id=317#ew_0_1094962,0.1,100,4.605170186,,
8688,ua,g_324;em_12_148759;n_3841409-n_56871;p_89;#=ew_69_188396;prefix=37777-;[0]=ew_0_1095482,L1Y04M,L1,50.481,50.381,https://labbcat.canterbury.ac.nz/maonze/transcript?ag_id=324#ew_0_1095482,0.1,100,4.605170186,,
8906,ua,g_385;em_12_38894;n_62690-n_62691;p_95;#=ew_69_215063;prefix=62510-;[0]=ew_0_247671,MU06M,Historical,40.984,40.884,https://labbcat.canterbury.ac.nz/maonze/transcript?ag_id=385#ew_0_247671,0.1,100,4.605170186,,
9100,ua,g_480;em_12_49296;n_71196-n_71197;p_121;#=ew_69_168454;prefix=18114-;[0]=ew_0_308650,K009M,PresentElder,45.331,45.231,https://labbcat.canterbury.ac.nz/maonze/transcript?ag_id=480#ew_0_308650,0.1,100,4.605170186,,
9187,ua,g_494;em_12_50974;n_8554-n_72473;p_122;#=ew_69_169759;prefix=20128-;[0]=ew_0_1098119,K010M,PresentElder,8.47,8.37,https://labbcat.canterbury.ac.nz/maonze/transcript?ag_id=494#ew_0_1098119,0.1,100,4.605170186,,
9381,ua,g_611;em_12_64718;n_84285-n_84286;p_142;#=ew_69_181664;prefix=31115-;[0]=ew_0_1244551,L1Y01M,L1,60.408,60.308,https://labbcat.canterbury.ac.nz/maonze/transcript?ag_id=611#ew_0_1244551,0.1,100,4.605170186,,
9476,ua,g_626;em_12_65339;n_84858-n_84859;p_142;#=ew_69_183658;prefix=32864-;[0]=ew_0_1245758,L1Y01M,L1,35.817,35.717,https://labbcat.canterbury.ac.nz/maonze/transcript?ag_id=626#ew_0_1245758,0.1,100,4.605170186,,
9477,ua,g_626;em_12_65343;n_84862-n_84863;p_142;#=ew_69_183676;prefix=32882-;[0]=ew_0_1245242,L1Y01M,L1,50.868,50.768,https://labbcat.canterbury.ac.nz/maonze/transcript?ag_id=626#ew_0_1245242,0.1,100,4.605170186,,
9491,ua,g_627;em_12_65378;n_84893-n_84894;p_142;#=ew_69_183762;prefix=33007-;[0]=ew_0_1246348,L1Y01M,L1,44.991,44.891,https://labbcat.canterbury.ac.nz/maonze/transcript?ag_id=627#ew_0_1246348,0.1,100,4.605170186,,
9639,ua,g_650;em_12_67581;n_10780-n_86745;p_146;#=ew_69_206086;prefix=53782-;[0]=ew_0_413541,L2Y04M,L2,4.48,4.38,https://labbcat.canterbury.ac.nz/maonze/transcript?ag_id=650#ew_0_413541,0.1,100,4.605170186,,
10153,ua,g_903;em_12_88948;n_103112-n_6969722;p_174;#=ew_69_177839;prefix=27326-;[0]=ew_0_568005,L1H05M,L1,32.68,32.58,https://labbcat.canterbury.ac.nz/maonze/transcript?ag_id=903#ew_0_568005,0.1,100,4.605170186,,
10319,ua,g_937;em_12_91029;n_104814-n_104815;p_179;#=ew_69_218519;prefix=65855-;[0]=ew_0_584466,R001M,PresentElder,45.781,45.681,https://labbcat.canterbury.ac.nz/maonze/transcript?ag_id=937#ew_0_584466,0.1,100,4.605170186,,
10480,ua,g_961;em_12_92302;n_105876-n_105877;p_183;#=ew_69_221730;prefix=69214-;[0]=ew_0_597122,R003M,PresentElder,57.619,57.519,https://labbcat.canterbury.ac.nz/maonze/transcript?ag_id=961#ew_0_597122,0.1,100,4.605170186,,
10635,ua,g_986;em_12_93885;n_106966-n_106967;p_182;#=ew_69_226072;prefix=72781-;[0]=ew_0_610203,R005M,PresentElder,50.624,50.524,https://labbcat.canterbury.ac.nz/maonze/transcript?ag_id=986#ew_0_610203,0.1,100,4.605170186,,
10669,ua,g_99;em_12_162822;n_6281831-n_6281835;p_41;#=ew_69_163298;prefix=13209-;[0]=ew_0_1271267,K007M,PresentElder,37.162,37.062,https://labbcat.canterbury.ac.nz/maonze/transcript?ag_id=99#ew_0_1271267,0.1,100,4.605170186,,
242,ea,g_1079;em_12_99941;n_18356-n_111116;p_208;#=ew_69_245909;prefix=92195-;[0]=ew_0_663683,WU07M,Historical,0.82,0.72,https://labbcat.canterbury.ac.nz/maonze/transcript?ag_id=1079#ew_0_663683,0.1,100,4.605170186,,
348,ea,g_1205;em_12_109186;n_20647-n_117986;p_244;#=ew_69_244195;prefix=89782-;[0]=ew_0_727020,WU04M,Historical,2.9,2.8,https://labbcat.canterbury.ac.nz/maonze/transcript?ag_id=1205#ew_0_727020,0.1,100,4.605170186,,
439,ea,g_1243;em_12_111660;n_21868-n_5825602;p_249;#=ew_69_181147;prefix=30707-;[0]=ew_0_746888,L1H06M,L1,3.36,3.26,https://labbcat.canterbury.ac.nz/maonze/transcript?ag_id=1243#ew_0_746888,0.1,100,4.605170186,,
569,ea,g_1523;em_12_126098;n_25286-n_25287;p_287;#=ew_69_228232;prefix=75141-;[0]=ew_0_886665,R006M,PresentElder,2.68,2.58,https://labbcat.canterbury.ac.nz/maonze/transcript?ag_id=1523#ew_0_886665,0.1,100,4.605170186,,
1247,ea,g_24;em_12_1975;n_32590-n_32591;p_19;#=ew_69_154289;prefix=04505-;[0]=ew_0_16799,K002M,PresentElder,3.323,3.223,https://labbcat.canterbury.ac.nz/maonze/transcript?ag_id=24#ew_0_16799,0.1,100,4.605170186,,
1965,ea,g_621;em_12_65139;n_10407-n_84689;p_142;#=ew_69_182981;prefix=32247-;[0]=ew_0_393982,L1Y01M,L1,2.22,2.12,https://labbcat.canterbury.ac.nz/maonze/transcript?ag_id=621#ew_0_393982,0.1,100,4.605170186,,
2442,ea,g_898;em_12_88640;n_15377-n_102876;p_174;#=ew_69_178488;prefix=27589-;[0]=ew_0_565528,L1H05M,L1,1.34,1.24,https://labbcat.canterbury.ac.nz/maonze/transcript?ag_id=898#ew_0_565528,0.1,100,4.605170186,,
6511,oa,g_910;em_12_89254;n_15573-n_15574;p_173;#=ew_69_176146;prefix=26189-;[0]=ew_0_571527,L1H04M,L1,0.79,0.69,https://labbcat.canterbury.ac.nz/maonze/transcript?ag_id=910#ew_0_571527,0.1,100,4.605170186,,
6736,ua,g_1011;em_12_95453;n_16726-n_108329;p_188;#=ew_69_229510;prefix=76512-;[0]=ew_0_625178,R007M,PresentElder,0.95,0.85,https://labbcat.canterbury.ac.nz/maonze/transcript?ag_id=1011#ew_0_625178,0.1,100,4.605170186,,
8024,ua,g_1670;em_12_134976;n_27475-n_6399115;p_302;#=ew_69_198073;prefix=46848-;[0]=ew_0_957229,L2H04M,L2,1.84,1.74,https://labbcat.canterbury.ac.nz/maonze/transcript?ag_id=1670#ew_0_957229,0.1,100,4.605170186,,
27,ea,g_1010;em_12_95379;n_108292-n_108293;p_188;#=ew_69_229948;prefix=76373-;[0]=ew_0_624721,R007M,PresentElder,13.619,13.519,https://labbcat.canterbury.ac.nz/maonze/transcript?ag_id=1010#ew_0_624721,0.1,100,4.605170186,,
2462,ea,g_900;em_12_88742;n_6967522-n_102961;p_173;#=ew_69_177652;prefix=27067-;[0]=ew_0_566415,L1H04M,L1,10.485,10.385,https://labbcat.canterbury.ac.nz/maonze/transcript?ag_id=900#ew_0_566415,0.1,100,4.605170186,,
3264,ia,g_133;em_12_8974;n_38452-n_38453;p_284;#=ew_69_209334;prefix=57045-;[0]=ew_0_1340963,MU01M,Historical,10.424,10.324,https://labbcat.canterbury.ac.nz/maonze/transcript?ag_id=133#ew_0_1340963,0.1,100,4.605170186,,
3292,ia,g_1383;em_12_118866;n_23868-n_124367;p_262;#=ew_69_248229;prefix=93894-;[0]=ew_0_819927,WU08M,Historical,6.318,6.218,https://labbcat.canterbury.ac.nz/maonze/transcript?ag_id=1383#ew_0_819927,0.1,100,4.605170186,,
3330,ia,g_1395;em_12_119266;n_124726-n_124727;p_262;#=ew_69_249790;prefix=95455-;[0]=ew_0_825808,WU08M,Historical,9.554,9.454,https://labbcat.canterbury.ac.nz/maonze/transcript?ag_id=1395#ew_0_825808,0.1,100,4.605170186,,
3845,ia,g_27;em_12_2204;n_32811-n_32812;p_19;#=ew_69_154735;prefix=05088-;[0]=ew_0_18614,K002M,PresentElder,13.766,13.666,https://labbcat.canterbury.ac.nz/maonze/transcript?ag_id=27#ew_0_18614,0.1,100,4.605170186,,
3870,ia,g_309;em_12_170762;n_6984149-n_6984150;p_81;#=ew_69_185890;prefix=35768-;[0]=ew_0_1334785,L1Y03M,L1,9.956,9.856,https://labbcat.canterbury.ac.nz/maonze/transcript?ag_id=309#ew_0_1334785,0.1,100,4.605170186,,
3948,ia,g_352;em_12_33932;n_58054-n_58055;p_87;#=ew_69_210901;prefix=59676-;[0]=ew_0_228192,MU03M,Historical,12.777,12.677,https://labbcat.canterbury.ac.nz/maonze/transcript?ag_id=352#ew_0_228192,0.1,100,4.605170186,,
4035,ia,g_445;em_12_45942;n_68443-n_68444;p_110;#=ew_69_155196;prefix=05442-;[0]=ew_0_286106,K003M,PresentElder,8.775,8.675,https://labbcat.canterbury.ac.nz/maonze/transcript?ag_id=445#ew_0_286106,0.1,100,4.605170186,,
4322,ia,g_610;em_12_64662;n_84230-n_84231;p_142;#=ew_69_181915;prefix=30955-;[0]=ew_0_1244470,L1Y01M,L1,7.749,7.649,https://labbcat.canterbury.ac.nz/maonze/transcript?ag_id=610#ew_0_1244470,0.1,100,4.605170186,,
4468,ia,g_672;em_12_70725;n_11174-n_89495;p_148;#=ew_69_208329;prefix=56660-;[0]=ew_0_426039,L2Y05M,L2,5.05,4.95,https://labbcat.canterbury.ac.nz/maonze/transcript?ag_id=672#ew_0_426039,0.1,100,4.605170186,,
4863,ia,g_98;em_12_6868;n_6281674-n_36716;p_41;#=ew_69_162422;prefix=12844-;[0]=ew_0_66672,K007M,PresentElder,6.904,6.804,https://labbcat.canterbury.ac.nz/maonze/transcript?ag_id=98#ew_0_66672,0.1,100,4.605170186,,
6558,oa,g_942;em_12_91426;n_105134-n_105135;p_179;#=ew_69_219362;prefix=66707-;[0]=ew_0_587472,R001M,PresentElder,13.978,13.878,https://labbcat.canterbury.ac.nz/maonze/transcript?ag_id=942#ew_0_587472,0.1,100,4.605170186,,
6721,ua,g_1010;em_12_95376;n_108291-n_16687;p_188;#=ew_69_229935;prefix=76368-;[0]=ew_0_624704,R007M,PresentElder,7.883,7.783,https://labbcat.canterbury.ac.nz/maonze/transcript?ag_id=1010#ew_0_624704,0.1,100,4.605170186,,
7173,ua,g_1089;em_12_100537;n_111610-n_111611;p_208;#=ew_69_247665;prefix=93526-;[0]=ew_0_669135,WU07M,Historical,13.186,13.086,https://labbcat.canterbury.ac.nz/maonze/transcript?ag_id=1089#ew_0_669135,0.1,100,4.605170186,,
8679,ua,g_323;em_12_32093;n_56606-n_5752;p_89;#=ew_69_188811;prefix=37605-;[0]=ew_0_1094927,L1Y04M,L1,13.686,13.586,https://labbcat.canterbury.ac.nz/maonze/transcript?ag_id=323#ew_0_1094927,0.1,100,4.605170186,,
9289,ua,g_599;em_12_64002;n_83600-n_83601;p_140;#=ew_69_189634;prefix=38609-;[0]=ew_0_1248169,L1Y05M,L1,11.149,11.049,https://labbcat.canterbury.ac.nz/maonze/transcript?ag_id=599#ew_0_1248169,0.1,100,4.605170186,,
9845,ua,g_851;em_12_85556;n_100568-n_100569;p_167;#=ew_69_170969;prefix=21043-;[0]=ew_0_541831,L1H01M,L1,9.93,9.83,https://labbcat.canterbury.ac.nz/maonze/transcript?ag_id=851#ew_0_541831,0.1,100,4.605170186,,
10292,ua,g_930;em_12_90589;n_15789-n_104405;p_179;#=ew_69_217913;prefix=65194-;[0]=ew_0_581968,R001M,PresentElder,9.059,8.959,https://labbcat.canterbury.ac.nz/maonze/transcript?ag_id=930#ew_0_581968,0.1,100,4.605170186,,
10574,ua,g_976;em_12_93292;n_106569-n_16328;p_184;#=ew_69_224371;prefix=71335-;[0]=ew_0_605256,R004M,PresentElder,13.498,13.398,https://labbcat.canterbury.ac.nz/maonze/transcript?ag_id=976#ew_0_605256,0.1,100,4.605170186,,
442,ea,g_1243;em_12_160341;n_5825636-n_5825652;p_249;#=ew_69_181178;prefix=30720-;[0]=ew_0_1227052,L1H06M,L1,19.034,18.934,https://labbcat.canterbury.ac.nz/maonze/transcript?ag_id=1243#ew_0_1227052,0.1,100,4.605170186,,
1202,ea,g_1946;em_12_166000;n_6849240-n_6849258;p_121;#=ew_69_167375;prefix=17356-;[0]=ew_0_1298229,K009M,PresentElder,21.409,21.309,https://labbcat.canterbury.ac.nz/maonze/transcript?ag_id=1946#ew_0_1298229,0.1,100,4.605170186,,
1424,ea,g_326;em_12_32939;n_57244-n_57245;p_89;#=ew_69_188552;prefix=38051-;[0]=ew_0_218612,L1Y04M,L1,29.514,29.414,https://labbcat.canterbury.ac.nz/maonze/transcript?ag_id=326#ew_0_218612,0.1,100,4.605170186,,
1708,ea,g_480;em_12_49293;n_71193-n_71194;p_121;#=ew_69_168415;prefix=18095-;[0]=ew_0_308596,K009M,PresentElder,23.083,22.983,https://labbcat.canterbury.ac.nz/maonze/transcript?ag_id=480#ew_0_308596,0.1,100,4.605170186,,
1941,ea,g_615;em_12_64902;n_84465-n_84466;p_142;#=ew_69_182487;prefix=31591-;[0]=ew_0_1244840,L1Y01M,L1,22.56,22.46,https://labbcat.canterbury.ac.nz/maonze/transcript?ag_id=615#ew_0_1244840,0.1,100,4.605170186,,
2642,ea,g_956;em_12_92039;n_105654-n_105655;p_181;#=ew_69_220960;prefix=68412-;[0]=ew_0_594754,R002M,PresentElder,31.639,31.539,https://labbcat.canterbury.ac.nz/maonze/transcript?ag_id=956#ew_0_594754,0.1,100,4.605170186,,
2767,ea,g_98;em_12_6873;n_36720-n_36721;p_41;#=ew_69_162443;prefix=12864-;[0]=ew_0_66752,K007M,PresentElder,30.953,30.853,https://labbcat.canterbury.ac.nz/maonze/transcript?ag_id=98#ew_0_66752,0.1,100,4.605170186,,
3012,ia,g_1043;em_12_97339;n_17587-n_17588;p_193;#=ew_69_235724;prefix=82321-;[0]=ew_0_644469,R010M,PresentElder,22.459,22.359,https://labbcat.canterbury.ac.nz/maonze/transcript?ag_id=1043#ew_0_644469,0.1,100,4.605170186,,
3088,ia,g_1082;em_12_100126;n_111264-n_111265;p_208;#=ew_69_246825;prefix=92584-;[0]=ew_0_665287,WU07M,Historical,27.342,27.242,https://labbcat.canterbury.ac.nz/maonze/transcript?ag_id=1082#ew_0_665287,0.1,100,4.605170186,,
3597,ia,g_1841;em_12_149023;n_3848013-n_3848031;p_49;#=ew_69_204218;prefix=52488-;[0]=ew_0_1101217,L2Y03M,L2,27.706,27.606,https://labbcat.canterbury.ac.nz/maonze/transcript?ag_id=1841#ew_0_1101217,0.1,100,4.605170186,,
3662,ia,g_1889;em_12_155478;n_5264508-n_5264520;p_334;#=ew_69_237582;prefix=83960-;[0]=ew_0_1175222,R011M,PresentElder,28.005,27.905,https://labbcat.canterbury.ac.nz/maonze/transcript?ag_id=1889#ew_0_1175222,0.1,100,4.605170186,,
3726,ia,g_1909;em_12_156849;n_5285128-n_5285145;p_333;#=ew_69_240812;prefix=86718-;[0]=ew_0_1192121,R012M,PresentElder,17.395,17.295,https://labbcat.canterbury.ac.nz/maonze/transcript?ag_id=1909#ew_0_1192121,0.1,100,4.605170186,,
4254,ia,g_56;em_12_3949;n_34276-n_34277;p_32;#=ew_69_158374;prefix=08985-;[0]=ew_0_37764,K004M,PresentElder,21.738,21.638,https://labbcat.canterbury.ac.nz/maonze/transcript?ag_id=56#ew_0_37764,0.1,100,4.605170186,,
4536,ia,g_861;em_12_86266;n_101213-n_101214;p_168;#=ew_69_173089;prefix=22491-;[0]=ew_0_547171,L1H02M,L1,24.229,24.129,https://labbcat.canterbury.ac.nz/maonze/transcript?ag_id=861#ew_0_547171,0.1,100,4.605170186,,
4577,ia,g_868;em_12_86813;n_101601-n_101602;p_168;#=ew_69_174055;prefix=23748-;[0]=ew_0_551852,L1H02M,L1,25.796,25.696,https://labbcat.canterbury.ac.nz/maonze/transcript?ag_id=868#ew_0_551852,0.1,100,4.605170186,,
5691,oa,g_1902;em_12_156432;n_5278739-n_5278757;p_333;#=ew_69_239159;prefix=85264-;[0]=ew_0_1186244,R012M,PresentElder,28.444,28.344,https://labbcat.canterbury.ac.nz/maonze/transcript?ag_id=1902#ew_0_1186244,0.1,100,4.605170186,,
6664,oa,g_99;em_12_6920;n_36766-n_36767;p_41;#=ew_69_163255;prefix=13039-;[0]=ew_0_67470,K007M,PresentElder,17.708,17.608,https://labbcat.canterbury.ac.nz/maonze/transcript?ag_id=99#ew_0_67470,0.1,100,4.605170186,,
6888,ua,g_1036;em_12_96657;n_108951-n_108952;p_193;#=ew_69_234852;prefix=81101-;[0]=ew_0_638895,R010M,PresentElder,20.342,20.242,https://labbcat.canterbury.ac.nz/maonze/transcript?ag_id=1036#ew_0_638895,0.1,100,4.605170186,,
7363,ua,g_1238;em_12_111328;n_5825179-n_21572;p_249;#=ew_69_180432;prefix=30119-;[0]=ew_0_743929,L1H06M,L1,23.104,23.004,https://labbcat.canterbury.ac.nz/maonze/transcript?ag_id=1238#ew_0_743929,0.1,100,4.605170186,,
7381,ua,g_1241;em_12_111535;n_21757-n_21758;p_249;#=ew_69_180991;prefix=30487-;[0]=ew_0_1227834,L1H06M,L1,22.918,22.818,https://labbcat.canterbury.ac.nz/maonze/transcript?ag_id=1241#ew_0_1227834,0.1,100,4.605170186,,
7911,ua,g_1650;em_12_133810;n_27162-n_135924;p_300;#=ew_69_193876;prefix=42618-;[0]=ew_0_947270,L2H02M,L2,26.801,26.701,https://labbcat.canterbury.ac.nz/maonze/transcript?ag_id=1650#ew_0_947270,0.1,100,4.605170186,,
8408,ua,g_1911;em_12_156963;n_5287223-n_5287241;p_333;#=ew_69_240504;prefix=87041-;[0]=ew_0_1193683,R012M,PresentElder,17.383,17.283,https://labbcat.canterbury.ac.nz/maonze/transcript?ag_id=1911#ew_0_1193683,0.1,100,4.605170186,,
8705,ua,g_326;em_12_32932;n_57237-n_57239;p_89;#=ew_69_188537;prefix=38043-;[0]=ew_0_1094600,L1Y04M,L1,22.179,22.079,https://labbcat.canterbury.ac.nz/maonze/transcript?ag_id=326#ew_0_1094600,0.1,100,4.605170186,,
8711,ua,g_328;em_12_33137;n_57418-n_57419;p_85;#=ew_69_184503;prefix=33604-;[0]=ew_0_219521,L1Y02M,L1,27.281,27.181,https://labbcat.canterbury.ac.nz/maonze/transcript?ag_id=328#ew_0_219521,0.1,100,4.605170186,,
9575,ua,g_637;em_12_66610;n_85982-n_85983;p_145;#=ew_69_200991;prefix=49319-;[0]=ew_0_1107412,L2Y01M,L2,29.171,29.071,https://labbcat.canterbury.ac.nz/maonze/transcript?ag_id=637#ew_0_1107412,0.1,100,4.605170186,,
10472,ua,g_960;em_12_92236;n_105824-n_105825;p_183;#=ew_69_222205;prefix=68996-;[0]=ew_0_596413,R003M,PresentElder,23.278,23.178,https://labbcat.canterbury.ac.nz/maonze/transcript?ag_id=960#ew_0_596413,0.1,100,4.605170186,,
6,ea,g_10;em_12_725;n_31372-n_31373;p_28;#=ew_69_149955;prefix=00568-;[0]=ew_0_6501,K001M,PresentElder,164.248,164.148,https://labbcat.canterbury.ac.nz/maonze/transcript?ag_id=10#ew_0_6501,0.1,100,4.605170186,,
32,ea,g_1012;em_12_95554;n_108381-n_16775;p_188;#=ew_69_230003;prefix=76648-;[0]=ew_0_625840,R007M,PresentElder,97.866,97.766,https://labbcat.canterbury.ac.nz/maonze/transcript?ag_id=1012#ew_0_625840,0.1,100,4.605170186,,
37,ea,g_1012;em_12_95588;n_108407-n_108408;p_188;#=ew_69_230209;prefix=76727-;[0]=ew_0_626116,R007M,PresentElder,229.434,229.334,https://labbcat.canterbury.ac.nz/maonze/transcript?ag_id=1012#ew_0_626116,0.1,100,4.605170186,,
38,ea,g_1012;em_12_95593;n_16786-n_108409;p_188;#=ew_69_230217;prefix=76731-;[0]=ew_0_626146,R007M,PresentElder,240.713,240.613,https://labbcat.canterbury.ac.nz/maonze/transcript?ag_id=1012#ew_0_626146,0.1,100,4.605170186,,
47,ea,g_1018;em_12_95929;n_108498-n_6670236;p_188;#=ew_69_230411;prefix=77202-;[0]=ew_0_1282104,R007M,PresentElder,33.184,33.084,https://labbcat.canterbury.ac.nz/maonze/transcript?ag_id=1018#ew_0_1282104,0.1,100,4.605170186,,
68,ea,g_1022;em_12_96064;n_108537-n_108538;p_190;#=ew_69_232213;prefix=78801-;[0]=ew_0_630022,R009M,PresentElder,63.849,63.749,https://labbcat.canterbury.ac.nz/maonze/transcript?ag_id=1022#ew_0_630022,0.1,100,4.605170186,,
78,ea,g_1024;em_12_96142;n_108593-n_108594;p_190;#=ew_69_233021;prefix=79077-;[0]=ew_0_631200,R009M,PresentElder,61.001,60.901,https://labbcat.canterbury.ac.nz/maonze/transcript?ag_id=1024#ew_0_631200,0.1,100,4.605170186,,
117,ea,g_1035;em_12_96629;n_108927-n_108928;p_190;#=ew_69_234537;prefix=80893-;[0]=ew_0_638401,R009M,PresentElder,66.199,66.099,https://labbcat.canterbury.ac.nz/maonze/transcript?ag_id=1035#ew_0_638401,0.1,100,4.605170186,,
157,ea,g_1040;em_12_97035;n_109199-n_109200;p_193;#=ew_69_234794;prefix=82005-;[0]=ew_0_642410,R010M,PresentElder,179.492,179.392,https://labbcat.canterbury.ac.nz/maonze/transcript?ag_id=1040#ew_0_642410,0.1,100,4.605170186,,
183,ea,g_1046;em_12_97490;n_109418-n_109419;p_193;#=ew_69_235911;prefix=82786-;[0]=ew_0_646532,R010M,PresentElder,168.614,168.514,https://labbcat.canterbury.ac.nz/maonze/transcript?ag_id=1046#ew_0_646532,0.1,100,4.605170186,,
193,ea,g_105;em_12_7277;n_37116-n_37117;p_41;#=ew_69_163924;prefix=14458-;[0]=ew_0_72738,K007M,PresentElder,181.564,181.464,https://labbcat.canterbury.ac.nz/maonze/transcript?ag_id=105#ew_0_72738,0.1,100,4.605170186,,
267,ea,g_1087;em_12_100468;n_7084799-n_111566;p_208;#=ew_69_247841;prefix=93397-;[0]=ew_0_668477,WU07M,Historical,137.884,137.784,https://labbcat.canterbury.ac.nz/maonze/transcript?ag_id=1087#ew_0_668477,0.1,100,4.605170186,,
285,ea,g_1090;em_12_100589;n_18480-n_18481;p_208;#=ew_69_247975;prefix=93638-;[0]=ew_0_669587,WU07M,Historical,36.693,36.593,https://labbcat.canterbury.ac.nz/maonze/transcript?ag_id=1090#ew_0_669587,0.1,100,4.605170186,,
319,ea,g_1199;em_12_108533;n_117340-n_117341;p_244;#=ew_69_243266;prefix=88888-;[0]=ew_0_723696,WU04M,Historical,100.541,100.441,https://labbcat.canterbury.ac.nz/maonze/transcript?ag_id=1199#ew_0_723696,0.1,100,4.605170186,,
320,ea,g_1199;em_12_108541;n_117348-n_117349;p_244;#=ew_69_243318;prefix=88911-;[0]=ew_0_723757,WU04M,Historical,123.273,123.173,https://labbcat.canterbury.ac.nz/maonze/transcript?ag_id=1199#ew_0_723757,0.1,100,4.605170186,,
347,ea,g_1203;em_12_109029;n_117830-n_117831;p_244;#=ew_69_244261;prefix=89704-;[0]=ew_0_726166,WU04M,Historical,187.041,186.941,https://labbcat.canterbury.ac.nz/maonze/transcript?ag_id=1203#ew_0_726166,0.1,100,4.605170186,,
350,ea,g_1205;em_12_109227;n_118026-n_118027;p_244;#=ew_69_244457;prefix=89856-;[0]=ew_0_727287,WU04M,Historical,109.618,109.518,https://labbcat.canterbury.ac.nz/maonze/transcript?ag_id=1205#ew_0_727287,0.1,100,4.605170186,,
396,ea,g_1232;em_12_110968;n_21244-n_21245;p_249;#=ew_69_180042;prefix=29706-;[0]=ew_0_741038,L1H06M,L1,188.759,188.659,https://labbcat.canterbury.ac.nz/maonze/transcript?ag_id=1232#ew_0_741038,0.1,100,4.605170186,,
466,ea,g_132;em_12_8938;n_38417-n_38418;p_284;#=ew_69_209167;prefix=56934-;[0]=ew_0_86388,MU01M,Historical,103.223,103.123,https://labbcat.canterbury.ac.nz/maonze/transcript?ag_id=132#ew_0_86388,0.1,100,4.605170186,,
470,ea,g_132;em_12_8968;n_38447-n_38448;p_284;#=ew_69_209265;prefix=57026-;[0]=ew_0_86696,MU01M,Historical,242.046,241.946,https://labbcat.canterbury.ac.nz/maonze/transcript?ag_id=132#ew_0_86696,0.1,100,4.605170186,,
478,ea,g_1371;em_12_118228;n_123776-n_123777;p_287;#=ew_69_228163;prefix=74917-;[0]=ew_0_813708,R006M,PresentElder,168.445,168.345,https://labbcat.canterbury.ac.nz/maonze/transcript?ag_id=1371#ew_0_813708,0.1,100,4.605170186,,
489,ea,g_1372;em_12_118280;n_123827-n_123828;p_287;#=ew_69_227956;prefix=74812-;[0]=ew_0_814475,R006M,PresentElder,226.464,226.364,https://labbcat.canterbury.ac.nz/maonze/transcript?ag_id=1372#ew_0_814475,0.1,100,4.605170186,,
494,ea,g_1373;em_12_118304;n_123848-n_123849;p_287;#=ew_69_227569;prefix=74535-;[0]=ew_0_814832,R006M,PresentElder,109.853,109.753,https://labbcat.canterbury.ac.nz/maonze/transcript?ag_id=1373#ew_0_814832,0.1,100,4.605170186,,
533,ea,g_14;em_12_1123;n_31757-n_31758;p_19;#=ew_69_151858;prefix=03197-;[0]=ew_0_9689,K002M,PresentElder,197.762,197.662,https://labbcat.canterbury.ac.nz/maonze/transcript?ag_id=14#ew_0_9689,0.1,100,4.605170186,,
625,ea,g_1543;em_12_127116;n_30438-n_25712;p_291;#=ew_69_216396;prefix=63790-;[0]=ew_0_897565,MU09M,Historical,62.562,62.462,https://labbcat.canterbury.ac.nz/maonze/transcript?ag_id=1543#ew_0_897565,0.1,100,4.605170186,,
648,ea,g_1619;em_12_131870;n_134338-n_134339;p_299;#=ew_69_192002;prefix=40780-;[0]=ew_0_933951,L2H01M,L2,156.625,156.525,https://labbcat.canterbury.ac.nz/maonze/transcript?ag_id=1619#ew_0_933951,0.1,100,4.605170186,,
649,ea,g_1619;em_12_131880;n_134346-n_134347;p_299;#=ew_69_192039;prefix=40801-;[0]=ew_0_934046,L2H01M,L2,202.549,202.449,https://labbcat.canterbury.ac.nz/maonze/transcript?ag_id=1619#ew_0_934046,0.1,100,4.605170186,,
662,ea,g_1622;em_12_132100;n_134518-n_134519;p_299;#=ew_69_191752;prefix=41110-;[0]=ew_0_935596,L2H01M,L2,142.06,141.96,https://labbcat.canterbury.ac.nz/maonze/transcript?ag_id=1622#ew_0_935596,0.1,100,4.605170186,,
695,ea,g_1636;em_12_132898;n_135135-n_135136;p_288;#=ew_69_195251;prefix=44252-;[0]=ew_0_1275891,L2H03M,L2,90.609,90.509,https://labbcat.canterbury.ac.nz/maonze/transcript?ag_id=1636#ew_0_1275891,0.1,100,4.605170186,,
741,ea,g_1648;em_12_133692;n_135840-n_135841;p_300;#=ew_69_193660;prefix=42415-;[0]=ew_0_946470,L2H02M,L2,162.295,162.195,https://labbcat.canterbury.ac.nz/maonze/transcript?ag_id=1648#ew_0_946470,0.1,100,4.605170186,,
765,ea,g_1654;em_12_134217;n_136215-n_136216;p_300;#=ew_69_194628;prefix=43223-;[0]=ew_0_949561,L2H02M,L2,116.008,115.908,https://labbcat.canterbury.ac.nz/maonze/transcript?ag_id=1654#ew_0_949561,0.1,100,4.605170186,,
809,ea,g_1663;em_12_134697;n_136534-n_136535;p_302;#=ew_69_197378;prefix=45897-;[0]=ew_0_953825,L2H04M,L2,154.778,154.678,https://labbcat.canterbury.ac.nz/maonze/transcript?ag_id=1663#ew_0_953825,0.1,100,4.605170186,,
878,ea,g_1675;em_12_135195;n_136943-n_136944;p_307;#=ew_69_200422;prefix=48700-;[0]=ew_0_959724,L2H05M,L2,144.173,144.073,https://labbcat.canterbury.ac.nz/maonze/transcript?ag_id=1675#ew_0_959724,0.1,100,4.605170186,,
964,ea,g_1842;em_12_149109;n_3849184-n_3849192;p_49;#=ew_69_204709;prefix=52620-;[0]=ew_0_1102211,L2Y03M,L2,87.386,87.286,https://labbcat.canterbury.ac.nz/maonze/transcript?ag_id=1842#ew_0_1102211,0.1,100,4.605170186,,
970,ea,g_1843;em_12_149201;n_3850345-n_3850366;p_49;#=ew_69_204431;prefix=52835-;[0]=ew_0_1103185,L2Y03M,L2,175.191,175.091,https://labbcat.canterbury.ac.nz/maonze/transcript?ag_id=1843#ew_0_1103185,0.1,100,4.605170186,,
999,ea,g_1846;em_12_149379;n_3852814-n_3852823;p_49;#=ew_69_205201;prefix=53239-;[0]=ew_0_1105297,L2Y03M,L2,178.22,178.12,https://labbcat.canterbury.ac.nz/maonze/transcript?ag_id=1846#ew_0_1105297,0.1,100,4.605170186,,
1002,ea,g_1847;em_12_149423;n_3853386-n_3853400;p_49;#=ew_69_205469;prefix=53349-;[0]=ew_0_1105778,L2Y03M,L2,158.585,158.485,https://labbcat.canterbury.ac.nz/maonze/transcript?ag_id=1847#ew_0_1105778,0.1,100,4.605170186,,
1006,ea,g_1847;em_12_149441;n_3853655-n_3853674;p_49;#=ew_69_205528;prefix=53379-;[0]=ew_0_1106012,L2Y03M,L2,240.517,240.417,https://labbcat.canterbury.ac.nz/maonze/transcript?ag_id=1847#ew_0_1106012,0.1,100,4.605170186,,
1069,ea,g_1896;em_12_155939;n_5271571-n_5271591;p_334;#=ew_69_238388;prefix=84613-;[0]=ew_0_1181684,R011M,PresentElder,95.118,95.018,https://labbcat.canterbury.ac.nz/maonze/transcript?ag_id=1896#ew_0_1181684,0.1,100,4.605170186,,
1112,ea,g_1908;em_12_156785;n_5284777-n_5284792;p_333;#=ew_69_241211;prefix=86384-;[0]=ew_0_1191114,R012M,PresentElder,254.62,254.52,https://labbcat.canterbury.ac.nz/maonze/transcript?ag_id=1908#ew_0_1191114,0.1,100,4.605170186,,
1117,ea,g_1908;em_12_156807;n_5284409-n_5284427;p_333;#=ew_69_241026;prefix=86493-;[0]=ew_0_1191535,R012M,PresentElder,133.926,133.826,https://labbcat.canterbury.ac.nz/maonze/transcript?ag_id=1908#ew_0_1191535,0.1,100,4.605170186,,
1129,ea,g_1910;em_12_156920;n_5286697-n_5286710;p_333;#=ew_69_240546;prefix=86957-;[0]=ew_0_1192510,R012M,PresentElder,164.531,164.431,https://labbcat.canterbury.ac.nz/maonze/transcript?ag_id=1910#ew_0_1192510,0.1,100,4.605170186,,
1136,ea,g_1911;em_12_156998;n_5287575-n_5287601;p_333;#=ew_69_240594;prefix=87116-;[0]=ew_0_1193863,R012M,PresentElder,127.89,127.79,https://labbcat.canterbury.ac.nz/maonze/transcript?ag_id=1911#ew_0_1193863,0.1,100,4.605170186,,
1159,ea,g_1941;em_12_165503;n_6840846-n_6840858;p_112;#=ew_69_161916;prefix=11958-;[0]=ew_0_1294215,K006M,PresentElder,188.873,188.773,https://labbcat.canterbury.ac.nz/maonze/transcript?ag_id=1941#ew_0_1294215,0.1,100,4.605170186,,
1162,ea,g_1942;em_12_165564;n_6842374-n_6842388;p_41;#=ew_69_164959;prefix=15028-;[0]=ew_0_1295402,K007M,PresentElder,209.837,209.737,https://labbcat.canterbury.ac.nz/maonze/transcript?ag_id=1942#ew_0_1295402,0.1,100,4.605170186,,
1184,ea,g_1944;em_12_165783;n_6847388-n_6847398;p_28;#=ew_69_150341;prefix=01466-;[0]=ew_0_1296351,K001M,PresentElder,230.631,230.531,https://labbcat.canterbury.ac.nz/maonze/transcript?ag_id=1944#ew_0_1296351,0.1,100,4.605170186,,
1185,ea,g_1944;em_12_165788;n_6847430-n_6847442;p_28;#=ew_69_150357;prefix=01482-;[0]=ew_0_1296945,K001M,PresentElder,242.058,241.958,https://labbcat.canterbury.ac.nz/maonze/transcript?ag_id=1944#ew_0_1296945,0.1,100,4.605170186,,
1198,ea,g_1945;em_12_165941;n_6848434-n_6848440;p_28;#=ew_69_151257;prefix=01641-;[0]=ew_0_1297772,K001M,PresentElder,180.191,180.091,https://labbcat.canterbury.ac.nz/maonze/transcript?ag_id=1945#ew_0_1297772,0.1,100,4.605170186,,
1209,ea,g_1947;em_12_166035;n_6850360-n_6850382;p_121;#=ew_69_168607;prefix=18377-;[0]=ew_0_1299130,K009M,PresentElder,88.597,88.497,https://labbcat.canterbury.ac.nz/maonze/transcript?ag_id=1947#ew_0_1299130,0.1,100,4.605170186,,
1242,ea,g_23;em_12_1946;n_32562-n_32563;p_19;#=ew_69_153293;prefix=04440-;[0]=ew_0_16573,K002M,PresentElder,228.837,228.737,https://labbcat.canterbury.ac.nz/maonze/transcript?ag_id=23#ew_0_16573,0.1,100,4.605170186,,
1275,ea,g_27;em_12_2233;n_32840-n_32841;p_19;#=ew_69_154833;prefix=05181-;[0]=ew_0_18922,K002M,PresentElder,146.647,146.547,https://labbcat.canterbury.ac.nz/maonze/transcript?ag_id=27#ew_0_18922,0.1,100,4.605170186,,
1285,ea,g_27;em_12_2243;n_32850-n_32851;p_19;#=ew_69_154887;prefix=05235-;[0]=ew_0_19040,K002M,PresentElder,187.262,187.162,https://labbcat.canterbury.ac.nz/maonze/transcript?ag_id=27#ew_0_19040,0.1,100,4.605170186,,
1286,ea,g_27;em_12_2243;n_32850-n_32851;p_19;#=ew_69_154889;prefix=05237-;[0]=ew_0_19043,K002M,PresentElder,188.392,188.292,https://labbcat.canterbury.ac.nz/maonze/transcript?ag_id=27#ew_0_19043,0.1,100,4.605170186,,
1290,ea,g_27;em_12_2253;n_32860-n_32861;p_19;#=ew_69_154920;prefix=05268-;[0]=ew_0_19143,K002M,PresentElder,236.214,236.114,https://labbcat.canterbury.ac.nz/maonze/transcript?ag_id=27#ew_0_19143,0.1,100,4.605170186,,
1313,ea,g_305;em_12_162474;n_6240882-n_6240979;p_81;#=ew_69_186737;prefix=35124-;[0]=ew_0_1265848,L1Y03M,L1,189.162,189.062,https://labbcat.canterbury.ac.nz/maonze/transcript?ag_id=305#ew_0_1265848,0.1,100,4.605170186,,
1327,ea,g_309;em_12_160830;n_5999841-n_5999848;p_81;#=ew_69_186133;prefix=35868-;[0]=ew_0_1240873,L1Y03M,L1,229.224,229.124,https://labbcat.canterbury.ac.nz/maonze/transcript?ag_id=309#ew_0_1240873,0.1,100,4.605170186,,
1352,ea,g_317;em_12_148838;n_3841578-n_3841600;p_89;#=ew_69_187647;prefix=36702-;[0]=ew_0_1096408,L1Y04M,L1,123.597,123.497,https://labbcat.canterbury.ac.nz/maonze/transcript?ag_id=317#ew_0_1096408,0.1,100,4.605170186,,
1365,ea,g_318;em_12_149610;n_3956228-n_3956181;p_89;#=ew_69_188003;prefix=36918-;[0]=ew_0_1109961,L1Y04M,L1,230.302,230.202,https://labbcat.canterbury.ac.nz/maonze/transcript?ag_id=318#ew_0_1109961,0.1,100,4.605170186,,
1467,ea,g_336;em_12_33354;n_57585-n_57586;p_85;#=ew_69_184400;prefix=33549-;[0]=ew_0_222293,L1Y02M,L1,139.033,138.933,https://labbcat.canterbury.ac.nz/maonze/transcript?ag_id=336#ew_0_222293,0.1,100,4.605170186,,
1485,ea,g_341;em_12_33497;n_57710-n_57711;p_85;#=ew_69_184462;prefix=33774-;[0]=ew_0_224279,L1Y02M,L1,121.247,121.147,https://labbcat.canterbury.ac.nz/maonze/transcript?ag_id=341#ew_0_224279,0.1,100,4.605170186,,
1500,ea,g_346;em_12_161036;n_6032415-n_6032417;p_85;#=ew_69_185120;prefix=34306-;[0]=ew_0_1242258,L1Y02M,L1,89.443,89.343,https://labbcat.canterbury.ac.nz/maonze/transcript?ag_id=346#ew_0_1242258,0.1,100,4.605170186,,
1621,ea,g_453;em_12_161342;n_6124142-n_6124145;p_110;#=ew_69_157042;prefix=07598-;[0]=ew_0_1254774,K003M,PresentElder,186.555,186.455,https://labbcat.canterbury.ac.nz/maonze/transcript?ag_id=453#ew_0_1254774,0.1,100,4.605170186,,
1662,ea,g_466;em_12_48086;n_70117-n_70118;p_120;#=ew_69_165545;prefix=15997-;[0]=ew_0_300743,K008M,PresentElder,185.629,185.529,https://labbcat.canterbury.ac.nz/maonze/transcript?ag_id=466#ew_0_300743,0.1,100,4.605170186,,
1696,ea,g_477;em_12_49160;n_71078-n_71079;p_121;#=ew_69_167614;prefix=17722-;[0]=ew_0_306956,K009M,PresentElder,164.789,164.689,https://labbcat.canterbury.ac.nz/maonze/transcript?ag_id=477#ew_0_306956,0.1,100,4.605170186,,
1733,ea,g_488;em_12_50158;n_8330-n_71882;p_122;#=ew_69_169460;prefix=19424-;[0]=ew_0_313979,K010M,PresentElder,248.966,248.866,https://labbcat.canterbury.ac.nz/maonze/transcript?ag_id=488#ew_0_313979,0.1,100,4.605170186,,
1734,ea,g_489;em_12_50271;n_71957-n_71958;p_122;#=ew_69_170084;prefix=19498-;[0]=ew_0_314455,K010M,PresentElder,157.53,157.43,https://labbcat.canterbury.ac.nz/maonze/transcript?ag_id=489#ew_0_314455,0.1,100,4.605170186,,
1759,ea,g_494;em_12_51097;n_72545-n_72546;p_122;#=ew_69_170055;prefix=20238-;[0]=ew_0_317990,K010M,PresentElder,244.363,244.263,https://labbcat.canterbury.ac.nz/maonze/transcript?ag_id=494#ew_0_317990,0.1,100,4.605170186,,
1767,ea,g_496;em_12_51406;n_8713-n_72746;p_122;#=ew_69_170468;prefix=20429-;[0]=ew_0_319202,K010M,PresentElder,114.467,114.367,https://labbcat.canterbury.ac.nz/maonze/transcript?ag_id=496#ew_0_319202,0.1,100,4.605170186,,
1790,ea,g_51;em_12_3717;n_34051-n_34052;p_32;#=ew_69_157488;prefix=07958-;[0]=ew_0_33993,K004M,PresentElder,225.17,225.07,https://labbcat.canterbury.ac.nz/maonze/transcript?ag_id=51#ew_0_33993,0.1,100,4.605170186,,
1796,ea,g_52;em_12_3731;n_34064-n_34065;p_32;#=ew_69_157857;prefix=08044-;[0]=ew_0_34253,K004M,PresentElder,68.151,68.051,https://labbcat.canterbury.ac.nz/maonze/transcript?ag_id=52#ew_0_34253,0.1,100,4.605170186,,
1813,ea,g_53;em_12_158369;n_5387889-n_5387893;p_32;#=ew_69_157795;prefix=08363-;[0]=ew_0_1210549,K004M,PresentElder,128.75,128.65,https://labbcat.canterbury.ac.nz/maonze/transcript?ag_id=53#ew_0_1210549,0.1,100,4.605170186,,
1817,ea,g_54;em_12_161899;n_6213646-n_6213647;p_32;#=ew_69_158343;prefix=08588-;[0]=ew_0_1259462,K004M,PresentElder,236.013,235.913,https://labbcat.canterbury.ac.nz/maonze/transcript?ag_id=54#ew_0_1259462,0.1,100,4.605170186,,
1818,ea,g_54;em_12_161900;n_6213648-n_6213649;p_32;#=ew_69_158362;prefix=08597-;[0]=ew_0_1259590,K004M,PresentElder,245.81,245.71,https://labbcat.canterbury.ac.nz/maonze/transcript?ag_id=54#ew_0_1259590,0.1,100,4.605170186,,
1831,ea,g_54;em_12_3832;n_334-n_34162;p_32;#=ew_69_158179;prefix=08511-;[0]=ew_0_1259292,K004M,PresentElder,33.175,33.075,https://labbcat.canterbury.ac.nz/maonze/transcript?ag_id=54#ew_0_1259292,0.1,100,4.605170186,,
1857,ea,g_58;em_12_162185;n_6217229-n_6217245;p_32;#=ew_69_159663;prefix=09528-;[0]=ew_0_1262205,K004M,PresentElder,82.814,82.714,https://labbcat.canterbury.ac.nz/maonze/transcript?ag_id=58#ew_0_1262205,0.1,100,4.605170186,,
1861,ea,g_59;em_12_162216;n_6219092-n_6219093;p_32;#=ew_69_159425;prefix=09745-;[0]=ew_0_1263575,K004M,PresentElder,59.358,59.258,https://labbcat.canterbury.ac.nz/maonze/transcript?ag_id=59#ew_0_1263575,0.1,100,4.605170186,,
1920,ea,g_610;em_12_64683;n_84251-n_84252;p_142;#=ew_69_182050;prefix=31025-;[0]=ew_0_388889,L1Y01M,L1,94.783,94.683,https://labbcat.canterbury.ac.nz/maonze/transcript?ag_id=610#ew_0_388889,0.1,100,4.605170186,,
1994,ea,g_627;em_12_65393;n_84908-n_84909;p_142;#=ew_69_183852;prefix=33056-;[0]=ew_0_397085,L1Y01M,L1,104.359,104.259,https://labbcat.canterbury.ac.nz/maonze/transcript?ag_id=627#ew_0_397085,0.1,100,4.605170186,,
2025,ea,g_631;em_12_65996;n_85463-n_85464;p_143;#=ew_69_202309;prefix=51294-;[0]=ew_0_400791,L2Y02M,L2,129.143,129.043,https://labbcat.canterbury.ac.nz/maonze/transcript?ag_id=631#ew_0_400791,0.1,100,4.605170186,,
2084,ea,g_649;em_12_67511;n_86685-n_10770;p_146;#=ew_69_205733;prefix=53751-;[0]=ew_0_413374,L2Y04M,L2,201.117,201.017,https://labbcat.canterbury.ac.nz/maonze/transcript?ag_id=649#ew_0_413374,0.1,100,4.605170186,,
2108,ea,g_657;em_12_69453;n_88347-n_88348;p_146;#=ew_69_206847;prefix=54566-;[0]=ew_0_417818,L2Y04M,L2,183.07,182.97,https://labbcat.canterbury.ac.nz/maonze/transcript?ag_id=657#ew_0_417818,0.1,100,4.605170186,,
2126,ea,g_665;em_12_150067;n_4423608-n_4423615;p_148;#=ew_69_207782;prefix=55578-;[0]=ew_0_1116244,L2Y05M,L2,211.501,211.401,https://labbcat.canterbury.ac.nz/maonze/transcript?ag_id=665#ew_0_1116244,0.1,100,4.605170186,,
2198,ea,g_8;em_12_476;n_31130-n_31131;p_28;#=ew_69_149706;prefix=01095-;[0]=ew_0_4492,K001M,PresentElder,104.485,104.385,https://labbcat.canterbury.ac.nz/maonze/transcript?ag_id=8#ew_0_4492,0.1,100,4.605170186,,
2256,ea,g_853;em_12_85736;n_100742-n_100743;p_167;#=ew_69_171605;prefix=21407-;[0]=ew_0_543360,L1H01M,L1,165.743,165.643,https://labbcat.canterbury.ac.nz/maonze/transcript?ag_id=853#ew_0_543360,0.1,100,4.605170186,,
2265,ea,g_854;em_12_85804;n_100808-n_100809;p_167;#=ew_69_171751;prefix=21542-;[0]=ew_0_543886,L1H01M,L1,123.374,123.274,https://labbcat.canterbury.ac.nz/maonze/transcript?ag_id=854#ew_0_543886,0.1,100,4.605170186,,
2286,ea,g_856;em_12_85968;n_100955-n_100956;p_167;#=ew_69_171956;prefix=21909-;[0]=ew_0_545194,L1H01M,L1,181.843,181.743,https://labbcat.canterbury.ac.nz/maonze/transcript?ag_id=856#ew_0_545194,0.1,100,4.605170186,,
2318,ea,g_863;em_12_86438;n_101335-n_14750;p_168;#=ew_69_173009;prefix=22934-;[0]=ew_0_548780,L1H02M,L1,154.509,154.409,https://labbcat.canterbury.ac.nz/maonze/transcript?ag_id=863#ew_0_548780,0.1,100,4.605170186,,
2363,ea,g_87;em_12_5854;n_35898-n_35899;p_37;#=ew_69_161008;prefix=11522-;[0]=ew_0_59854,K005M,PresentElder,97.208,97.108,https://labbcat.canterbury.ac.nz/maonze/transcript?ag_id=87#ew_0_59854,0.1,100,4.605170186,,
2410,ea,g_893;em_12_88411;n_102677-n_102678;p_174;#=ew_69_179507;prefix=28524-;[0]=ew_0_562753,L1H05M,L1,113.889,113.789,https://labbcat.canterbury.ac.nz/maonze/transcript?ag_id=893#ew_0_562753,0.1,100,4.605170186,,
2420,ea,g_895;em_12_88509;n_102760-n_102761;p_174;#=ew_69_178079;prefix=28195-;[0]=ew_0_563983,L1H05M,L1,122.615,122.515,https://labbcat.canterbury.ac.nz/maonze/transcript?ag_id=895#ew_0_563983,0.1,100,4.605170186,,
2504,ea,g_910;em_12_89280;n_103295-n_103296;p_173;#=ew_69_176224;prefix=26260-;[0]=ew_0_571892,L1H04M,L1,166.311,166.211,https://labbcat.canterbury.ac.nz/maonze/transcript?ag_id=910#ew_0_571892,0.1,100,4.605170186,,
2505,ea,g_910;em_12_89289;n_15595-n_15596;p_173;#=ew_69_176246;prefix=26282-;[0]=ew_0_572004,L1H04M,L1,215.232,215.132,https://labbcat.canterbury.ac.nz/maonze/transcript?ag_id=910#ew_0_572004,0.1,100,4.605170186,,
2524,ea,g_927;em_12_90363;n_104182-n_104183;p_179;#=ew_69_217338;prefix=64784-;[0]=ew_0_580654,R001M,PresentElder,222.224,222.124,https://labbcat.canterbury.ac.nz/maonze/transcript?ag_id=927#ew_0_580654,0.1,100,4.605170186,,
2539,ea,g_935;em_12_90878;n_104676-n_104677;p_179;#=ew_69_218444;prefix=65548-;[0]=ew_0_583428,R001M,PresentElder,132.951,132.851,https://labbcat.canterbury.ac.nz/maonze/transcript?ag_id=935#ew_0_583428,0.1,100,4.605170186,,
2550,ea,g_937;em_12_91036;n_104821-n_104822;p_179;#=ew_69_218576;prefix=65875-;[0]=ew_0_584523,R001M,PresentElder,65.609,65.509,https://labbcat.canterbury.ac.nz/maonze/transcript?ag_id=937#ew_0_584523,0.1,100,4.605170186,,
2559,ea,g_939;em_12_91230;n_104997-n_104998;p_179;#=ew_69_219098;prefix=66298-;[0]=ew_0_585995,R001M,PresentElder,133.751,133.651,https://labbcat.canterbury.ac.nz/maonze/transcript?ag_id=939#ew_0_585995,0.1,100,4.605170186,,
2655,ea,g_960;em_12_92256;n_105842-n_105843;p_183;#=ew_69_222320;prefix=69078-;[0]=ew_0_596655,R003M,PresentElder,105.755,105.655,https://labbcat.canterbury.ac.nz/maonze/transcript?ag_id=960#ew_0_596655,0.1,100,4.605170186,,
2656,ea,g_960;em_12_92257;n_105843-n_105844;p_183;#=ew_69_222331;prefix=69082-;[0]=ew_0_596668,R003M,PresentElder,110.018,109.918,https://labbcat.canterbury.ac.nz/maonze/transcript?ag_id=960#ew_0_596668,0.1,100,4.605170186,,
2663,ea,g_962;em_12_92375;n_16058-n_105922;p_183;#=ew_69_222358;prefix=69395-;[0]=ew_0_597791,R003M,PresentElder,94.383,94.283,https://labbcat.canterbury.ac.nz/maonze/transcript?ag_id=962#ew_0_597791,0.1,100,4.605170186,,
2717,ea,g_972;em_12_93036;n_106397-n_106398;p_184;#=ew_69_224032;prefix=70781-;[0]=ew_0_603348,R004M,PresentElder,220.058,219.958,https://labbcat.canterbury.ac.nz/maonze/transcript?ag_id=972#ew_0_603348,0.1,100,4.605170186,,
2822,ea,g_99;em_12_162836;n_6281981-n_6281987;p_41;#=ew_69_163707;prefix=13144-;[0]=ew_0_1271688,K007M,PresentElder,227.096,226.996,https://labbcat.canterbury.ac.nz/maonze/transcript?ag_id=99#ew_0_1271688,0.1,100,4.605170186,,
2829,ea,g_990;em_12_94059;n_107114-n_107115;p_182;#=ew_69_226793;prefix=73428-;[0]=ew_0_612297,R005M,PresentElder,67.527,67.427,https://labbcat.canterbury.ac.nz/maonze/transcript?ag_id=990#ew_0_612297,0.1,100,4.605170186,,
2849,ia,g_100;em_12_162703;n_6281928-n_6281934;p_41;#=ew_69_162701;prefix=13484-;[0]=ew_0_1269930,K007M,PresentElder,95.246,95.146,https://labbcat.canterbury.ac.nz/maonze/transcript?ag_id=100#ew_0_1269930,0.1,100,4.605170186,,
2873,ia,g_1010;em_12_95429;n_16712-n_16713;p_188;#=ew_69_230168;prefix=76469-;[0]=ew_0_625028,R007M,PresentElder,161.242,161.142,https://labbcat.canterbury.ac.nz/maonze/transcript?ag_id=1010#ew_0_625028,0.1,100,4.605170186,,
2894,ia,g_1019;em_12_96001;n_17102-n_17103;p_188;#=ew_69_230375;prefix=77319-;[0]=ew_0_629046,R007M,PresentElder,170.838,170.738,https://labbcat.canterbury.ac.nz/maonze/transcript?ag_id=1019#ew_0_629046,0.1,100,4.605170186,,
2949,ia,g_103;em_12_163012;n_6285805-n_6285976;p_41;#=ew_69_164617;prefix=14012-;[0]=ew_0_1270773,K007M,PresentElder,175.777,175.677,https://labbcat.canterbury.ac.nz/maonze/transcript?ag_id=103#ew_0_1270773,0.1,100,4.605170186,,
2992,ia,g_1037;em_12_96755;n_109022-n_109023;p_193;#=ew_69_235230;prefix=81397-;[0]=ew_0_639991,R010M,PresentElder,161.391,161.291,https://labbcat.canterbury.ac.nz/maonze/transcript?ag_id=1037#ew_0_639991,0.1,100,4.605170186,,
3029,ia,g_1048;em_12_97576;n_109481-n_109482;p_193;#=ew_69_236768;prefix=83107-;[0]=ew_0_647453,R010M,PresentElder,146.57,146.47,https://labbcat.canterbury.ac.nz/maonze/transcript?ag_id=1048#ew_0_647453,0.1,100,4.605170186,,
3046,ia,g_1071;em_12_99556;n_110771-n_110772;p_206;#=ew_69_245612;prefix=91170-;[0]=ew_0_659796,WU06M,Historical,64.219,64.119,https://labbcat.canterbury.ac.nz/maonze/transcript?ag_id=1071#ew_0_659796,0.1,100,4.605170186,,
3193,ia,g_12;em_12_927;n_31563-n_31564;p_28;#=ew_69_149552;prefix=00133-;[0]=ew_0_8199,K001M,PresentElder,191.22,191.12,https://labbcat.canterbury.ac.nz/maonze/transcript?ag_id=12#ew_0_8199,0.1,100,4.605170186,,
3205,ia,g_1201;em_12_108775;n_117578-n_117579;p_244;#=ew_69_243361;prefix=89297-;[0]=ew_0_724937,WU04M,Historical,153.166,153.066,https://labbcat.canterbury.ac.nz/maonze/transcript?ag_id=1201#ew_0_724937,0.1,100,4.605170186,,
3228,ia,g_1209;em_12_109635;n_118420-n_118421;p_244;#=ew_69_243910;prefix=90504-;[0]=ew_0_729627,WU04M,Historical,124.872,124.772,https://labbcat.canterbury.ac.nz/maonze/transcript?ag_id=1209#ew_0_729627,0.1,100,4.605170186,,
3237,ia,g_1212;em_12_109800;n_118528-n_118529;p_244;#=ew_69_244769;prefix=90858-;[0]=ew_0_731030,WU04M,Historical,84.961,84.861,https://labbcat.canterbury.ac.nz/maonze/transcript?ag_id=1212#ew_0_731030,0.1,100,4.605170186,,
3303,ia,g_1386;em_12_118992;n_124480-n_30275;p_262;#=ew_69_248685;prefix=94382-;[0]=ew_0_821784,WU08M,Historical,228.438,228.338,https://labbcat.canterbury.ac.nz/maonze/transcript?ag_id=1386#ew_0_821784,0.1,100,4.605170186,,
3329,ia,g_1392;em_12_119188;n_124660-n_124661;p_262;#=ew_69_249408;prefix=95162-;[0]=ew_0_824633,WU08M,Historical,164.177,164.077,https://labbcat.canterbury.ac.nz/maonze/transcript?ag_id=1392#ew_0_824633,0.1,100,4.605170186,,
3333,ia,g_1396;em_12_119309;n_124764-n_124765;p_262;#=ew_69_249869;prefix=95607-;[0]=ew_0_826415,WU08M,Historical,87.154,87.054,https://labbcat.canterbury.ac.nz/maonze/transcript?ag_id=1396#ew_0_826415,0.1,100,4.605170186,,
3358,ia,g_1521;em_12_126025;n_130069-n_130070;p_284;#=ew_69_210637;prefix=58454-;[0]=ew_0_885729,MU01M,Historical,136.976,136.876,https://labbcat.canterbury.ac.nz/maonze/transcript?ag_id=1521#ew_0_885729,0.1,100,4.605170186,,
3407,ia,g_1617;em_12_131754;n_134246-n_134247;p_299;#=ew_69_192243;prefix=40534-;[0]=ew_0_932983,L2H01M,L2,225.766,225.666,https://labbcat.canterbury.ac.nz/maonze/transcript?ag_id=1617#ew_0_932983,0.1,100,4.605170186,,
3420,ia,g_1621;em_12_132016;n_134451-n_134452;p_299;#=ew_69_191705;prefix=40993-;[0]=ew_0_935048,L2H01M,L2,137.01,136.91,https://labbcat.canterbury.ac.nz/maonze/transcript?ag_id=1621#ew_0_935048,0.1,100,4.605170186,,
3434,ia,g_1624;em_12_132256;n_134630-n_134631;p_299;#=ew_69_193112;prefix=41339-;[0]=ew_0_936617,L2H01M,L2,153.197,153.097,https://labbcat.canterbury.ac.nz/maonze/transcript?ag_id=1624#ew_0_936617,0.1,100,4.605170186,,
3496,ia,g_1652;em_12_134090;n_27245-n_136121;p_300;#=ew_69_194983;prefix=43018-;[0]=ew_0_948780,L2H02M,L2,215.993,215.893,https://labbcat.canterbury.ac.nz/maonze/transcript?ag_id=1652#ew_0_948780,0.1,100,4.605170186,,
3512,ia,g_1658;em_12_134524;n_136413-n_136414;p_300;#=ew_69_195178;prefix=43742-;[0]=ew_0_951838,L2H02M,L2,243.165,243.065,https://labbcat.canterbury.ac.nz/maonze/transcript?ag_id=1658#ew_0_951838,0.1,100,4.605170186,,
3546,ia,g_1669;em_12_134967;n_136770-n_136771;p_302;#=ew_69_198615;prefix=46819-;[0]=ew_0_957099,L2H04M,L2,198.921,198.821,https://labbcat.canterbury.ac.nz/maonze/transcript?ag_id=1669#ew_0_957099,0.1,100,4.605170186,,
3556,ia,g_1671;em_12_163215;n_6399692-n_6399700;p_302;#=ew_69_198845;prefix=47089-;[0]=ew_0_1276116,L2H04M,L2,175.12,175.02,https://labbcat.canterbury.ac.nz/maonze/transcript?ag_id=1671#ew_0_1276116,0.1,100,4.605170186,,
3570,ia,g_1688;em_12_136097;n_137564-n_137565;p_307;#=ew_69_200162;prefix=48117-;[0]=ew_0_966092,L2H05M,L2,223.676,223.576,https://labbcat.canterbury.ac.nz/maonze/transcript?ag_id=1688#ew_0_966092,0.1,100,4.605170186,,
3579,ia,g_1750;em_12_139937;n_140610-n_140611;p_318;#=ew_69_231609;prefix=78102-;[0]=ew_0_1003105,R008M,PresentElder,241.672,241.572,https://labbcat.canterbury.ac.nz/maonze/transcript?ag_id=1750#ew_0_1003105,0.1,100,4.605170186,,
3585,ia,g_1753;em_12_140153;n_140800-n_140801;p_318;#=ew_69_231770;prefix=78415-;[0]=ew_0_1004260,R008M,PresentElder,237.91,237.81,https://labbcat.canterbury.ac.nz/maonze/transcript?ag_id=1753#ew_0_1004260,0.1,100,4.605170186,,
3606,ia,g_1842;em_12_149128;n_3849376-n_3849393;p_49;#=ew_69_204824;prefix=52654-;[0]=ew_0_1102368,L2Y03M,L2,159.506,159.406,https://labbcat.canterbury.ac.nz/maonze/transcript?ag_id=1842#ew_0_1102368,0.1,100,4.605170186,,
3617,ia,g_1848;em_12_149492;n_3854292-n_3854304;p_49;#=ew_69_205547;prefix=53465-;[0]=ew_0_1106548,L2Y03M,L2,205.42,205.32,https://labbcat.canterbury.ac.nz/maonze/transcript?ag_id=1848#ew_0_1106548,0.1,100,4.605170186,,
3648,ia,g_1885;em_12_155181;n_5260777-n_5260794;p_334;#=ew_69_237388;prefix=83647-;[0]=ew_0_1172008,R011M,PresentElder,78.78,78.68,https://labbcat.canterbury.ac.nz/maonze/transcript?ag_id=1885#ew_0_1172008,0.1,100,4.605170186,,
3678,ia,g_1897;em_12_155966;n_5273869-n_5273890;p_333;#=ew_69_238415;prefix=84846-;[0]=ew_0_1182010,R012M,PresentElder,59.605,59.505,https://labbcat.canterbury.ac.nz/maonze/transcript?ag_id=1897#ew_0_1182010,0.1,100,4.605170186,,
3688,ia,g_1899;em_12_156116;n_5276259-n_5276279;p_333;#=ew_69_238127;prefix=85014-;[0]=ew_0_1184088,R012M,PresentElder,203.742,203.642,https://labbcat.canterbury.ac.nz/maonze/transcript?ag_id=1899#ew_0_1184088,0.1,100,4.605170186,,
3699,ia,g_1902;em_12_156437;n_5279124-n_5279142;p_333;#=ew_69_239344;prefix=85304-;[0]=ew_0_1186686,R012M,PresentElder,142.326,142.226,https://labbcat.canterbury.ac.nz/maonze/transcript?ag_id=1902#ew_0_1186686,0.1,100,4.605170186,,
3733,ia,g_1910;em_12_156886;n_5286936-n_5286947;p_333;#=ew_69_240641;prefix=86811-;[0]=ew_0_1192639,R012M,PresentElder,240.626,240.526,https://labbcat.canterbury.ac.nz/maonze/transcript?ag_id=1910#ew_0_1192639,0.1,100,4.605170186,,
3778,ia,g_1942;em_12_165615;n_6842497-n_6842513;p_41;#=ew_69_164991;prefix=15058-;[0]=ew_0_1294743,K007M,PresentElder,238.956,238.856,https://labbcat.canterbury.ac.nz/maonze/transcript?ag_id=1942#ew_0_1294743,0.1,100,4.605170186,,
3785,ia,g_1944;em_12_165778;n_6847012-n_6847023;p_28;#=ew_69_150244;prefix=01377-;[0]=ew_0_1296371,K001M,PresentElder,119.768,119.668,https://labbcat.canterbury.ac.nz/maonze/transcript?ag_id=1944#ew_0_1296371,0.1,100,4.605170186,,
3816,ia,g_22;em_12_1806;n_32423-n_32424;p_19;#=ew_69_153331;prefix=04080-;[0]=ew_0_15463,K002M,PresentElder,49.306,49.206,https://labbcat.canterbury.ac.nz/maonze/transcript?ag_id=22#ew_0_15463,0.1,100,4.605170186,,
3841,ia,g_25;em_12_2148;n_32757-n_32758;p_19;#=ew_69_154133;prefix=04942-;[0]=ew_0_18193,K002M,PresentElder,217.554,217.454,https://labbcat.canterbury.ac.nz/maonze/transcript?ag_id=25#ew_0_18193,0.1,100,4.605170186,,
3852,ia,g_305;em_12_162465;n_6241005-n_6241007;p_81;#=ew_69_186767;prefix=35142-;[0]=ew_0_1265844,L1Y03M,L1,248.343,248.243,https://labbcat.canterbury.ac.nz/maonze/transcript?ag_id=305#ew_0_1265844,0.1,100,4.605170186,,
3862,ia,g_307;em_12_29979;n_54773-n_54774;p_81;#=ew_69_186599;prefix=35479-;[0]=ew_0_207124,L1Y03M,L1,216.968,216.868,https://labbcat.canterbury.ac.nz/maonze/transcript?ag_id=307#ew_0_207124,0.1,100,4.605170186,,
3866,ia,g_309;em_12_160784;n_5999764-n_5999774;p_81;#=ew_69_186031;prefix=35910-;[0]=ew_0_1240669,L1Y03M,L1,161.426,161.326,https://labbcat.canterbury.ac.nz/maonze/transcript?ag_id=309#ew_0_1240669,0.1,100,4.605170186,,
3912,ia,g_329;em_12_33193;n_57459-n_57460;p_85;#=ew_69_184721;prefix=34038-;[0]=ew_0_220217,L1Y02M,L1,166.057,165.957,https://labbcat.canterbury.ac.nz/maonze/transcript?ag_id=329#ew_0_220217,0.1,100,4.605170186,,
3931,ia,g_340;em_12_33459;n_57677-n_57678;p_85;#=ew_69_185663;prefix=34791-;[0]=ew_0_223744,L1Y02M,L1,59.352,59.252,https://labbcat.canterbury.ac.nz/maonze/transcript?ag_id=340#ew_0_223744,0.1,100,4.605170186,,
3944,ia,g_349;em_12_33769;n_57895-n_57896;p_87;#=ew_69_211400;prefix=59848-;[0]=ew_0_227331,MU03M,Historical,187.886,187.786,https://labbcat.canterbury.ac.nz/maonze/transcript?ag_id=349#ew_0_227331,0.1,100,4.605170186,,
4029,ia,g_387;em_12_39397;n_63191-n_63192;p_95;#=ew_69_214721;prefix=62977-;[0]=ew_0_249472,MU06M,Historical,85.079,84.979,https://labbcat.canterbury.ac.nz/maonze/transcript?ag_id=387#ew_0_249472,0.1,100,4.605170186,,
4038,ia,g_445;em_12_45962;n_68463-n_68464;p_110;#=ew_69_155466;prefix=05503-;[0]=ew_0_286298,K003M,PresentElder,78.981,78.881,https://labbcat.canterbury.ac.nz/maonze/transcript?ag_id=445#ew_0_286298,0.1,100,4.605170186,,
4044,ia,g_446;em_12_169667;n_6944582-n_6944583;p_110;#=ew_69_155732;prefix=05827-;[0]=ew_0_1326017,K003M,PresentElder,150.684,150.584,https://labbcat.canterbury.ac.nz/maonze/transcript?ag_id=446#ew_0_1326017,0.1,100,4.605170186,,
4053,ia,g_447;em_12_169750;n_6945228-n_6945229;p_110;#=ew_69_155497;prefix=06050-;[0]=ew_0_1326695,K003M,PresentElder,69.544,69.444,https://labbcat.canterbury.ac.nz/maonze/transcript?ag_id=447#ew_0_1326695,0.1,100,4.605170186,,
4086,ia,g_451;em_12_161313;n_6123559-n_6123574;p_110;#=ew_69_156470;prefix=07218-;[0]=ew_0_1252293,K003M,PresentElder,229.583,229.483,https://labbcat.canterbury.ac.nz/maonze/transcript?ag_id=451#ew_0_1252293,0.1,100,4.605170186,,
4102,ia,g_453;em_12_161349;n_6123872-n_6124108;p_110;#=ew_69_157024;prefix=07580-;[0]=ew_0_1254427,K003M,PresentElder,162.841,162.741,https://labbcat.canterbury.ac.nz/maonze/transcript?ag_id=453#ew_0_1254427,0.1,100,4.605170186,,
4145,ia,g_477;em_12_49147;n_71065-n_71066;p_121;#=ew_69_167411;prefix=17661-;[0]=ew_0_306801,K009M,PresentElder,89.774,89.674,https://labbcat.canterbury.ac.nz/maonze/transcript?ag_id=477#ew_0_306801,0.1,100,4.605170186,,
4154,ia,g_479;em_12_49281;n_71183-n_71184;p_121;#=ew_69_168070;prefix=18052-;[0]=ew_0_308439,K009M,PresentElder,232.92,232.82,https://labbcat.canterbury.ac.nz/maonze/transcript?ag_id=479#ew_0_308439,0.1,100,4.605170186,,
4164,ia,g_482;em_12_49449;n_71329-n_71330;p_121;#=ew_69_169044;prefix=18577-;[0]=ew_0_310061,K009M,PresentElder,140.933,140.833,https://labbcat.canterbury.ac.nz/maonze/transcript?ag_id=482#ew_0_310061,0.1,100,4.605170186,,
4177,ia,g_484;em_12_49702;n_71522-n_71523;p_121;#=ew_69_169019;prefix=18935-;[0]=ew_0_311452,K009M,PresentElder,130.17,130.07,https://labbcat.canterbury.ac.nz/maonze/transcript?ag_id=484#ew_0_311452,0.1,100,4.605170186,,
4185,ia,g_488;em_12_50050;n_71821-n_8284;p_122;#=ew_69_169353;prefix=19375-;[0]=ew_0_313623,K010M,PresentElder,69.711,69.611,https://labbcat.canterbury.ac.nz/maonze/transcript?ag_id=488#ew_0_313623,0.1,100,4.605170186,,
4204,ia,g_494;em_12_51095;n_72543-n_72544;p_122;#=ew_69_170050;prefix=20235-;[0]=ew_0_317978,K010M,PresentElder,240.053,239.953,https://labbcat.canterbury.ac.nz/maonze/transcript?ag_id=494#ew_0_317978,0.1,100,4.605170186,,
4210,ia,g_495;em_12_51253;n_72643-n_8663;p_122;#=ew_69_170731;prefix=20334-;[0]=ew_0_318541,K010M,PresentElder,193.646,193.546,https://labbcat.canterbury.ac.nz/maonze/transcript?ag_id=495#ew_0_318541,0.1,100,4.605170186,,
4213,ia,g_496;em_12_51397;n_72742-n_72743;p_122;#=ew_69_170462;prefix=20423-;[0]=ew_0_319164,K010M,PresentElder,102.812,102.712,https://labbcat.canterbury.ac.nz/maonze/transcript?ag_id=496#ew_0_319164,0.1,100,4.605170186,,
4229,ia,g_53;em_12_158368;n_5387896-n_5387904;p_32;#=ew_69_157808;prefix=08372-;[0]=ew_0_1208480,K004M,PresentElder,140.506,140.406,https://labbcat.canterbury.ac.nz/maonze/transcript?ag_id=53#ew_0_1208480,0.1,100,4.605170186,,
4230,ia,g_53;em_12_158369;n_5387889-n_5387893;p_32;#=ew_69_157785;prefix=08358-;[0]=ew_0_1208990,K004M,PresentElder,123.44,123.34,https://labbcat.canterbury.ac.nz/maonze/transcript?ag_id=53#ew_0_1208990,0.1,100,4.605170186,,
4308,ia,g_605;em_12_64390;n_83982-n_83983;p_140;#=ew_69_190957;prefix=39895-;[0]=ew_0_386301,L1Y05M,L1,172.131,172.031,https://labbcat.canterbury.ac.nz/maonze/transcript?ag_id=605#ew_0_386301,0.1,100,4.605170186,,
4330,ia,g_614;em_12_64884;n_84448-n_84449;p_142;#=ew_69_182092;prefix=31543-;[0]=ew_0_390997,L1Y01M,L1,133.164,133.064,https://labbcat.canterbury.ac.nz/maonze/transcript?ag_id=614#ew_0_390997,0.1,100,4.605170186,,
4394,ia,g_636;em_12_66557;n_85946-n_85947;p_145;#=ew_69_201410;prefix=49222-;[0]=ew_0_405162,L2Y01M,L2,182.147,182.047,https://labbcat.canterbury.ac.nz/maonze/transcript?ag_id=636#ew_0_405162,0.1,100,4.605170186,,
4420,ia,g_663;em_12_70403;n_89199-n_89200;p_148;#=ew_69_207450;prefix=55147-;[0]=ew_0_420468,L2Y05M,L2,112.291,112.191,https://labbcat.canterbury.ac.nz/maonze/transcript?ag_id=663#ew_0_420468,0.1,100,4.605170186,,
4500,ia,g_849;em_12_85486;n_100502-n_6960054;p_167;#=ew_69_171519;prefix=20895-;[0]=ew_0_541252,L1H01M,L1,246.376,246.276,https://labbcat.canterbury.ac.nz/maonze/transcript?ag_id=849#ew_0_541252,0.1,100,4.605170186,,
4533,ia,g_859;em_12_86222;n_101186-n_101187;p_167;#=ew_69_172583;prefix=22378-;[0]=ew_0_546946,L1H01M,L1,135.57,135.47,https://labbcat.canterbury.ac.nz/maonze/transcript?ag_id=859#ew_0_546946,0.1,100,4.605170186,,
4535,ia,g_86;em_12_160573;n_5957928-n_5958113;p_37;#=ew_69_161412;prefix=11407-;[0]=ew_0_1237672,K005M,PresentElder,185.412,185.312,https://labbcat.canterbury.ac.nz/maonze/transcript?ag_id=86#ew_0_1237672,0.1,100,4.605170186,,
4556,ia,g_864;em_12_86543;n_101408-n_101409;p_168;#=ew_69_173806;prefix=23117-;[0]=ew_0_549637,L1H02M,L1,219.408,219.308,https://labbcat.canterbury.ac.nz/maonze/transcript?ag_id=864#ew_0_549637,0.1,100,4.605170186,,
4569,ia,g_867;em_12_86743;n_101558-n_101559;p_168;#=ew_69_174554;prefix=23593-;[0]=ew_0_551253,L1H02M,L1,114.428,114.328,https://labbcat.canterbury.ac.nz/maonze/transcript?ag_id=867#ew_0_551253,0.1,100,4.605170186,,
4619,ia,g_892;em_12_88372;n_102643-n_102644;p_174;#=ew_69_179564;prefix=28744-;[0]=ew_0_562304,L1H05M,L1,177.428,177.328,https://labbcat.canterbury.ac.nz/maonze/transcript?ag_id=892#ew_0_562304,0.1,100,4.605170186,,
4627,ia,g_893;em_12_88410;n_102676-n_102677;p_174;#=ew_69_179498;prefix=28521-;[0]=ew_0_562736,L1H05M,L1,108.119,108.019,https://labbcat.canterbury.ac.nz/maonze/transcript?ag_id=893#ew_0_562736,0.1,100,4.605170186,,
4629,ia,g_893;em_12_88413;n_102679-n_102680;p_174;#=ew_69_179536;prefix=28534-;[0]=ew_0_562785,L1H05M,L1,128.655,128.555,https://labbcat.canterbury.ac.nz/maonze/transcript?ag_id=893#ew_0_562785,0.1,100,4.605170186,,
4641,ia,g_896;em_12_159882;n_5774384-n_5774392;p_174;#=ew_69_178149;prefix=27983-;[0]=ew_0_1224502,L1H05M,L1,92.213,92.113,https://labbcat.canterbury.ac.nz/maonze/transcript?ag_id=896#ew_0_1224502,0.1,100,4.605170186,,
4731,ia,g_935;em_12_90898;n_104694-n_104695;p_179;#=ew_69_218600;prefix=65589-;[0]=ew_0_583560,R001M,PresentElder,179.015,178.915,https://labbcat.canterbury.ac.nz/maonze/transcript?ag_id=935#ew_0_583560,0.1,100,4.605170186,,
4751,ia,g_939;em_12_91257;n_105024-n_105025;p_179;#=ew_69_219155;prefix=66355-;[0]=ew_0_586233,R001M,PresentElder,232.045,231.945,https://labbcat.canterbury.ac.nz/maonze/transcript?ag_id=939#ew_0_586233,0.1,100,4.605170186,,
4783,ia,g_950;em_12_91773;n_7032976-n_105431;p_181;#=ew_69_220282;prefix=67762-;[0]=ew_0_591285,R002M,PresentElder,76.118,76.018,https://labbcat.canterbury.ac.nz/maonze/transcript?ag_id=950#ew_0_591285,0.1,100,4.605170186,,
4822,ia,g_97;em_12_162801;n_6282040-n_6282045;p_41;#=ew_69_163222;prefix=12655-;[0]=ew_0_1271020,K007M,PresentElder,163.732,163.632,https://labbcat.canterbury.ac.nz/maonze/transcript?ag_id=97#ew_0_1271020,0.1,100,4.605170186,,
4829,ia,g_970;em_12_92890;n_106267-n_106268;p_184;#=ew_69_223403;prefix=70419-;[0]=ew_0_602106,R004M,PresentElder,153.051,152.951,https://labbcat.canterbury.ac.nz/maonze/transcript?ag_id=970#ew_0_602106,0.1,100,4.605170186,,
4848,ia,g_973;em_12_93099;n_6583046-n_106442;p_184;#=ew_69_223928;prefix=70915-;[0]=ew_0_603840,R004M,PresentElder,171.998,171.898,https://labbcat.canterbury.ac.nz/maonze/transcript?ag_id=973#ew_0_603840,0.1,100,4.605170186,,
4898,ia,g_988;em_12_93989;n_107055-n_16539;p_182;#=ew_69_225770;prefix=73222-;[0]=ew_0_611527,R005M,PresentElder,163.745,163.645,https://labbcat.canterbury.ac.nz/maonze/transcript?ag_id=988#ew_0_611527,0.1,100,4.605170186,,
4912,ia,g_99;em_12_162798;n_6281925-n_6281929;p_41;#=ew_69_163634;prefix=13120-;[0]=ew_0_1272454,K007M,PresentElder,155.494,155.394,https://labbcat.canterbury.ac.nz/maonze/transcript?ag_id=99#ew_0_1272454,0.1,100,4.605170186,,
4921,ia,g_991;em_12_94126;n_4619710-n_107172;p_182;#=ew_69_226864;prefix=73685-;[0]=ew_0_613133,R005M,PresentElder,243.136,243.036,https://labbcat.canterbury.ac.nz/maonze/transcript?ag_id=991#ew_0_613133,0.1,100,4.605170186,,
4929,oa,g_10;em_12_725;n_31372-n_31373;p_28;#=ew_69_149957;prefix=00569-;[0]=ew_0_6502,K001M,PresentElder,164.588,164.488,https://labbcat.canterbury.ac.nz/maonze/transcript?ag_id=10#ew_0_6502,0.1,100,4.605170186,,
4934,oa,g_1009;em_12_95361;n_16678-n_108285;p_188;#=ew_69_229842;prefix=76341-;[0]=ew_0_624604,R007M,PresentElder,215.634,215.534,https://labbcat.canterbury.ac.nz/maonze/transcript?ag_id=1009#ew_0_624604,0.1,100,4.605170186,,
4958,oa,g_1017;em_12_95875;n_16983-n_6670755;p_188;#=ew_69_230661;prefix=77096-;[0]=ew_0_628086,R007M,PresentElder,90.75,90.65,https://labbcat.canterbury.ac.nz/maonze/transcript?ag_id=1017#ew_0_628086,0.1,100,4.605170186,,
4959,oa,g_1017;em_12_95889;n_16996-n_16997;p_188;#=ew_69_230677;prefix=77111-;[0]=ew_0_628183,R007M,PresentElder,140.611,140.511,https://labbcat.canterbury.ac.nz/maonze/transcript?ag_id=1017#ew_0_628183,0.1,100,4.605170186,,
5026,oa,g_1034;em_12_96609;n_108914-n_108915;p_190;#=ew_69_234364;prefix=80778-;[0]=ew_0_638011,R009M,PresentElder,205.72,205.62,https://labbcat.canterbury.ac.nz/maonze/transcript?ag_id=1034#ew_0_638011,0.1,100,4.605170186,,
5059,oa,g_1045;em_12_97449;n_109379-n_109380;p_193;#=ew_69_236522;prefix=82659-;[0]=ew_0_646109,R010M,PresentElder,168.749,168.649,https://labbcat.canterbury.ac.nz/maonze/transcript?ag_id=1045#ew_0_646109,0.1,100,4.605170186,,
5070,oa,g_105;em_12_7264;n_37103-n_37104;p_41;#=ew_69_163882;prefix=14417-;[0]=ew_0_72589,K007M,PresentElder,115.122,115.022,https://labbcat.canterbury.ac.nz/maonze/transcript?ag_id=105#ew_0_72589,0.1,100,4.605170186,,
5127,oa,g_1086;em_12_100405;n_111506-n_111507;p_208;#=ew_69_247427;prefix=93230-;[0]=ew_0_667847,WU07M,Historical,127.993,127.893,https://labbcat.canterbury.ac.nz/maonze/transcript?ag_id=1086#ew_0_667847,0.1,100,4.605170186,,
5128,oa,g_1086;em_12_100409;n_111510-n_111511;p_208;#=ew_69_247441;prefix=93243-;[0]=ew_0_667892,WU07M,Historical,144.839,144.739,https://labbcat.canterbury.ac.nz/maonze/transcript?ag_id=1086#ew_0_667892,0.1,100,4.605170186,,
5129,oa,g_1087;em_12_100451;n_111550-n_111551;p_208;#=ew_69_247715;prefix=93339-;[0]=ew_0_668292,WU07M,Historical,69.693,69.593,https://labbcat.canterbury.ac.nz/maonze/transcript?ag_id=1087#ew_0_668292,0.1,100,4.605170186,,
5140,oa,g_109;em_12_7522;n_808-n_37302;p_41;#=ew_69_165237;prefix=15257-;[0]=ew_0_75508,K007M,PresentElder,147.347,147.247,https://labbcat.canterbury.ac.nz/maonze/transcript?ag_id=109#ew_0_75508,0.1,100,4.605170186,,
5267,oa,g_1385;em_12_118934;n_124428-n_124429;p_262;#=ew_69_248564;prefix=94169-;[0]=ew_0_820984,WU08M,Historical,64.601,64.501,https://labbcat.canterbury.ac.nz/maonze/transcript?ag_id=1385#ew_0_820984,0.1,100,4.605170186,,
5268,oa,g_1385;em_12_118943;n_23876-n_124436;p_262;#=ew_69_248617;prefix=94195-;[0]=ew_0_821130,WU08M,Historical,142.291,142.191,https://labbcat.canterbury.ac.nz/maonze/transcript?ag_id=1385#ew_0_821130,0.1,100,4.605170186,,
5333,oa,g_1523;em_12_126129;n_130161-n_6614387;p_287;#=ew_69_228344;prefix=75249-;[0]=ew_0_887164,R006M,PresentElder,214.743,214.643,https://labbcat.canterbury.ac.nz/maonze/transcript?ag_id=1523#ew_0_887164,0.1,100,4.605170186,,
5352,oa,g_1526;em_12_126240;n_130257-n_130258;p_287;#=ew_69_228969;prefix=75694-;[0]=ew_0_888776,R006M,PresentElder,152.713,152.613,https://labbcat.canterbury.ac.nz/maonze/transcript?ag_id=1526#ew_0_888776,0.1,100,4.605170186,,
5440,oa,g_1647;em_12_133624;n_135793-n_135794;p_300;#=ew_69_193420;prefix=42303-;[0]=ew_0_946023,L2H02M,L2,213.896,213.796,https://labbcat.canterbury.ac.nz/maonze/transcript?ag_id=1647#ew_0_946023,0.1,100,4.605170186,,
5444,oa,g_1649;em_12_133771;n_135896-n_135897;p_300;#=ew_69_193603;prefix=42548-;[0]=ew_0_946999,L2H02M,L2,129.959,129.859,https://labbcat.canterbury.ac.nz/maonze/transcript?ag_id=1649#ew_0_946999,0.1,100,4.605170186,,
5455,oa,g_1654;em_12_134222;n_136220-n_27278;p_300;#=ew_69_194664;prefix=43233-;[0]=ew_0_949605,L2H02M,L2,136.658,136.558,https://labbcat.canterbury.ac.nz/maonze/transcript?ag_id=1654#ew_0_949605,0.1,100,4.605170186,,
5457,oa,g_1655;em_12_134285;n_136259-n_136260;p_300;#=ew_69_194346;prefix=43334-;[0]=ew_0_950019,L2H02M,L2,86.356,86.256,https://labbcat.canterbury.ac.nz/maonze/transcript?ag_id=1655#ew_0_950019,0.1,100,4.605170186,,
5466,oa,g_1656;em_12_134373;n_136311-n_136312;p_300;#=ew_69_194386;prefix=43456-;[0]=ew_0_950681,L2H02M,L2,144.079,143.979,https://labbcat.canterbury.ac.nz/maonze/transcript?ag_id=1656#ew_0_950681,0.1,100,4.605170186,,
5488,oa,g_1667;em_12_134863;n_136681-n_136682;p_302;#=ew_69_198001;prefix=46450-;[0]=ew_0_955771,L2H04M,L2,94.335,94.235,https://labbcat.canterbury.ac.nz/maonze/transcript?ag_id=1667#ew_0_955771,0.1,100,4.605170186,,
5492,oa,g_1667;em_12_134888;n_136700-n_136701;p_302;#=ew_69_198052;prefix=46497-;[0]=ew_0_955994,L2H04M,L2,210.863,210.763,https://labbcat.canterbury.ac.nz/maonze/transcript?ag_id=1667#ew_0_955994,0.1,100,4.605170186,,
5518,oa,g_1685;em_12_135926;n_27754-n_27755;p_307;#=ew_69_199234;prefix=47517-;[0]=ew_0_964889,L2H05M,L2,176.989,176.889,https://labbcat.canterbury.ac.nz/maonze/transcript?ag_id=1685#ew_0_964889,0.1,100,4.605170186,,
5600,oa,g_1846;em_12_149365;n_3852625-n_3852638;p_49;#=ew_69_205170;prefix=53209-;[0]=ew_0_1105135,L2Y03M,L2,102.375,102.275,https://labbcat.canterbury.ac.nz/maonze/transcript?ag_id=1846#ew_0_1105135,0.1,100,4.605170186,,
5611,oa,g_1868;em_12_153959;n_5221428-n_5221444;p_334;#=ew_69_237110;prefix=83577-;[0]=ew_0_1157330,R011M,PresentElder,95.41,95.31,https://labbcat.canterbury.ac.nz/maonze/transcript?ag_id=1868#ew_0_1157330,0.1,100,4.605170186,,
5618,oa,g_1881;em_12_154882;n_5256682-n_5256696;p_334;#=ew_69_236880;prefix=83174-;[0]=ew_0_1168924,R011M,PresentElder,34.419,34.319,https://labbcat.canterbury.ac.nz/maonze/transcript?ag_id=1881#ew_0_1168924,0.1,100,4.605170186,,
5656,oa,g_1896;em_12_155930;n_5271430-n_5271445;p_334;#=ew_69_238343;prefix=84535-;[0]=ew_0_1181794,R011M,PresentElder,50.913,50.813,https://labbcat.canterbury.ac.nz/maonze/transcript?ag_id=1896#ew_0_1181794,0.1,100,4.605170186,,
5674,oa,g_19;em_12_1526;n_32146-n_32147;p_19;#=ew_69_152687;prefix=02931-;[0]=ew_0_13389,K002M,PresentElder,236.101,236.001,https://labbcat.canterbury.ac.nz/maonze/transcript?ag_id=19#ew_0_13389,0.1,100,4.605170186,,
5682,oa,g_1901;em_12_156314;n_5278391-n_5278399;p_333;#=ew_69_239264;prefix=85125-;[0]=ew_0_1185217,R012M,PresentElder,223.847,223.747,https://labbcat.canterbury.ac.nz/maonze/transcript?ag_id=1901#ew_0_1185217,0.1,100,4.605170186,,
5730,oa,g_1910;em_12_156888;n_5286973-n_5287009;p_333;#=ew_69_240664;prefix=86825-;[0]=ew_0_1193381,R012M,PresentElder,251.256,251.156,https://labbcat.canterbury.ac.nz/maonze/transcript?ag_id=1910#ew_0_1193381,0.1,100,4.605170186,,
5777,oa,g_1943;em_12_165708;n_6846290-n_6846298;p_19;#=ew_69_152057;prefix=02683-;[0]=ew_0_1296114,K002M,PresentElder,205.101,205.001,https://labbcat.canterbury.ac.nz/maonze/transcript?ag_id=1943#ew_0_1296114,0.1,100,4.605170186,,
5794,oa,g_1947;em_12_166036;n_6850527-n_6850548;p_121;#=ew_69_168703;prefix=18426-;[0]=ew_0_1299108,K009M,PresentElder,151.065,150.965,https://labbcat.canterbury.ac.nz/maonze/transcript?ag_id=1947#ew_0_1299108,0.1,100,4.605170186,,
5945,oa,g_367;em_12_35567;n_59395-n_4459225;p_92;#=ew_69_212426;prefix=60270-;[0]=ew_0_1123651,MU04M,Historical,104.104,104.004,https://labbcat.canterbury.ac.nz/maonze/transcript?ag_id=367#ew_0_1123651,0.1,100,4.605170186,,
5990,oa,g_375;em_12_36948;n_60754-n_60756;p_92;#=ew_69_213330;prefix=61559-;[0]=ew_0_242820,MU04M,Historical,146.981,146.881,https://labbcat.canterbury.ac.nz/maonze/transcript?ag_id=375#ew_0_242820,0.1,100,4.605170186,,
5999,oa,g_380;em_12_150230;n_4462121-n_61865;p_94;#=ew_69_214479;prefix=62085-;[0]=ew_0_1120413,MU05M,Historical,165.142,165.042,https://labbcat.canterbury.ac.nz/maonze/transcript?ag_id=380#ew_0_1120413,0.1,100,4.605170186,,
6011,oa,g_384;em_12_38759;n_62556-n_62557;p_95;#=ew_69_214872;prefix=62427-;[0]=ew_0_247255,MU06M,Historical,124.601,124.501,https://labbcat.canterbury.ac.nz/maonze/transcript?ag_id=384#ew_0_247255,0.1,100,4.605170186,,
6100,oa,g_485;em_12_161867;n_6176301-n_6176304;p_121;#=ew_69_168337;prefix=19175-;[0]=ew_0_1257915,K009M,PresentElder,129.948,129.848,https://labbcat.canterbury.ac.nz/maonze/transcript?ag_id=485#ew_0_1257915,0.1,100,4.605170186,,
6114,oa,g_492;em_12_50757;n_72330-n_8480;p_122;#=ew_69_170042;prefix=19927-;[0]=ew_0_316579,K010M,PresentElder,137.543,137.443,https://labbcat.canterbury.ac.nz/maonze/transcript?ag_id=492#ew_0_316579,0.1,100,4.605170186,,
6193,oa,g_605;em_12_64382;n_83974-n_83975;p_140;#=ew_69_190929;prefix=39868-;[0]=ew_0_386198,L1Y05M,L1,122.771,122.671,https://labbcat.canterbury.ac.nz/maonze/transcript?ag_id=605#ew_0_386198,0.1,100,4.605170186,,
6264,oa,g_632;em_12_66132;n_85588-n_85589;p_143;#=ew_69_203339;prefix=51556-;[0]=ew_0_401814,L2Y02M,L2,157.261,157.161,https://labbcat.canterbury.ac.nz/maonze/transcript?ag_id=632#ew_0_401814,0.1,100,4.605170186,,
6363,oa,g_851;em_12_85572;n_100584-n_100585;p_167;#=ew_69_171075;prefix=21083-;[0]=ew_0_541960,L1H01M,L1,66.225,66.125,https://labbcat.canterbury.ac.nz/maonze/transcript?ag_id=851#ew_0_541960,0.1,100,4.605170186,,
6369,oa,g_852;em_12_85681;n_100690-n_100691;p_167;#=ew_69_171110;prefix=21301-;[0]=ew_0_542913,L1H01M,L1,204.911,204.811,https://labbcat.canterbury.ac.nz/maonze/transcript?ag_id=852#ew_0_542913,0.1,100,4.605170186,,
6370,oa,g_852;em_12_85684;n_100693-n_100694;p_167;#=ew_69_171121;prefix=21307-;[0]=ew_0_542934,L1H01M,L1,214.861,214.761,https://labbcat.canterbury.ac.nz/maonze/transcript?ag_id=852#ew_0_542934,0.1,100,4.605170186,,
6411,oa,g_866;em_12_159564;n_5657077-n_5657056;p_168;#=ew_69_173440;prefix=23520-;[0]=ew_0_1220517,L1H02M,L1,219.46,219.36,https://labbcat.canterbury.ac.nz/maonze/transcript?ag_id=866#ew_0_1220517,0.1,100,4.605170186,,
6469,oa,g_893;em_12_88401;n_102667-n_102668;p_174;#=ew_69_179396;prefix=28486-;[0]=ew_0_562633,L1H05M,L1,67.6,67.5,https://labbcat.canterbury.ac.nz/maonze/transcript?ag_id=893#ew_0_562633,0.1,100,4.605170186,,
6516,oa,g_926;em_12_90258;n_104078-n_104079;p_179;#=ew_69_217540;prefix=64588-;[0]=ew_0_579989,R001M,PresentElder,200.208,200.108,https://labbcat.canterbury.ac.nz/maonze/transcript?ag_id=926#ew_0_579989,0.1,100,4.605170186,,
6539,oa,g_935;em_12_90901;n_104697-n_104698;p_179;#=ew_69_218636;prefix=65599-;[0]=ew_0_583591,R001M,PresentElder,186.688,186.588,https://labbcat.canterbury.ac.nz/maonze/transcript?ag_id=935#ew_0_583591,0.1,100,4.605170186,,
6550,oa,g_940;em_12_91339;n_105069-n_105070;p_179;#=ew_69_219335;prefix=66528-;[0]=ew_0_586853,R001M,PresentElder,219.482,219.382,https://labbcat.canterbury.ac.nz/maonze/transcript?ag_id=940#ew_0_586853,0.1,100,4.605170186,,
6625,oa,g_973;em_12_93081;n_106425-n_106426;p_184;#=ew_69_223765;prefix=70860-;[0]=ew_0_603693,R004M,PresentElder,112.881,112.781,https://labbcat.canterbury.ac.nz/maonze/transcript?ag_id=973#ew_0_603693,0.1,100,4.605170186,,
6723,ua,g_1010;em_12_95393;n_16692-n_16693;p_188;#=ew_69_230004;prefix=76395-;[0]=ew_0_624809,R007M,PresentElder,62.163,62.063,https://labbcat.canterbury.ac.nz/maonze/transcript?ag_id=1010#ew_0_624809,0.1,100,4.605170186,,
6737,ua,g_1011;em_12_95501;n_108354-n_108355;p_188;#=ew_69_229577;prefix=76579-;[0]=ew_0_625500,R007M,PresentElder,169.779,169.679,https://labbcat.canterbury.ac.nz/maonze/transcript?ag_id=1011#ew_0_625500,0.1,100,4.605170186,,
6783,ua,g_102;em_12_162976;n_6286025-n_6286030;p_41;#=ew_69_163586;prefix=13840-;[0]=ew_0_1273581,K007M,PresentElder,163.057,162.957,https://labbcat.canterbury.ac.nz/maonze/transcript?ag_id=102#ew_0_1273581,0.1,100,4.605170186,,
6848,ua,g_1031;em_12_96482;n_108816-n_108817;p_190;#=ew_69_234232;prefix=80293-;[0]=ew_0_636094,R009M,PresentElder,153.654,153.554,https://labbcat.canterbury.ac.nz/maonze/transcript?ag_id=1031#ew_0_636094,0.1,100,4.605170186,,
6851,ua,g_1031;em_12_96482;n_108816-n_108817;p_190;#=ew_69_234249;prefix=80301-;[0]=ew_0_636103,R009M,PresentElder,156.714,156.614,https://labbcat.canterbury.ac.nz/maonze/transcript?ag_id=1031#ew_0_636103,0.1,100,4.605170186,,
6881,ua,g_1035;em_12_96624;n_108924-n_108925;p_190;#=ew_69_234519;prefix=80875-;[0]=ew_0_638323,R009M,PresentElder,38.8,38.7,https://labbcat.canterbury.ac.nz/maonze/transcript?ag_id=1035#ew_0_638323,0.1,100,4.605170186,,
6886,ua,g_1035;em_12_96644;n_108940-n_108941;p_190;#=ew_69_234642;prefix=80994-;[0]=ew_0_638673,R009M,PresentElder,166.388,166.288,https://labbcat.canterbury.ac.nz/maonze/transcript?ag_id=1035#ew_0_638673,0.1,100,4.605170186,,
6893,ua,g_1036;em_12_96685;n_108973-n_108974;p_193;#=ew_69_235032;prefix=81191-;[0]=ew_0_639208,R010M,PresentElder,144.72,144.62,https://labbcat.canterbury.ac.nz/maonze/transcript?ag_id=1036#ew_0_639208,0.1,100,4.605170186,,
6925,ua,g_104;em_12_7205;n_37046-n_37047;p_41;#=ew_69_164409;prefix=14236-;[0]=ew_0_71812,K007M,PresentElder,103.505,103.405,https://labbcat.canterbury.ac.nz/maonze/transcript?ag_id=104#ew_0_71812,0.1,100,4.605170186,,
6993,ua,g_1049;em_12_97621;n_109495-n_17660;p_201;#=ew_69_241602;prefix=87684-;[0]=ew_0_647993,WU01M,Historical,101.714,101.614,https://labbcat.canterbury.ac.nz/maonze/transcript?ag_id=1049#ew_0_647993,0.1,100,4.605170186,,
7008,ua,g_1068;em_12_99334;n_110625-n_110626;p_244;#=ew_69_242553;prefix=88605-;[0]=ew_0_658148,WU04M,Historical,98.408,98.308,https://labbcat.canterbury.ac.nz/maonze/transcript?ag_id=1068#ew_0_658148,0.1,100,4.605170186,,
7012,ua,g_107;em_12_163109;n_6288634-n_6288637;p_41;#=ew_69_164323;prefix=14733-;[0]=ew_0_1274158,K007M,PresentElder,187.338,187.238,https://labbcat.canterbury.ac.nz/maonze/transcript?ag_id=107#ew_0_1274158,0.1,100,4.605170186,,
7057,ua,g_1074;em_12_99691;n_110900-n_110901;p_208;#=ew_69_245366;prefix=91678-;[0]=ew_0_661415,WU07M,Historical,73.892,73.792,https://labbcat.canterbury.ac.nz/maonze/transcript?ag_id=1074#ew_0_661415,0.1,100,4.605170186,,
7072,ua,g_1076;em_12_99818;n_111011-n_111012;p_208;#=ew_69_246201;prefix=91932-;[0]=ew_0_662640,WU07M,Historical,108.518,108.418,https://labbcat.canterbury.ac.nz/maonze/transcript?ag_id=1076#ew_0_662640,0.1,100,4.605170186,,
7075,ua,g_1076;em_12_99822;n_111015-n_111016;p_208;#=ew_69_246247;prefix=91945-;[0]=ew_0_662677,WU07M,Historical,126.966,126.866,https://labbcat.canterbury.ac.nz/maonze/transcript?ag_id=1076#ew_0_662677,0.1,100,4.605170186,,
7105,ua,g_1081;em_12_100068;n_18378-n_18379;p_208;#=ew_69_246902;prefix=92435-;[0]=ew_0_664717,WU07M,Historical,55.611,55.511,https://labbcat.canterbury.ac.nz/maonze/transcript?ag_id=1081#ew_0_664717,0.1,100,4.605170186,,
7136,ua,g_1083;em_12_100208;n_111334-n_111335;p_208;#=ew_69_246986;prefix=92804-;[0]=ew_0_666087,WU07M,Historical,79.559,79.459,https://labbcat.canterbury.ac.nz/maonze/transcript?ag_id=1083#ew_0_666087,0.1,100,4.605170186,,
7148,ua,g_1084;em_12_100292;n_111397-n_111398;p_208;#=ew_69_246500;prefix=92979-;[0]=ew_0_666817,WU07M,Historical,112.585,112.485,https://labbcat.canterbury.ac.nz/maonze/transcript?ag_id=1084#ew_0_666817,0.1,100,4.605170186,,
7157,ua,g_1086;em_12_100393;n_111494-n_111495;p_208;#=ew_69_247405;prefix=93210-;[0]=ew_0_667751,WU07M,Historical,88.63,88.53,https://labbcat.canterbury.ac.nz/maonze/transcript?ag_id=1086#ew_0_667751,0.1,100,4.605170186,,
7166,ua,g_1087;em_12_100488;n_18438-n_111580;p_208;#=ew_69_247917;prefix=93430-;[0]=ew_0_668696,WU07M,Historical,210.551,210.451,https://labbcat.canterbury.ac.nz/maonze/transcript?ag_id=1087#ew_0_668696,0.1,100,4.605170186,,
7178,ua,g_109;em_12_163056;n_6288839-n_6288824;p_41;#=ew_69_165283;prefix=15332-;[0]=ew_0_1270445,K007M,PresentElder,191.827,191.727,https://labbcat.canterbury.ac.nz/maonze/transcript?ag_id=109#ew_0_1270445,0.1,100,4.605170186,,
7215,ua,g_1130;em_12_105049;n_6613285-n_114598;p_287;#=ew_69_227427;prefix=74410-;[0]=ew_0_692014,R006M,PresentElder,177.328,177.228,https://labbcat.canterbury.ac.nz/maonze/transcript?ag_id=1130#ew_0_692014,0.1,100,4.605170186,,
7222,ua,g_115;em_12_8264;n_37823-n_37824;p_43;#=ew_69_211237;prefix=59420-;[0]=ew_0_80084,MU02M,Historical,202.03,201.93,https://labbcat.canterbury.ac.nz/maonze/transcript?ag_id=115#ew_0_80084,0.1,100,4.605170186,,
7223,ua,g_115;em_12_8269;n_37828-n_37829;p_43;#=ew_69_211245;prefix=59428-;[0]=ew_0_80124,MU02M,Historical,218.771,218.671,https://labbcat.canterbury.ac.nz/maonze/transcript?ag_id=115#ew_0_80124,0.1,100,4.605170186,,
7258,ua,g_117;em_12_8497;n_38054-n_38055;p_43;#=ew_69_211573;prefix=58691-;[0]=ew_0_82462,MU02M,Historical,136.624,136.524,https://labbcat.canterbury.ac.nz/maonze/transcript?ag_id=117#ew_0_82462,0.1,100,4.605170186,,
7289,ua,g_12;em_12_937;n_31573-n_31574;p_28;#=ew_69_149610;prefix=00156-;[0]=ew_0_1231037,K001M,PresentElder,225.914,225.814,https://labbcat.canterbury.ac.nz/maonze/transcript?ag_id=12#ew_0_1231037,0.1,100,4.605170186,,
7331,ua,g_1230;em_12_160183;n_5827084-n_21083;p_249;#=ew_69_180209;prefix=29486-;[0]=ew_0_1227974,L1H06M,L1,174.141,174.041,https://labbcat.canterbury.ac.nz/maonze/transcript?ag_id=1230#ew_0_1227974,0.1,100,4.605170186,,
7400,ua,g_13;em_12_1021;n_31656-n_31657;p_19;#=ew_69_152686;prefix=03424-;[0]=ew_0_8949,K002M,PresentElder,176.551,176.451,https://labbcat.canterbury.ac.nz/maonze/transcript?ag_id=13#ew_0_8949,0.1,100,4.605170186,,
7422,ua,g_132;em_12_8970;n_38449-n_38450;p_284;#=ew_69_209275;prefix=57035-;[0]=ew_0_86721,MU01M,Historical,251.807,251.707,https://labbcat.canterbury.ac.nz/maonze/transcript?ag_id=132#ew_0_86721,0.1,100,4.605170186,,
7485,ua,g_1374;em_12_118367;n_123910-n_123911;p_284;#=ew_69_210420;prefix=58306-;[0]=ew_0_815615,MU01M,Historical,223.518,223.418,https://labbcat.canterbury.ac.nz/maonze/transcript?ag_id=1374#ew_0_815615,0.1,100,4.605170186,,
7507,ua,g_1386;em_12_118984;n_124472-n_124473;p_262;#=ew_69_248618;prefix=94354-;[0]=ew_0_821685,WU08M,Historical,172.486,172.386,https://labbcat.canterbury.ac.nz/maonze/transcript?ag_id=1386#ew_0_821685,0.1,100,4.605170186,,
7551,ua,g_1396;em_12_151941;n_4743010-n_4743012;p_262;#=ew_69_250017;prefix=95678-;[0]=ew_0_1135001,WU08M,Historical,247.117,247.017,https://labbcat.canterbury.ac.nz/maonze/transcript?ag_id=1396#ew_0_1135001,0.1,100,4.605170186,,
7617,ua,g_1522;em_12_126086;n_130125-n_130126;p_287;#=ew_69_228479;prefix=75089-;[0]=ew_0_886493,R006M,PresentElder,182.908,182.808,https://labbcat.canterbury.ac.nz/maonze/transcript?ag_id=1522#ew_0_886493,0.1,100,4.605170186,,
7629,ua,g_1524;em_12_126142;n_130171-n_130172;p_287;#=ew_69_228552;prefix=75292-;[0]=ew_0_887349,R006M,PresentElder,36.175,36.075,https://labbcat.canterbury.ac.nz/maonze/transcript?ag_id=1524#ew_0_887349,0.1,100,4.605170186,,
7644,ua,g_1527;em_12_126265;n_130279-n_130280;p_287;#=ew_69_229080;prefix=75799-;[0]=ew_0_889163,R006M,PresentElder,46.425,46.325,https://labbcat.canterbury.ac.nz/maonze/transcript?ag_id=1527#ew_0_889163,0.1,100,4.605170186,,
7648,ua,g_1527;em_12_126270;n_130287-n_130285;p_287;#=ew_69_229110;prefix=75825-;[0]=ew_0_889272,R006M,PresentElder,84.928,84.828,https://labbcat.canterbury.ac.nz/maonze/transcript?ag_id=1527#ew_0_889272,0.1,100,4.605170186,,
7651,ua,g_1527;em_12_126277;n_130291-n_130292;p_287;#=ew_69_229147;prefix=75861-;[0]=ew_0_889388,R006M,PresentElder,139.668,139.568,https://labbcat.canterbury.ac.nz/maonze/transcript?ag_id=1527#ew_0_889388,0.1,100,4.605170186,,
7653,ua,g_1527;em_12_126280;n_130294-n_130295;p_287;#=ew_69_229165;prefix=75878-;[0]=ew_0_889436,R006M,PresentElder,160.394,160.294,https://labbcat.canterbury.ac.nz/maonze/transcript?ag_id=1527#ew_0_889436,0.1,100,4.605170186,,
7658,ua,g_1527;em_12_126293;n_130307-n_130308;p_287;#=ew_69_229251;prefix=75962-;[0]=ew_0_889670,R006M,PresentElder,246.585,246.485,https://labbcat.canterbury.ac.nz/maonze/transcript?ag_id=1527#ew_0_889670,0.1,100,4.605170186,,
7678,ua,g_1532;em_12_126530;n_130459-n_130460;p_200;#=ew_69_216054;prefix=63499-;[0]=ew_0_892064,MU08M,Historical,217.671,217.571,https://labbcat.canterbury.ac.nz/maonze/transcript?ag_id=1532#ew_0_892064,0.1,100,4.605170186,,
7743,ua,g_1619;em_12_131891;n_134357-n_134358;p_299;#=ew_69_192101;prefix=40832-;[0]=ew_0_934163,L2H01M,L2,250.644,250.544,https://labbcat.canterbury.ac.nz/maonze/transcript?ag_id=1619#ew_0_934163,0.1,100,4.605170186,,
7747,ua,g_1620;em_12_131946;n_134394-n_134395;p_299;#=ew_69_191825;prefix=40894-;[0]=ew_0_934606,L2H01M,L2,185.817,185.717,https://labbcat.canterbury.ac.nz/maonze/transcript?ag_id=1620#ew_0_934606,0.1,100,4.605170186,,
7758,ua,g_1622;em_12_132109;n_134525-n_134526;p_299;#=ew_69_191793;prefix=41123-;[0]=ew_0_935652,L2H01M,L2,173.375,173.275,https://labbcat.canterbury.ac.nz/maonze/transcript?ag_id=1622#ew_0_935652,0.1,100,4.605170186,,
7812,ua,g_1634;em_12_132782;n_135024-n_135025;p_288;#=ew_69_195655;prefix=44002-;[0]=ew_0_940104,L2H03M,L2,158.57,158.47,https://labbcat.canterbury.ac.nz/maonze/transcript?ag_id=1634#ew_0_940104,0.1,100,4.605170186,,
7817,ua,g_1635;em_12_132842;n_135081-n_135082;p_288;#=ew_69_195573;prefix=44139-;[0]=ew_0_940536,L2H03M,L2,133.838,133.738,https://labbcat.canterbury.ac.nz/maonze/transcript?ag_id=1635#ew_0_940536,0.1,100,4.605170186,,
7868,ua,g_1642;em_12_133320;n_135529-n_135530;p_288;#=ew_69_196512;prefix=45100-;[0]=ew_0_943651,L2H03M,L2,193.34,193.24,https://labbcat.canterbury.ac.nz/maonze/transcript?ag_id=1642#ew_0_943651,0.1,100,4.605170186,,
7870,ua,g_1642;em_12_133333;n_135542-n_135543;p_288;#=ew_69_196578;prefix=45131-;[0]=ew_0_943767,L2H03M,L2,241.221,241.121,https://labbcat.canterbury.ac.nz/maonze/transcript?ag_id=1642#ew_0_943767,0.1,100,4.605170186,,
7877,ua,g_1646;em_12_133513;n_135702-n_135703;p_300;#=ew_69_193942;prefix=42096-;[0]=ew_0_945180,L2H02M,L2,141.522,141.422,https://labbcat.canterbury.ac.nz/maonze/transcript?ag_id=1646#ew_0_945180,0.1,100,4.605170186,,
7888,ua,g_1647;em_12_133616;n_135785-n_135786;p_300;#=ew_69_193401;prefix=42284-;[0]=ew_0_945952,L2H02M,L2,186.333,186.233,https://labbcat.canterbury.ac.nz/maonze/transcript?ag_id=1647#ew_0_945952,0.1,100,4.605170186,,
7956,ua,g_1660;em_12_134560;n_136438-n_136439;p_302;#=ew_69_196954;prefix=45461-;[0]=ew_0_952194,L2H04M,L2,80.993,80.893,https://labbcat.canterbury.ac.nz/maonze/transcript?ag_id=1660#ew_0_952194,0.1,100,4.605170186,,
7970,ua,g_1662;em_12_134624;n_27423-n_136477;p_302;#=ew_69_197036;prefix=45702-;[0]=ew_0_953085,L2H04M,L2,51.474,51.374,https://labbcat.canterbury.ac.nz/maonze/transcript?ag_id=1662#ew_0_953085,0.1,100,4.605170186,,
7996,ua,g_1666;em_12_163185;n_6398965-n_6398973;p_302;#=ew_69_197865;prefix=46325-;[0]=ew_0_1276359,L2H04M,L2,106.77,106.67,https://labbcat.canterbury.ac.nz/maonze/transcript?ag_id=1666#ew_0_1276359,0.1,100,4.605170186,,
8018,ua,g_1669;em_12_134949;n_136756-n_27469;p_302;#=ew_69_198480;prefix=46726-;[0]=ew_0_956787,L2H04M,L2,76.338,76.238,https://labbcat.canterbury.ac.nz/maonze/transcript?ag_id=1669#ew_0_956787,0.1,100,4.605170186,,
8043,ua,g_1671;em_12_163212;n_6399725-n_6399734;p_302;#=ew_69_198863;prefix=47105-;[0]=ew_0_1276161,L2H04M,L2,195.141,195.041,https://labbcat.canterbury.ac.nz/maonze/transcript?ag_id=1671#ew_0_1276161,0.1,100,4.605170186,,
8099,ua,g_1746;em_12_139614;n_140327-n_140328;p_318;#=ew_69_231060;prefix=77634-;[0]=ew_0_1001434,R008M,PresentElder,122.606,122.506,https://labbcat.canterbury.ac.nz/maonze/transcript?ag_id=1746#ew_0_1001434,0.1,100,4.605170186,,
8125,ua,g_1749;em_12_139859;n_140541-n_140542;p_318;#=ew_69_231386;prefix=77963-;[0]=ew_0_1002720,R008M,PresentElder,233.483,233.383,https://labbcat.canterbury.ac.nz/maonze/transcript?ag_id=1749#ew_0_1002720,0.1,100,4.605170186,,
8133,ua,g_1750;em_12_139916;n_140591-n_140592;p_318;#=ew_69_231564;prefix=78065-;[0]=ew_0_1003007,R008M,PresentElder,171.73,171.63,https://labbcat.canterbury.ac.nz/maonze/transcript?ag_id=1750#ew_0_1003007,0.1,100,4.605170186,,
8142,ua,g_1751;em_12_140005;n_140673-n_140674;p_318;#=ew_69_231496;prefix=78201-;[0]=ew_0_1003479,R008M,PresentElder,214.768,214.668,https://labbcat.canterbury.ac.nz/maonze/transcript?ag_id=1751#ew_0_1003479,0.1,100,4.605170186,,
8215,ua,g_1853;em_12_150401;n_4568894-n_4568911;p_148;#=ew_69_207959;prefix=55866-;[0]=ew_0_1124518,L2Y05M,L2,61.977,61.877,https://labbcat.canterbury.ac.nz/maonze/transcript?ag_id=1853#ew_0_1124518,0.1,100,4.605170186,,
8240,ua,g_1882;em_12_154935;n_5258134-n_5258157;p_334;#=ew_69_236925;prefix=83224-;[0]=ew_0_1169895,R011M,PresentElder,195.906,195.806,https://labbcat.canterbury.ac.nz/maonze/transcript?ag_id=1882#ew_0_1169895,0.1,100,4.605170186,,
8266,ua,g_1895;em_12_155805;n_5270983-n_5270995;p_334;#=ew_69_238840;prefix=84404-;[0]=ew_0_1180270,R011M,PresentElder,242.398,242.298,https://labbcat.canterbury.ac.nz/maonze/transcript?ag_id=1895#ew_0_1180270,0.1,100,4.605170186,,
8272,ua,g_1895;em_12_155872;n_5270735-n_5270750;p_334;#=ew_69_238772;prefix=84438-;[0]=ew_0_1180611,R011M,PresentElder,173.13,173.03,https://labbcat.canterbury.ac.nz/maonze/transcript?ag_id=1895#ew_0_1180611,0.1,100,4.605170186,,
8277,ua,g_1896;em_12_155924;n_5271740-n_5271768;p_334;#=ew_69_238397;prefix=84590-;[0]=ew_0_1181449,R011M,PresentElder,147.545,147.445,https://labbcat.canterbury.ac.nz/maonze/transcript?ag_id=1896#ew_0_1181449,0.1,100,4.605170186,,
8282,ua,g_1897;em_12_155971;n_5274194-n_5274222;p_333;#=ew_69_238628;prefix=84723-;[0]=ew_0_1182250,R012M,PresentElder,150.861,150.761,https://labbcat.canterbury.ac.nz/maonze/transcript?ag_id=1897#ew_0_1182250,0.1,100,4.605170186,,
8290,ua,g_1898;em_12_156051;n_5275108-n_5275127;p_333;#=ew_69_238233;prefix=84893-;[0]=ew_0_1183451,R012M,PresentElder,148.382,148.282,https://labbcat.canterbury.ac.nz/maonze/transcript?ag_id=1898#ew_0_1183451,0.1,100,4.605170186,,
8303,ua,g_19;em_12_1499;n_32119-n_32120;p_19;#=ew_69_152498;prefix=02841-;[0]=ew_0_1234208,K002M,PresentElder,119.142,119.042,https://labbcat.canterbury.ac.nz/maonze/transcript?ag_id=19#ew_0_1234208,0.1,100,4.605170186,,
8321,ua,g_1901;em_12_156364;n_5278012-n_5278034;p_333;#=ew_69_239143;prefix=85113-;[0]=ew_0_1185561,R012M,PresentElder,114.628,114.528,https://labbcat.canterbury.ac.nz/maonze/transcript?ag_id=1901#ew_0_1185561,0.1,100,4.605170186,,
8350,ua,g_1904;em_12_156561;n_5280531-n_5280547;p_333;#=ew_69_239514;prefix=85702-;[0]=ew_0_1187979,R012M,PresentElder,61.535,61.435,https://labbcat.canterbury.ac.nz/maonze/transcript?ag_id=1904#ew_0_1187979,0.1,100,4.605170186,,
8358,ua,g_1905;em_12_156645;n_5282012-n_5282029;p_333;#=ew_69_239003;prefix=85929-;[0]=ew_0_1188852,R012M,PresentElder,181.216,181.116,https://labbcat.canterbury.ac.nz/maonze/transcript?ag_id=1905#ew_0_1188852,0.1,100,4.605170186,,
8372,ua,g_1908;em_12_156779;n_5284587-n_5284612;p_333;#=ew_69_241106;prefix=86332-;[0]=ew_0_1191401,R012M,PresentElder,194.051,193.951,https://labbcat.canterbury.ac.nz/maonze/transcript?ag_id=1908#ew_0_1191401,0.1,100,4.605170186,,
8388,ua,g_1909;em_12_156878;n_5285670-n_5285689;p_333;#=ew_69_241073;prefix=86661-;[0]=ew_0_1191878,R012M,PresentElder,196.392,196.292,https://labbcat.canterbury.ac.nz/maonze/transcript?ag_id=1909#ew_0_1191878,0.1,100,4.605170186,,
8405,ua,g_1910;em_12_156939;n_5286588-n_5286606;p_333;#=ew_69_240487;prefix=86847-;[0]=ew_0_1193148,R012M,PresentElder,133.48,133.38,https://labbcat.canterbury.ac.nz/maonze/transcript?ag_id=1910#ew_0_1193148,0.1,100,4.605170186,,
8456,ua,g_1942;em_12_165571;n_6842313-n_6842331;p_41;#=ew_69_164938;prefix=15007-;[0]=ew_0_1295536,K007M,PresentElder,194.319,194.219,https://labbcat.canterbury.ac.nz/maonze/transcript?ag_id=1942#ew_0_1295536,0.1,100,4.605170186,,
8507,ua,g_20;em_12_1604;n_32223-n_32224;p_19;#=ew_69_153749;prefix=03604-;[0]=ew_0_13950,K002M,PresentElder,96.633,96.533,https://labbcat.canterbury.ac.nz/maonze/transcript?ag_id=20#ew_0_13950,0.1,100,4.605170186,,
8523,ua,g_22;em_12_1829;n_32446-n_32447;p_19;#=ew_69_153529;prefix=04142-;[0]=ew_0_15654,K002M,PresentElder,144.744,144.644,https://labbcat.canterbury.ac.nz/maonze/transcript?ag_id=22#ew_0_15654,0.1,100,4.605170186,,
8526,ua,g_22;em_12_1849;n_32466-n_32467;p_19;#=ew_69_153589;prefix=04198-;[0]=ew_0_15821,K002M,PresentElder,231.649,231.549,https://labbcat.canterbury.ac.nz/maonze/transcript?ag_id=22#ew_0_15821,0.1,100,4.605170186,,
8554,ua,g_27;em_12_2227;n_32834-n_32835;p_19;#=ew_69_154807;prefix=05155-;[0]=ew_0_18844,K002M,PresentElder,112.451,112.351,https://labbcat.canterbury.ac.nz/maonze/transcript?ag_id=27#ew_0_18844,0.1,100,4.605170186,,
8592,ua,g_307;em_12_160711;n_5999883-n_5999889;p_81;#=ew_69_186478;prefix=35566-;[0]=ew_0_1239852,L1Y03M,L1,133.646,133.546,https://labbcat.canterbury.ac.nz/maonze/transcript?ag_id=307#ew_0_1239852,0.1,100,4.605170186,,
8657,ua,g_320;em_12_31439;n_56032-n_56034;p_89;#=ew_69_188305;prefix=37160-;[0]=ew_0_1097284,L1Y04M,L1,184.825,184.725,https://labbcat.canterbury.ac.nz/maonze/transcript?ag_id=320#ew_0_1097284,0.1,100,4.605170186,,
8663,ua,g_321;em_12_31671;n_56246-n_56248;p_89;#=ew_69_188165;prefix=37349-;[0]=ew_0_1096792,L1Y04M,L1,199.75,199.65,https://labbcat.canterbury.ac.nz/maonze/transcript?ag_id=321#ew_0_1096792,0.1,100,4.605170186,,
8669,ua,g_322;em_12_31817;n_56378-n_56380;p_89;#=ew_69_189077;prefix=37433-;[0]=ew_0_215763,L1Y04M,L1,81.228,81.128,https://labbcat.canterbury.ac.nz/maonze/transcript?ag_id=322#ew_0_215763,0.1,100,4.605170186,,
8697,ua,g_325;em_12_32875;n_57197-n_3841489;p_89;#=ew_69_188758;prefix=38001-;[0]=ew_0_1096204,L1Y04M,L1,223.125,223.025,https://labbcat.canterbury.ac.nz/maonze/transcript?ag_id=325#ew_0_1096204,0.1,100,4.605170186,,
8713,ua,g_328;em_12_33162;n_57443-n_57444;p_85;#=ew_69_184601;prefix=33691-;[0]=ew_0_1241653,L1Y02M,L1,169.881,169.781,https://labbcat.canterbury.ac.nz/maonze/transcript?ag_id=328#ew_0_1241653,0.1,100,4.605170186,,
8753,ua,g_338;em_12_33407;n_57630-n_57631;p_85;#=ew_69_185186;prefix=34352-;[0]=ew_0_223012,L1Y02M,L1,95.214,95.114,https://labbcat.canterbury.ac.nz/maonze/transcript?ag_id=338#ew_0_223012,0.1,100,4.605170186,,
8809,ua,g_349;em_12_33769;n_57895-n_57896;p_87;#=ew_69_211399;prefix=59847-;[0]=ew_0_227330,MU03M,Historical,187.516,187.416,https://labbcat.canterbury.ac.nz/maonze/transcript?ag_id=349#ew_0_227330,0.1,100,4.605170186,,
8852,ua,g_368;em_12_35711;n_4458753-n_59540;p_92;#=ew_69_212637;prefix=60452-;[0]=ew_0_1117214,MU04M,Historical,97.481,97.381,https://labbcat.canterbury.ac.nz/maonze/transcript?ag_id=368#ew_0_1117214,0.1,100,4.605170186,,
8871,ua,g_372;em_12_36330;n_60146-n_60147;p_92;#=ew_69_213686;prefix=61183-;[0]=ew_0_240837,MU04M,Historical,146.873,146.773,https://labbcat.canterbury.ac.nz/maonze/transcript?ag_id=372#ew_0_240837,0.1,100,4.605170186,,
8874,ua,g_374;em_12_36725;n_60532-n_60534;p_92;#=ew_69_213479;prefix=61350-;[0]=ew_0_1117103,MU04M,Historical,105.169,105.069,https://labbcat.canterbury.ac.nz/maonze/transcript?ag_id=374#ew_0_1117103,0.1,100,4.605170186,,
8963,ua,g_449;em_12_46436;n_68914-n_68915;p_110;#=ew_69_154698;prefix=06587-;[0]=ew_0_290024,K003M,PresentElder,222.894,222.794,https://labbcat.canterbury.ac.nz/maonze/transcript?ag_id=449#ew_0_290024,0.1,100,4.605170186,,
8982,ua,g_451;em_12_46668;n_69130-n_69131;p_110;#=ew_69_156381;prefix=07049-;[0]=ew_0_291940,K003M,PresentElder,132.966,132.866,https://labbcat.canterbury.ac.nz/maonze/transcript?ag_id=451#ew_0_291940,0.1,100,4.605170186,,
8983,ua,g_451;em_12_46670;n_69132-n_69133;p_110;#=ew_69_156387;prefix=07055-;[0]=ew_0_291960,K003M,PresentElder,139.278,139.178,https://labbcat.canterbury.ac.nz/maonze/transcript?ag_id=451#ew_0_291960,0.1,100,4.605170186,,
9002,ua,g_455;em_12_158519;n_5392169-n_5392178;p_112;#=ew_69_161133;prefix=11679-;[0]=ew_0_1209319,K006M,PresentElder,157.706,157.606,https://labbcat.canterbury.ac.nz/maonze/transcript?ag_id=455#ew_0_1209319,0.1,100,4.605170186,,
9034,ua,g_464;em_12_47805;n_69867-n_69868;p_120;#=ew_69_165886;prefix=15597-;[0]=ew_0_299195,K008M,PresentElder,149.835,149.735,https://labbcat.canterbury.ac.nz/maonze/transcript?ag_id=464#ew_0_299195,0.1,100,4.605170186,,
9035,ua,g_464;em_12_47829;n_69891-n_69893;p_120;#=ew_69_165902;prefix=15613-;[0]=ew_0_299272,K008M,PresentElder,184.09,183.99,https://labbcat.canterbury.ac.nz/maonze/transcript?ag_id=464#ew_0_299272,0.1,100,4.605170186,,
9042,ua,g_466;em_12_48100;n_70125-n_70126;p_120;#=ew_69_165550;prefix=16002-;[0]=ew_0_300783,K008M,PresentElder,211.28,211.18,https://labbcat.canterbury.ac.nz/maonze/transcript?ag_id=466#ew_0_300783,0.1,100,4.605170186,,
9067,ua,g_470;em_12_48622;n_70582-n_8095;p_120;#=ew_69_166489;prefix=16522-;[0]=ew_0_303156,K008M,PresentElder,110.475,110.375,https://labbcat.canterbury.ac.nz/maonze/transcript?ag_id=470#ew_0_303156,0.1,100,4.605170186,,
9098,ua,g_479;em_12_49264;n_71172-n_71173;p_121;#=ew_69_168014;prefix=17998-;[0]=ew_0_308271,K009M,PresentElder,161.046,160.946,https://labbcat.canterbury.ac.nz/maonze/transcript?ag_id=479#ew_0_308271,0.1,100,4.605170186,,
9126,ua,g_485;em_12_49750;n_71569-n_71570;p_121;#=ew_69_168317;prefix=19133-;[0]=ew_0_312144,K009M,PresentElder,108.205,108.105,https://labbcat.canterbury.ac.nz/maonze/transcript?ag_id=485#ew_0_312144,0.1,100,4.605170186,,
9131,ua,g_486;em_12_49816;n_71628-n_71629;p_121;#=ew_69_166863;prefix=16890-;[0]=ew_0_312758,K009M,PresentElder,233.536,233.436,https://labbcat.canterbury.ac.nz/maonze/transcript?ag_id=486#ew_0_312758,0.1,100,4.605170186,,
9145,ua,g_487;em_12_49895;n_71704-n_71705;p_122;#=ew_69_169386;prefix=19274-;[0]=ew_0_313062,K010M,PresentElder,117.365,117.265,https://labbcat.canterbury.ac.nz/maonze/transcript?ag_id=487#ew_0_313062,0.1,100,4.605170186,,
9162,ua,g_489;em_12_50323;n_71993-n_8383;p_122;#=ew_69_170176;prefix=19532-;[0]=ew_0_314641,K010M,PresentElder,237.795,237.695,https://labbcat.canterbury.ac.nz/maonze/transcript?ag_id=489#ew_0_314641,0.1,100,4.605170186,,
9166,ua,g_490;em_12_50428;n_72071-n_72072;p_122;#=ew_69_170292;prefix=19611-;[0]=ew_0_315028,K010M,PresentElder,110.193,110.093,https://labbcat.canterbury.ac.nz/maonze/transcript?ag_id=490#ew_0_315028,0.1,100,4.605170186,,
9183,ua,g_492;em_12_50791;n_72356-n_8488;p_122;#=ew_69_170177;prefix=19971-;[0]=ew_0_316746,K010M,PresentElder,223.051,222.951,https://labbcat.canterbury.ac.nz/maonze/transcript?ag_id=492#ew_0_316746,0.1,100,4.605170186,,
9212,ua,g_501;em_12_150338;n_4464703-n_8817;p_97;#=ew_69_214832;prefix=63037-;[0]=ew_0_1122463,MU07M,Historical,182.744,182.644,https://labbcat.canterbury.ac.nz/maonze/transcript?ag_id=501#ew_0_1122463,0.1,100,4.605170186,,
9236,ua,g_54;em_12_161910;n_6213644-n_6213645;p_32;#=ew_69_158315;prefix=08572-;[0]=ew_0_1259374,K004M,PresentElder,222.314,222.214,https://labbcat.canterbury.ac.nz/maonze/transcript?ag_id=54#ew_0_1259374,0.1,100,4.605170186,,
9273,ua,g_59;em_12_162232;n_6219103-n_6219057;p_32;#=ew_69_159489;prefix=09634-;[0]=ew_0_1263472,K004M,PresentElder,140.98,140.88,https://labbcat.canterbury.ac.nz/maonze/transcript?ag_id=59#ew_0_1263472,0.1,100,4.605170186,,
9291,ua,g_599;em_12_64041;n_83639-n_83640;p_140;#=ew_69_189748;prefix=38707-;[0]=ew_0_1248400,L1Y05M,L1,191.465,191.365,https://labbcat.canterbury.ac.nz/maonze/transcript?ag_id=599#ew_0_1248400,0.1,100,4.605170186,,
9307,ua,g_602;em_12_64218;n_83813-n_83814;p_140;#=ew_69_190242;prefix=39202-;[0]=ew_0_1248706,L1Y05M,L1,202.7,202.6,https://labbcat.canterbury.ac.nz/maonze/transcript?ag_id=602#ew_0_1248706,0.1,100,4.605170186,,
9324,ua,g_603;em_12_64280;n_83874-n_83875;p_140;#=ew_69_190791;prefix=39468-;[0]=ew_0_384881,L1Y05M,L1,231.265,231.165,https://labbcat.canterbury.ac.nz/maonze/transcript?ag_id=603#ew_0_384881,0.1,100,4.605170186,,
9341,ua,g_605;em_12_64392;n_83984-n_83985;p_140;#=ew_69_190969;prefix=39907-;[0]=ew_0_386325,L1Y05M,L1,179.552,179.452,https://labbcat.canterbury.ac.nz/maonze/transcript?ag_id=605#ew_0_386325,0.1,100,4.605170186,,
9348,ua,g_607;em_12_64534;n_10381-n_84111;p_140;#=ew_69_191122;prefix=40140-;[0]=ew_0_387286,L1Y05M,L1,110.195,110.095,https://labbcat.canterbury.ac.nz/maonze/transcript?ag_id=607#ew_0_387286,0.1,100,4.605170186,,
9351,ua,g_607;em_12_64539;n_84115-n_84116;p_140;#=ew_69_191177;prefix=40163-;[0]=ew_0_1249999,L1Y05M,L1,137.6,137.5,https://labbcat.canterbury.ac.nz/maonze/transcript?ag_id=607#ew_0_1249999,0.1,100,4.605170186,,
9396,ua,g_613;em_12_64815;n_84380-n_84381;p_142;#=ew_69_181726;prefix=31368-;[0]=ew_0_390303,L1Y01M,L1,62.73,62.63,https://labbcat.canterbury.ac.nz/maonze/transcript?ag_id=613#ew_0_390303,0.1,100,4.605170186,,
9429,ua,g_618;em_12_65058;n_84616-n_84617;p_142;#=ew_69_182901;prefix=32024-;[0]=ew_0_392988,L1Y01M,L1,169.208,169.108,https://labbcat.canterbury.ac.nz/maonze/transcript?ag_id=618#ew_0_392988,0.1,100,4.605170186,,
9461,ua,g_625;em_12_65309;n_84829-n_84830;p_142;#=ew_69_183220;prefix=32774-;[0]=ew_0_396044,L1Y01M,L1,93.097,92.997,https://labbcat.canterbury.ac.nz/maonze/transcript?ag_id=625#ew_0_396044,0.1,100,4.605170186,,
9480,ua,g_626;em_12_65344;n_84863-n_84864;p_142;#=ew_69_183691;prefix=32897-;[0]=ew_0_1245745,L1Y01M,L1,64.634,64.534,https://labbcat.canterbury.ac.nz/maonze/transcript?ag_id=626#ew_0_1245745,0.1,100,4.605170186,,
9522,ua,g_631;em_12_65975;n_85444-n_85445;p_143;#=ew_69_202256;prefix=51250-;[0]=ew_0_400641,L2Y02M,L2,80.78,80.68,https://labbcat.canterbury.ac.nz/maonze/transcript?ag_id=631#ew_0_400641,0.1,100,4.605170186,,
9531,ua,g_632;em_12_66100;n_85560-n_85561;p_143;#=ew_69_203225;prefix=51500-;[0]=ew_0_1251801,L2Y02M,L2,77.99,77.89,https://labbcat.canterbury.ac.nz/maonze/transcript?ag_id=632#ew_0_1251801,0.1,100,4.605170186,,
9559,ua,g_635;em_12_66450;n_85868-n_85869;p_145;#=ew_69_200703;prefix=49014-;[0]=ew_0_404355,L2Y01M,L2,168.827,168.727,https://labbcat.canterbury.ac.nz/maonze/transcript?ag_id=635#ew_0_404355,0.1,100,4.605170186,,
9649,ua,g_653;em_12_68389;n_87459-n_87460;p_146;#=ew_69_205875;prefix=54143-;[0]=ew_0_415364,L2Y04M,L2,108.398,108.298,https://labbcat.canterbury.ac.nz/maonze/transcript?ag_id=653#ew_0_415364,0.1,100,4.605170186,,
9690,ua,g_665;em_12_70478;n_89272-n_89273;p_148;#=ew_69_207405;prefix=55499-;[0]=ew_0_421725,L2Y05M,L2,81.086,80.986,https://labbcat.canterbury.ac.nz/maonze/transcript?ag_id=665#ew_0_421725,0.1,100,4.605170186,,
9701,ua,g_666;em_12_70517;n_89310-n_89311;p_148;#=ew_69_207548;prefix=55691-;[0]=ew_0_422386,L2Y05M,L2,103.544,103.444,https://labbcat.canterbury.ac.nz/maonze/transcript?ag_id=666#ew_0_422386,0.1,100,4.605170186,,
9707,ua,g_666;em_12_70528;n_89321-n_89322;p_148;#=ew_69_207701;prefix=55752-;[0]=ew_0_422571,L2Y05M,L2,193.052,192.952,https://labbcat.canterbury.ac.nz/maonze/transcript?ag_id=666#ew_0_422571,0.1,100,4.605170186,,
9744,ua,g_670;em_12_70677;n_89458-n_89459;p_148;#=ew_69_208562;prefix=56462-;[0]=ew_0_425212,L2Y05M,L2,223.614,223.514,https://labbcat.canterbury.ac.nz/maonze/transcript?ag_id=670#ew_0_425212,0.1,100,4.605170186,,
9747,ua,g_671;em_12_70696;n_89474-n_89475;p_148;#=ew_69_208667;prefix=56562-;[0]=ew_0_425559,L2Y05M,L2,81.982,81.882,https://labbcat.canterbury.ac.nz/maonze/transcript?ag_id=671#ew_0_425559,0.1,100,4.605170186,,
9765,ua,g_77;em_12_5369;n_35464-n_35465;p_37;#=ew_69_160692;prefix=10337-;[0]=ew_0_52529,K005M,PresentElder,102.205,102.105,https://labbcat.canterbury.ac.nz/maonze/transcript?ag_id=77#ew_0_52529,0.1,100,4.605170186,,
9789,ua,g_82;em_12_5612;n_35671-n_35672;p_37;#=ew_69_160144;prefix=10728-;[0]=ew_0_56162,K005M,PresentElder,139.618,139.518,https://labbcat.canterbury.ac.nz/maonze/transcript?ag_id=82#ew_0_56162,0.1,100,4.605170186,,
9871,ua,g_86;em_12_160579;n_5958119-n_5957934;p_37;#=ew_69_161422;prefix=11412-;[0]=ew_0_1237138,K005M,PresentElder,194.655,194.555,https://labbcat.canterbury.ac.nz/maonze/transcript?ag_id=86#ew_0_1237138,0.1,100,4.605170186,,
9873,ua,g_86;em_12_5824;n_570-n_35872;p_37;#=ew_69_161471;prefix=11371-;[0]=ew_0_59374,K005M,PresentElder,242.176,242.076,https://labbcat.canterbury.ac.nz/maonze/transcript?ag_id=86#ew_0_59374,0.1,100,4.605170186,,
9876,ua,g_861;em_12_86284;n_101227-n_14707;p_168;#=ew_69_173235;prefix=22578-;[0]=ew_0_547438,L1H02M,L1,123.303,123.203,https://labbcat.canterbury.ac.nz/maonze/transcript?ag_id=861#ew_0_547438,0.1,100,4.605170186,,
9883,ua,g_861;em_12_86294;n_101233-n_101234;p_168;#=ew_69_173332;prefix=22619-;[0]=ew_0_547570,L1H02M,L1,172.213,172.113,https://labbcat.canterbury.ac.nz/maonze/transcript?ag_id=861#ew_0_547570,0.1,100,4.605170186,,
9887,ua,g_862;em_12_159494;n_5656004-n_5656009;p_168;#=ew_69_172901;prefix=22832-;[0]=ew_0_1219912,L1H02M,L1,242.499,242.399,https://labbcat.canterbury.ac.nz/maonze/transcript?ag_id=862#ew_0_1219912,0.1,100,4.605170186,,
9896,ua,g_862;em_12_86367;n_101278-n_101279;p_168;#=ew_69_172850;prefix=22754-;[0]=ew_0_548216,L1H02M,L1,180.195,180.095,https://labbcat.canterbury.ac.nz/maonze/transcript?ag_id=862#ew_0_548216,0.1,100,4.605170186,,
9910,ua,g_864;em_12_86531;n_101398-n_101399;p_168;#=ew_69_173767;prefix=23080-;[0]=ew_0_549544,L1H02M,L1,184.454,184.354,https://labbcat.canterbury.ac.nz/maonze/transcript?ag_id=864#ew_0_549544,0.1,100,4.605170186,,
9966,ua,g_870;em_12_87057;n_101755-n_101756;p_168;#=ew_69_174687;prefix=24165-;[0]=ew_0_553578,L1H02M,L1,241.225,241.125,https://labbcat.canterbury.ac.nz/maonze/transcript?ag_id=870#ew_0_553578,0.1,100,4.605170186,,
9973,ua,g_871;em_12_87110;n_14952-n_14953;p_168;#=ew_69_173895;prefix=24264-;[0]=ew_0_553935,L1H02M,L1,93.166,93.066,https://labbcat.canterbury.ac.nz/maonze/transcript?ag_id=871#ew_0_553935,0.1,100,4.605170186,,
9979,ua,g_875;em_12_87258;n_101913-n_101914;p_169;#=ew_69_174888;prefix=24514-;[0]=ew_0_554939,L1H03M,L1,77.508,77.408,https://labbcat.canterbury.ac.nz/maonze/transcript?ag_id=875#ew_0_554939,0.1,100,4.605170186,,
10080,ua,g_894;em_12_88470;n_102726-n_102727;p_174;#=ew_69_179395;prefix=28389-;[0]=ew_0_563494,L1H05M,L1,168.827,168.727,https://labbcat.canterbury.ac.nz/maonze/transcript?ag_id=894#ew_0_563494,0.1,100,4.605170186,,
10084,ua,g_895;em_12_88498;n_15362-n_102750;p_174;#=ew_69_178008;prefix=28149-;[0]=ew_0_563832,L1H05M,L1,64.829,64.729,https://labbcat.canterbury.ac.nz/maonze/transcript?ag_id=895#ew_0_563832,0.1,100,4.605170186,,
10178,ua,g_907;em_12_89164;n_15514-n_103255;p_173;#=ew_69_177470;prefix=26619-;[0]=ew_0_570407,L1H04M,L1,184.597,184.497,https://labbcat.canterbury.ac.nz/maonze/transcript?ag_id=907#ew_0_570407,0.1,100,4.605170186,,
10183,ua,g_907;em_12_89168;n_103258-n_15515;p_173;#=ew_69_177519;prefix=26639-;[0]=ew_0_570474,L1H04M,L1,219.426,219.326,https://labbcat.canterbury.ac.nz/maonze/transcript?ag_id=907#ew_0_570474,0.1,100,4.605170186,,
10190,ua,g_908;em_12_89179;n_103260-n_15524;p_173;#=ew_69_176975;prefix=26431-;[0]=ew_0_570571,L1H04M,L1,43.19,43.09,https://labbcat.canterbury.ac.nz/maonze/transcript?ag_id=908#ew_0_570571,0.1,100,4.605170186,,
10212,ua,g_910;em_12_89285;n_103298-n_15592;p_173;#=ew_69_176237;prefix=26273-;[0]=ew_0_571977,L1H04M,L1,202.62,202.52,https://labbcat.canterbury.ac.nz/maonze/transcript?ag_id=910#ew_0_571977,0.1,100,4.605170186,,
10215,ua,g_911;em_12_89300;n_15601-n_15602;p_173;#=ew_69_176617;prefix=26086-;[0]=ew_0_572163,L1H04M,L1,67.741,67.641,https://labbcat.canterbury.ac.nz/maonze/transcript?ag_id=911#ew_0_572163,0.1,100,4.605170186,,
10219,ua,g_911;em_12_89313;n_103308-n_103309;p_173;#=ew_69_176713;prefix=26132-;[0]=ew_0_572376,L1H04M,L1,172.548,172.448,https://labbcat.canterbury.ac.nz/maonze/transcript?ag_id=911#ew_0_572376,0.1,100,4.605170186,,
10222,ua,g_911;em_12_89319;n_103314-n_103315;p_173;#=ew_69_176819;prefix=26177-;[0]=ew_0_572497,L1H04M,L1,230.308,230.208,https://labbcat.canterbury.ac.nz/maonze/transcript?ag_id=911#ew_0_572497,0.1,100,4.605170186,,
10230,ua,g_912;em_12_89354;n_103323-n_15636;p_173;#=ew_69_176589;prefix=26037-;[0]=ew_0_572946,L1H04M,L1,192.765,192.665,https://labbcat.canterbury.ac.nz/maonze/transcript?ag_id=912#ew_0_572946,0.1,100,4.605170186,,
10232,ua,g_912;em_12_89356;n_15637-n_103324;p_173;#=ew_69_176619;prefix=26045-;[0]=ew_0_572976,L1H04M,L1,208.591,208.491,https://labbcat.canterbury.ac.nz/maonze/transcript?ag_id=912#ew_0_572976,0.1,100,4.605170186,,
10242,ua,g_913;em_12_89395;n_103341-n_103342;p_173;#=ew_69_176521;prefix=25954-;[0]=ew_0_573545,L1H04M,L1,231.56,231.46,https://labbcat.canterbury.ac.nz/maonze/transcript?ag_id=913#ew_0_573545,0.1,100,4.605170186,,
10333,ua,g_938;em_12_91163;n_104937-n_104938;p_179;#=ew_69_218914;prefix=66147-;[0]=ew_0_585475,R001M,PresentElder,178.465,178.365,https://labbcat.canterbury.ac.nz/maonze/transcript?ag_id=938#ew_0_585475,0.1,100,4.605170186,,
10355,ua,g_940;em_12_91303;n_105055-n_105056;p_179;#=ew_69_219264;prefix=66461-;[0]=ew_0_586599,R001M,PresentElder,131.404,131.304,https://labbcat.canterbury.ac.nz/maonze/transcript?ag_id=940#ew_0_586599,0.1,100,4.605170186,,
10364,ua,g_941;em_12_91378;n_15887-n_105096;p_179;#=ew_69_219724;prefix=66623-;[0]=ew_0_587183,R001M,PresentElder,100.633,100.533,https://labbcat.canterbury.ac.nz/maonze/transcript?ag_id=941#ew_0_587183,0.1,100,4.605170186,,
10379,ua,g_942;em_12_91463;n_105163-n_105164;p_179;#=ew_69_219464;prefix=66808-;[0]=ew_0_587812,R001M,PresentElder,137.011,136.911,https://labbcat.canterbury.ac.nz/maonze/transcript?ag_id=942#ew_0_587812,0.1,100,4.605170186,,
10389,ua,g_946;em_12_91608;n_105286-n_105287;p_181;#=ew_69_220117;prefix=67146-;[0]=ew_0_588931,R002M,PresentElder,160.518,160.418,https://labbcat.canterbury.ac.nz/maonze/transcript?ag_id=946#ew_0_588931,0.1,100,4.605170186,,
10460,ua,g_958;em_12_92137;n_105732-n_105733;p_183;#=ew_69_221625;prefix=68757-;[0]=ew_0_595493,R003M,PresentElder,153.843,153.743,https://labbcat.canterbury.ac.nz/maonze/transcript?ag_id=958#ew_0_595493,0.1,100,4.605170186,,
10462,ua,g_958;em_12_92150;n_7035865-n_105746;p_183;#=ew_69_221664;prefix=68787-;[0]=ew_0_595612,R003M,PresentElder,206.798,206.698,https://labbcat.canterbury.ac.nz/maonze/transcript?ag_id=958#ew_0_595612,0.1,100,4.605170186,,
10476,ua,g_960;em_12_92248;n_105836-n_105837;p_183;#=ew_69_222257;prefix=69045-;[0]=ew_0_596560,R003M,PresentElder,75.448,75.348,https://labbcat.canterbury.ac.nz/maonze/transcript?ag_id=960#ew_0_596560,0.1,100,4.605170186,,
10661,ua,g_99;em_12_162765;n_6281869-n_6281874;p_41;#=ew_69_163473;prefix=13255-;[0]=ew_0_1269130,K007M,PresentElder,86.82,86.72,https://labbcat.canterbury.ac.nz/maonze/transcript?ag_id=99#ew_0_1269130,0.1,100,4.605170186,,
326,ea,g_12;em_12_968;n_31604-n_31605;p_28;#=ew_69_149805;prefix=00232-;[0]=ew_0_8542,K001M,PresentElder,322.179,322.079,https://labbcat.canterbury.ac.nz/maonze/transcript?ag_id=12#ew_0_8542,0.1,100,4.605170186,,
454,ea,g_13;em_12_1056;n_31691-n_31692;p_19;#=ew_69_152853;prefix=03501-;[0]=ew_0_9189,K002M,PresentElder,293.876,293.776,https://labbcat.canterbury.ac.nz/maonze/transcript?ag_id=13#ew_0_9189,0.1,100,4.605170186,,
457,ea,g_13;em_12_1071;n_31706-n_31707;p_19;#=ew_69_152907;prefix=03529-;[0]=ew_0_9299,K002M,PresentElder,348.919,348.819,https://labbcat.canterbury.ac.nz/maonze/transcript?ag_id=13#ew_0_9299,0.1,100,4.605170186,,
658,ea,g_1621;em_12_132053;n_134480-n_6993104;p_299;#=ew_69_191928;prefix=41055-;[0]=ew_0_935300,L2H01M,L2,260.883,260.783,https://labbcat.canterbury.ac.nz/maonze/transcript?ag_id=1621#ew_0_935300,0.1,100,4.605170186,,
1084,ea,g_1901;em_12_156319;n_5278586-n_5278615;p_333;#=ew_69_239364;prefix=85162-;[0]=ew_0_1185500,R012M,PresentElder,282.325,282.225,https://labbcat.canterbury.ac.nz/maonze/transcript?ag_id=1901#ew_0_1185500,0.1,100,4.605170186,,
1109,ea,g_1908;em_12_156753;n_5284953-n_5284973;p_333;#=ew_69_241295;prefix=86289-;[0]=ew_0_1191319,R012M,PresentElder,309.558,309.458,https://labbcat.canterbury.ac.nz/maonze/transcript?ag_id=1908#ew_0_1191319,0.1,100,4.605170186,,
1311,ea,g_305;em_12_162437;n_6241028-n_6241030;p_81;#=ew_69_186800;prefix=35105-;[0]=ew_0_1265448,L1Y03M,L1,293.871,293.771,https://labbcat.canterbury.ac.nz/maonze/transcript?ag_id=305#ew_0_1265448,0.1,100,4.605170186,,
1885,ea,g_602;em_12_64240;n_83835-n_83836;p_140;#=ew_69_190349;prefix=39275-;[0]=ew_0_384315,L1Y05M,L1,302.955,302.855,https://labbcat.canterbury.ac.nz/maonze/transcript?ag_id=602#ew_0_384315,0.1,100,4.605170186,,
2528,ea,g_928;em_12_90472;n_104290-n_104291;p_179;#=ew_69_217949;prefix=64995-;[0]=ew_0_581341,R001M,PresentElder,306.205,306.105,https://labbcat.canterbury.ac.nz/maonze/transcript?ag_id=928#ew_0_581341,0.1,100,4.605170186,,
3650,ia,g_1888;em_12_155372;n_5264249-n_5264269;p_334;#=ew_69_237841;prefix=83845-;[0]=ew_0_1174382,R011M,PresentElder,293.852,293.752,https://labbcat.canterbury.ac.nz/maonze/transcript?ag_id=1888#ew_0_1174382,0.1,100,4.605170186,,
3810,ia,g_20;em_12_1699;n_32318-n_32319;p_19;#=ew_69_154190;prefix=03836-;[0]=ew_0_14616,K002M,PresentElder,418.51,418.41,https://labbcat.canterbury.ac.nz/maonze/transcript?ag_id=20#ew_0_14616,0.1,100,4.605170186,,
4069,ia,g_450;em_12_169778;n_6946232-n_6946233;p_110;#=ew_69_156872;prefix=06874-;[0]=ew_0_1327259,K003M,PresentElder,340.145,340.045,https://labbcat.canterbury.ac.nz/maonze/transcript?ag_id=450#ew_0_1327259,0.1,100,4.605170186,,
4106,ia,g_453;em_12_46992;n_69362-n_69363;p_110;#=ew_69_157125;prefix=07525-;[0]=ew_0_1253588,K003M,PresentElder,309.342,309.242,https://labbcat.canterbury.ac.nz/maonze/transcript?ag_id=453#ew_0_1253588,0.1,100,4.605170186,,
4115,ia,g_462;em_12_47679;n_69759-n_69760;p_112;#=ew_69_162397;prefix=12461-;[0]=ew_0_1208675,K006M,PresentElder,275.7,275.6,https://labbcat.canterbury.ac.nz/maonze/transcript?ag_id=462#ew_0_1208675,0.1,100,4.605170186,,
4206,ia,g_494;em_12_51109;n_8608-n_72554;p_122;#=ew_69_170080;prefix=20250-;[0]=ew_0_318047,K010M,PresentElder,265.073,264.973,https://labbcat.canterbury.ac.nz/maonze/transcript?ag_id=494#ew_0_318047,0.1,100,4.605170186,,
4454,ia,g_670;em_12_150061;n_4423464-n_4423461;p_148;#=ew_69_208590;prefix=56489-;[0]=ew_0_1116232,L2Y05M,L2,274.532,274.432,https://labbcat.canterbury.ac.nz/maonze/transcript?ag_id=670#ew_0_1116232,0.1,100,4.605170186,,
4486,ia,g_8;em_12_528;n_31182-n_31183;p_28;#=ew_69_150038;prefix=01221-;[0]=ew_0_4928,K001M,PresentElder,271.7,271.6,https://labbcat.canterbury.ac.nz/maonze/transcript?ag_id=8#ew_0_4928,0.1,100,4.605170186,,
5573,oa,g_1840;em_12_149006;n_3847789-n_3847804;p_49;#=ew_69_204712;prefix=52435-;[0]=ew_0_1101025,L2Y03M,L2,307.364,307.264,https://labbcat.canterbury.ac.nz/maonze/transcript?ag_id=1840#ew_0_1101025,0.1,100,4.605170186,,
7142,ua,g_1083;em_12_100258;n_111368-n_111369;p_208;#=ew_69_247316;prefix=92911-;[0]=ew_0_666530,WU07M,Historical,256.28,256.18,https://labbcat.canterbury.ac.nz/maonze/transcript?ag_id=1083#ew_0_666530,0.1,100,4.605170186,,
8564,ua,g_27;em_12_2267;n_32874-n_32875;p_19;#=ew_69_154986;prefix=05334-;[0]=ew_0_19286,K002M,PresentElder,297.325,297.225,https://labbcat.canterbury.ac.nz/maonze/transcript?ag_id=27#ew_0_19286,0.1,100,4.605170186,,
8624,ua,g_311;em_12_30369;n_55075-n_5999454;p_81;#=ew_69_187259;prefix=36005-;[0]=ew_0_1239666,L1Y03M,L1,263.092,262.992,https://labbcat.canterbury.ac.nz/maonze/transcript?ag_id=311#ew_0_1239666,0.1,100,4.605170186,,
8934,ua,g_445;em_12_169596;n_6943978-n_6943979;p_110;#=ew_69_155983;prefix=05651-;[0]=ew_0_1325579,K003M,PresentElder,271.897,271.797,https://labbcat.canterbury.ac.nz/maonze/transcript?ag_id=445#ew_0_1325579,0.1,100,4.605170186,,
8971,ua,g_450;em_12_169840;n_6946214-n_6946215;p_110;#=ew_69_156814;prefix=06817-;[0]=ew_0_1327046,K003M,PresentElder,281.907,281.807,https://labbcat.canterbury.ac.nz/maonze/transcript?ag_id=450#ew_0_1327046,0.1,100,4.605170186,,
8985,ua,g_452;em_12_161472;n_6126130-n_6126132;p_110;#=ew_69_157349;prefix=07401-;[0]=ew_0_1253143,K003M,PresentElder,402.518,402.418,https://labbcat.canterbury.ac.nz/maonze/transcript?ag_id=452#ew_0_1253143,0.1,100,4.605170186,,
9865,ua,g_858;em_12_86156;n_101133-n_101134;p_167;#=ew_69_172398;prefix=22272-;[0]=ew_0_546496,L1H01M,L1,278.59,278.49,https://labbcat.canterbury.ac.nz/maonze/transcript?ag_id=858#ew_0_546496,0.1,100,4.605170186,,
10131,ua,g_9;em_12_660;n_31308-n_31309;p_28;#=ew_69_150691;prefix=00963-;[0]=ew_0_5955,K001M,PresentElder,338.412,338.312,https://labbcat.canterbury.ac.nz/maonze/transcript?ag_id=9#ew_0_5955,0.1,100,4.605170186,,
10695,ua,g_993;em_12_94214;n_107249-n_29889;p_182;#=ew_69_227332;prefix=73884-;[0]=ew_0_614267,R005M,PresentElder,263.138,263.038,https://labbcat.canterbury.ac.nz/maonze/transcript?ag_id=993#ew_0_614267,0.1,100,4.605170186,,
8,ea,g_10;em_12_775;n_31422-n_28917;p_28;#=ew_69_150225;prefix=00700-;[0]=ew_0_6947,K001M,PresentElder,334.583,334.493,https://labbcat.canterbury.ac.nz/maonze/transcript?ag_id=10#ew_0_6947,0.09,90,4.49980967,,
1028,ea,g_1853;em_12_150432;n_4569471-n_4569492;p_148;#=ew_69_208108;prefix=56003-;[0]=ew_0_1125027,L2Y05M,L2,285.656,285.566,https://labbcat.canterbury.ac.nz/maonze/transcript?ag_id=1853#ew_0_1125027,0.09,90,4.49980967,,
1118,ea,g_1909;em_12_156818;n_5286100-n_5286112;p_333;#=ew_69_241240;prefix=86543-;[0]=ew_0_1192434,R012M,PresentElder,337.228,337.138,https://labbcat.canterbury.ac.nz/maonze/transcript?ag_id=1909#ew_0_1192434,0.09,90,4.49980967,,
1190,ea,g_1945;em_12_165853;n_6848863-n_6848876;p_28;#=ew_69_151324;prefix=01702-;[0]=ew_0_1297521,K001M,PresentElder,320.175,320.085,https://labbcat.canterbury.ac.nz/maonze/transcript?ag_id=1945#ew_0_1297521,0.09,90,4.49980967,,
1643,ea,g_460;em_12_47491;n_7887-n_7888;p_112;#=ew_69_162150;prefix=12265-;[0]=ew_0_297322,K006M,PresentElder,287.208,287.118,https://labbcat.canterbury.ac.nz/maonze/transcript?ag_id=460#ew_0_297322,0.09,90,4.49980967,,
1721,ea,g_483;em_12_49652;n_71477-n_71478;p_121;#=ew_69_168367;prefix=18823-;[0]=ew_0_311020,K009M,PresentElder,262.427,262.337,https://labbcat.canterbury.ac.nz/maonze/transcript?ag_id=483#ew_0_311020,0.09,90,4.49980967,,
3259,ia,g_13;em_12_1047;n_31682-n_31683;p_19;#=ew_69_152812;prefix=03481-;[0]=ew_0_9134,K002M,PresentElder,265.033,264.943,https://labbcat.canterbury.ac.nz/maonze/transcript?ag_id=13#ew_0_9134,0.09,90,4.49980967,,
3266,ia,g_133;em_12_9045;n_38523-n_38524;p_284;#=ew_69_209716;prefix=57183-;[0]=ew_0_87455,MU01M,Historical,365.285,365.195,https://labbcat.canterbury.ac.nz/maonze/transcript?ag_id=133#ew_0_87455,0.09,90,4.49980967,,
3460,ia,g_1635;em_12_132875;n_135114-n_30538;p_288;#=ew_69_195750;prefix=44206-;[0]=ew_0_940773,L2H03M,L2,269.971,269.881,https://labbcat.canterbury.ac.nz/maonze/transcript?ag_id=1635#ew_0_940773,0.09,90,4.49980967,,
3712,ia,g_1908;em_12_156748;n_5284815-n_5284833;p_333;#=ew_69_241235;prefix=86396-;[0]=ew_0_1191290,R012M,PresentElder,269.692,269.602,https://labbcat.canterbury.ac.nz/maonze/transcript?ag_id=1908#ew_0_1191290,0.09,90,4.49980967,,
3714,ia,g_1908;em_12_156763;n_5285013-n_5285024;p_333;#=ew_69_241310;prefix=86303-;[0]=ew_0_1191284,R012M,PresentElder,328.483,328.393,https://labbcat.canterbury.ac.nz/maonze/transcript?ag_id=1908#ew_0_1191284,0.09,90,4.49980967,,
3824,ia,g_22;em_12_1877;n_32494-n_32495;p_19;#=ew_69_153712;prefix=04259-;[0]=ew_0_16045,K002M,PresentElder,339.788,339.698,https://labbcat.canterbury.ac.nz/maonze/transcript?ag_id=22#ew_0_16045,0.09,90,4.49980967,,
3832,ia,g_24;em_12_2059;n_32674-n_32675;p_19;#=ew_69_154533;prefix=04730-;[0]=ew_0_17519,K002M,PresentElder,324.487,324.397,https://labbcat.canterbury.ac.nz/maonze/transcript?ag_id=24#ew_0_17519,0.09,90,4.49980967,,
3833,ia,g_24;em_12_2061;n_32676-n_32677;p_19;#=ew_69_154541;prefix=04738-;[0]=ew_0_17535,K002M,PresentElder,331.377,331.287,https://labbcat.canterbury.ac.nz/maonze/transcript?ag_id=24#ew_0_17535,0.09,90,4.49980967,,
3894,ia,g_320;em_12_31506;n_56095-n_3841429;p_89;#=ew_69_188362;prefix=37216-;[0]=ew_0_214850,L1Y04M,L1,267.391,267.301,https://labbcat.canterbury.ac.nz/maonze/transcript?ag_id=320#ew_0_214850,0.09,90,4.49980967,,
3979,ia,g_370;em_12_36113;n_59938-n_59939;p_92;#=ew_69_214347;prefix=61120-;[0]=ew_0_239703,MU04M,Historical,447.396,447.306,https://labbcat.canterbury.ac.nz/maonze/transcript?ag_id=370#ew_0_239703,0.09,90,4.49980967,,
4246,ia,g_55;em_12_161979;n_6214576-n_6214577;p_32;#=ew_69_158925;prefix=08724-;[0]=ew_0_1259924,K004M,PresentElder,271.504,271.414,https://labbcat.canterbury.ac.nz/maonze/transcript?ag_id=55#ew_0_1259924,0.09,90,4.49980967,,
4265,ia,g_59;em_12_162198;n_6219082-n_6219126;p_32;#=ew_69_159567;prefix=09636-;[0]=ew_0_1263312,K004M,PresentElder,293.891,293.801,https://labbcat.canterbury.ac.nz/maonze/transcript?ag_id=59#ew_0_1263312,0.09,90,4.49980967,,
4412,ia,g_645;em_12_67211;n_86414-n_86415;p_145;#=ew_69_202113;prefix=50290-;[0]=ew_0_412004,L2Y01M,L2,309.285,309.195,https://labbcat.canterbury.ac.nz/maonze/transcript?ag_id=645#ew_0_412004,0.09,90,4.49980967,,
4453,ia,g_669;em_12_70648;n_89430-n_89431;p_148;#=ew_69_208899;prefix=56341-;[0]=ew_0_424668,L2Y05M,L2,265.588,265.498,https://labbcat.canterbury.ac.nz/maonze/transcript?ag_id=669#ew_0_424668,0.09,90,4.49980967,,
4477,ia,g_76;em_12_160508;n_5958176-n_5958184;p_37;#=ew_69_159995;prefix=10245-;[0]=ew_0_1235554,K005M,PresentElder,271.72,271.63,https://labbcat.canterbury.ac.nz/maonze/transcript?ag_id=76#ew_0_1235554,0.09,90,4.49980967,,
4487,ia,g_8;em_12_529;n_31183-n_31184;p_28;#=ew_69_150045;prefix=01224-;[0]=ew_0_4940,K001M,PresentElder,274.444,274.354,https://labbcat.canterbury.ac.nz/maonze/transcript?ag_id=8#ew_0_4940,0.09,90,4.49980967,,
4713,ia,g_928;em_12_90477;n_104295-n_104296;p_179;#=ew_69_217985;prefix=65009-;[0]=ew_0_581377,R001M,PresentElder,318.634,318.544,https://labbcat.canterbury.ac.nz/maonze/transcript?ag_id=928#ew_0_581377,0.09,90,4.49980967,,
4801,ia,g_959;em_12_92228;n_105818-n_105819;p_183;#=ew_69_222188;prefix=68980-;[0]=ew_0_596357,R003M,PresentElder,262.144,262.054,https://labbcat.canterbury.ac.nz/maonze/transcript?ag_id=959#ew_0_596357,0.09,90,4.49980967,,
4826,ia,g_97;em_12_162876;n_6282149-n_6281919;p_41;#=ew_69_163543;prefix=12691-;[0]=ew_0_1268966,K007M,PresentElder,292.021,291.931,https://labbcat.canterbury.ac.nz/maonze/transcript?ag_id=97#ew_0_1268966,0.09,90,4.49980967,,
5678,oa,g_19;em_12_1572;n_32192-n_32193;p_19;#=ew_69_152954;prefix=03059-;[0]=ew_0_13743,K002M,PresentElder,396.141,396.051,https://labbcat.canterbury.ac.nz/maonze/transcript?ag_id=19#ew_0_13743,0.09,90,4.49980967,,
6103,oa,g_487;em_12_49992;n_71774-n_71775;p_122;#=ew_69_169514;prefix=19345-;[0]=ew_0_313418,K010M,PresentElder,274.285,274.195,https://labbcat.canterbury.ac.nz/maonze/transcript?ag_id=487#ew_0_313418,0.09,90,4.49980967,,
6276,oa,g_633;em_12_66301;n_85746-n_85747;p_143;#=ew_69_203228;prefix=51901-;[0]=ew_0_403167,L2Y02M,L2,261.665,261.575,https://labbcat.canterbury.ac.nz/maonze/transcript?ag_id=633#ew_0_403167,0.09,90,4.49980967,,
6834,ua,g_103;em_12_162945;n_6286076-n_6286084;p_41;#=ew_69_164754;prefix=13961-;[0]=ew_0_1273564,K007M,PresentElder,270.821,270.731,https://labbcat.canterbury.ac.nz/maonze/transcript?ag_id=103#ew_0_1273564,0.09,90,4.49980967,,
6939,ua,g_1040;em_12_97063;n_109215-n_29937;p_193;#=ew_69_234886;prefix=82066-;[0]=ew_0_642666,R010M,PresentElder,275.023,274.933,https://labbcat.canterbury.ac.nz/maonze/transcript?ag_id=1040#ew_0_642666,0.09,90,4.49980967,,
7572,ua,g_1512;em_12_125572;n_129719-n_129720;p_276;#=ew_69_242342;prefix=88405-;[0]=ew_0_881476,WU03M,Historical,265.744,265.654,https://labbcat.canterbury.ac.nz/maonze/transcript?ag_id=1512#ew_0_881476,0.09,90,4.49980967,,
8170,ua,g_1840;em_12_149006;n_3847789-n_3847804;p_49;#=ew_69_204720;prefix=52437-;[0]=ew_0_1101033,L2Y03M,L2,309.934,309.844,https://labbcat.canterbury.ac.nz/maonze/transcript?ag_id=1840#ew_0_1101033,0.09,90,4.49980967,,
8192,ua,g_1845;em_12_149325;n_3852035-n_3852055;p_49;#=ew_69_205069;prefix=53114-;[0]=ew_0_1104638,L2Y03M,L2,275.535,275.445,https://labbcat.canterbury.ac.nz/maonze/transcript?ag_id=1845#ew_0_1104638,0.09,90,4.49980967,,
8419,ua,g_1912;em_12_157044;n_5289247-n_5289260;p_333;#=ew_69_240182;prefix=87205-;[0]=ew_0_1195014,R012M,PresentElder,274.466,274.376,https://labbcat.canterbury.ac.nz/maonze/transcript?ag_id=1912#ew_0_1195014,0.09,90,4.49980967,,
8485,ua,g_1945;em_12_165866;n_6848804-n_6848814;p_28;#=ew_69_151312;prefix=01691-;[0]=ew_0_1297888,K001M,PresentElder,297.153,297.063,https://labbcat.canterbury.ac.nz/maonze/transcript?ag_id=1945#ew_0_1297888,0.09,90,4.49980967,,
8538,ua,g_24;em_12_2080;n_32695-n_32696;p_19;#=ew_69_154597;prefix=04794-;[0]=ew_0_17699,K002M,PresentElder,398.439,398.349,https://labbcat.canterbury.ac.nz/maonze/transcript?ag_id=24#ew_0_17699,0.09,90,4.49980967,,
8539,ua,g_24;em_12_2081;n_32696-n_32697;p_19;#=ew_69_154601;prefix=04798-;[0]=ew_0_17707,K002M,PresentElder,401.319,401.229,https://labbcat.canterbury.ac.nz/maonze/transcript?ag_id=24#ew_0_17707,0.09,90,4.49980967,,
8676,ua,g_322;em_12_32055;n_56578-n_56579;p_89;#=ew_69_189272;prefix=37589-;[0]=ew_0_1097913,L1Y04M,L1,309.732,309.642,https://labbcat.canterbury.ac.nz/maonze/transcript?ag_id=322#ew_0_1097913,0.09,90,4.49980967,,
9277,ua,g_59;em_12_162259;n_6219130-n_6219087;p_32;#=ew_69_159594;prefix=09696-;[0]=ew_0_1263721,K004M,PresentElder,329.427,329.337,https://labbcat.canterbury.ac.nz/maonze/transcript?ag_id=59#ew_0_1263721,0.09,90,4.49980967,,
9673,ua,g_663;em_12_70427;n_89223-n_89224;p_148;#=ew_69_207726;prefix=55256-;[0]=ew_0_420885,L2Y05M,L2,296.766,296.676,https://labbcat.canterbury.ac.nz/maonze/transcript?ag_id=663#ew_0_420885,0.09,90,4.49980967,,
9713,ua,g_666;em_12_70536;n_89329-n_89330;p_148;#=ew_69_207824;prefix=55792-;[0]=ew_0_422712,L2Y05M,L2,260.307,260.217,https://labbcat.canterbury.ac.nz/maonze/transcript?ag_id=666#ew_0_422712,0.09,90,4.49980967,,
9759,ua,g_76;em_12_160499;n_5958170-n_5958176;p_37;#=ew_69_159992;prefix=10242-;[0]=ew_0_1237021,K005M,PresentElder,267.896,267.806,https://labbcat.canterbury.ac.nz/maonze/transcript?ag_id=76#ew_0_1237021,0.09,90,4.49980967,,
9760,ua,g_76;em_12_160508;n_5958176-n_5958184;p_37;#=ew_69_159996;prefix=10246-;[0]=ew_0_1236370,K005M,PresentElder,272.35,272.26,https://labbcat.canterbury.ac.nz/maonze/transcript?ag_id=76#ew_0_1236370,0.09,90,4.49980967,,
9769,ua,g_77;em_12_5394;n_35489-n_35490;p_37;#=ew_69_160798;prefix=10437-;[0]=ew_0_52956,K005M,PresentElder,268.571,268.481,https://labbcat.canterbury.ac.nz/maonze/transcript?ag_id=77#ew_0_52956,0.09,90,4.49980967,,
10508,ua,g_964;em_12_92573;n_106039-n_16139;p_183;#=ew_69_223166;prefix=69811-;[0]=ew_0_599498,R003M,PresentElder,261.074,260.984,https://labbcat.canterbury.ac.nz/maonze/transcript?ag_id=964#ew_0_599498,0.09,90,4.49980967,,
55,ea,g_102;em_12_162986;n_6286059-n_6286062;p_41;#=ew_69_163645;prefix=13869-;[0]=ew_0_1272503,K007M,PresentElder,188.41,188.32,https://labbcat.canterbury.ac.nz/maonze/transcript?ag_id=102#ew_0_1272503,0.09,90,4.49980967,,
129,ea,g_1037;em_12_96771;n_109030-n_109031;p_193;#=ew_69_235429;prefix=81456-;[0]=ew_0_640176,R010M,PresentElder,225.73,225.64,https://labbcat.canterbury.ac.nz/maonze/transcript?ag_id=1037#ew_0_640176,0.09,90,4.49980967,,
141,ea,g_1039;em_12_96963;n_109157-n_109158;p_193;#=ew_69_235685;prefix=81807-;[0]=ew_0_641805,R010M,PresentElder,230.031,229.941,https://labbcat.canterbury.ac.nz/maonze/transcript?ag_id=1039#ew_0_641805,0.09,90,4.49980967,,
144,ea,g_1039;em_12_96968;n_109162-n_109163;p_193;#=ew_69_235710;prefix=81829-;[0]=ew_0_641853,R010M,PresentElder,247.53,247.44,https://labbcat.canterbury.ac.nz/maonze/transcript?ag_id=1039#ew_0_641853,0.09,90,4.49980967,,
167,ea,g_1042;em_12_97275;n_109283-n_109284;p_193;#=ew_69_236272;prefix=82274-;[0]=ew_0_644092,R010M,PresentElder,201.928,201.838,https://labbcat.canterbury.ac.nz/maonze/transcript?ag_id=1042#ew_0_644092,0.09,90,4.49980967,,
201,ea,g_107;em_12_163090;n_6288584-n_6288587;p_41;#=ew_69_164161;prefix=14851-;[0]=ew_0_1274224,K007M,PresentElder,94.051,93.961,https://labbcat.canterbury.ac.nz/maonze/transcript?ag_id=107#ew_0_1274224,0.09,90,4.49980967,,
205,ea,g_107;em_12_163116;n_6288651-n_6288654;p_41;#=ew_69_164495;prefix=14685-;[0]=ew_0_1274086,K007M,PresentElder,231.57,231.48,https://labbcat.canterbury.ac.nz/maonze/transcript?ag_id=107#ew_0_1274086,0.09,90,4.49980967,,
226,ea,g_1075;em_12_99744;n_110942-n_110943;p_208;#=ew_69_245438;prefix=91794-;[0]=ew_0_661943,WU07M,Historical,63.28,63.19,https://labbcat.canterbury.ac.nz/maonze/transcript?ag_id=1075#ew_0_661943,0.09,90,4.49980967,,
244,ea,g_1079;em_12_99964;n_111138-n_111139;p_208;#=ew_69_246008;prefix=92233-;[0]=ew_0_663871,WU07M,Historical,91.495,91.405,https://labbcat.canterbury.ac.nz/maonze/transcript?ag_id=1079#ew_0_663871,0.09,90,4.49980967,,
284,ea,g_109;em_12_7544;n_816-n_37316;p_41;#=ew_69_165298;prefix=15310-;[0]=ew_0_75699,K007M,PresentElder,219.69,219.6,https://labbcat.canterbury.ac.nz/maonze/transcript?ag_id=109#ew_0_75699,0.09,90,4.49980967,,
294,ea,g_11;em_12_809;n_31455-n_31456;p_28;#=ew_69_149288;prefix=00324-;[0]=ew_0_7249,K001M,PresentElder,119.896,119.806,https://labbcat.canterbury.ac.nz/maonze/transcript?ag_id=11#ew_0_7249,0.09,90,4.49980967,,
418,ea,g_1238;em_12_111365;n_21603-n_21604;p_249;#=ew_69_180549;prefix=30185-;[0]=ew_0_744264,L1H06M,L1,165.659,165.569,https://labbcat.canterbury.ac.nz/maonze/transcript?ag_id=1238#ew_0_744264,0.09,90,4.49980967,,
462,ea,g_130;em_12_8845;n_38326-n_38327;p_284;#=ew_69_209711;prefix=58059-;[0]=ew_0_85488,MU01M,Historical,193.474,193.384,https://labbcat.canterbury.ac.nz/maonze/transcript?ag_id=130#ew_0_85488,0.09,90,4.49980967,,
475,ea,g_1371;em_12_118221;n_123769-n_123770;p_287;#=ew_69_228140;prefix=74894-;[0]=ew_0_813591,R006M,PresentElder,119.907,119.817,https://labbcat.canterbury.ac.nz/maonze/transcript?ag_id=1371#ew_0_813591,0.09,90,4.49980967,,
501,ea,g_1383;em_12_118875;n_124375-n_124376;p_262;#=ew_69_248299;prefix=93929-;[0]=ew_0_820045,WU08M,Historical,63.883,63.793,https://labbcat.canterbury.ac.nz/maonze/transcript?ag_id=1383#ew_0_820045,0.09,90,4.49980967,,
582,ea,g_1524;em_12_126164;n_130193-n_130194;p_287;#=ew_69_228755;prefix=75391-;[0]=ew_0_887685,R006M,PresentElder,178.616,178.526,https://labbcat.canterbury.ac.nz/maonze/transcript?ag_id=1524#ew_0_887685,0.09,90,4.49980967,,
588,ea,g_1525;em_12_126183;n_130209-n_130210;p_287;#=ew_69_228649;prefix=75489-;[0]=ew_0_887978,R006M,PresentElder,55.493,55.403,https://labbcat.canterbury.ac.nz/maonze/transcript?ag_id=1525#ew_0_887978,0.09,90,4.49980967,,
594,ea,g_1526;em_12_126233;n_130250-n_130251;p_287;#=ew_69_228949;prefix=75674-;[0]=ew_0_888673,R006M,PresentElder,111.727,111.637,https://labbcat.canterbury.ac.nz/maonze/transcript?ag_id=1526#ew_0_888673,0.09,90,4.49980967,,
656,ea,g_1621;em_12_132043;n_134474-n_134475;p_299;#=ew_69_191918;prefix=41045-;[0]=ew_0_935247,L2H01M,L2,234.776,234.686,https://labbcat.canterbury.ac.nz/maonze/transcript?ag_id=1621#ew_0_935247,0.09,90,4.49980967,,
660,ea,g_1622;em_12_132078;n_134500-n_134501;p_299;#=ew_69_191672;prefix=41083-;[0]=ew_0_935445,L2H01M,L2,67.29,67.2,https://labbcat.canterbury.ac.nz/maonze/transcript?ag_id=1622#ew_0_935445,0.09,90,4.49980967,,
661,ea,g_1622;em_12_132081;n_134503-n_134504;p_299;#=ew_69_191678;prefix=41087-;[0]=ew_0_935461,L2H01M,L2,75.003,74.913,https://labbcat.canterbury.ac.nz/maonze/transcript?ag_id=1622#ew_0_935461,0.09,90,4.49980967,,
686,ea,g_1629;em_12_132547;n_134821-n_134822;p_299;#=ew_69_192989;prefix=41819-;[0]=ew_0_938670,L2H01M,L2,152.294,152.204,https://labbcat.canterbury.ac.nz/maonze/transcript?ag_id=1629#ew_0_938670,0.09,90,4.49980967,,
725,ea,g_1646;em_12_133511;n_135700-n_135701;p_300;#=ew_69_193911;prefix=42085-;[0]=ew_0_945158,L2H02M,L2,134.853,134.763,https://labbcat.canterbury.ac.nz/maonze/transcript?ag_id=1646#ew_0_945158,0.09,90,4.49980967,,
729,ea,g_1647;em_12_133561;n_135742-n_135743;p_300;#=ew_69_193299;prefix=42191-;[0]=ew_0_945560,L2H02M,L2,22.795,22.705,https://labbcat.canterbury.ac.nz/maonze/transcript?ag_id=1647#ew_0_945560,0.09,90,4.49980967,,
773,ea,g_1655;em_12_134277;n_136253-n_27300;p_300;#=ew_69_194289;prefix=43308-;[0]=ew_0_949926,L2H02M,L2,50.371,50.281,https://labbcat.canterbury.ac.nz/maonze/transcript?ag_id=1655#ew_0_949926,0.09,90,4.49980967,,
845,ea,g_1669;em_12_134959;n_136762-n_136763;p_302;#=ew_69_198532;prefix=46776-;[0]=ew_0_956940,L2H04M,L2,136.987,136.897,https://labbcat.canterbury.ac.nz/maonze/transcript?ag_id=1669#ew_0_956940,0.09,90,4.49980967,,
863,ea,g_1671;em_12_163220;n_6399764-n_6399772;p_302;#=ew_69_198887;prefix=47126-;[0]=ew_0_1276747,L2H04M,L2,234.441,234.351,https://labbcat.canterbury.ac.nz/maonze/transcript?ag_id=1671#ew_0_1276747,0.09,90,4.49980967,,
922,ea,g_1688;em_12_136075;n_137546-n_137547;p_307;#=ew_69_200035;prefix=48079-;[0]=ew_0_965937,L2H05M,L2,158.382,158.292,https://labbcat.canterbury.ac.nz/maonze/transcript?ag_id=1688#ew_0_965937,0.09,90,4.49980967,,
1106,ea,g_1907;em_12_156719;n_5283742-n_5283757;p_333;#=ew_69_239871;prefix=86254-;[0]=ew_0_1190314,R012M,PresentElder,77.375,77.285,https://labbcat.canterbury.ac.nz/maonze/transcript?ag_id=1907#ew_0_1190314,0.09,90,4.49980967,,
1134,ea,g_1911;em_12_156987;n_5287888-n_5287904;p_333;#=ew_69_240717;prefix=87001-;[0]=ew_0_1194017,R012M,PresentElder,206.524,206.434,https://labbcat.canterbury.ac.nz/maonze/transcript?ag_id=1911#ew_0_1194017,0.09,90,4.49980967,,
1191,ea,g_1945;em_12_165869;n_6848647-n_6848665;p_28;#=ew_69_151279;prefix=01662-;[0]=ew_0_1298085,K001M,PresentElder,253.123,253.033,https://labbcat.canterbury.ac.nz/maonze/transcript?ag_id=1945#ew_0_1298085,0.09,90,4.49980967,,
1228,ea,g_22;em_12_1829;n_32446-n_32447;p_19;#=ew_69_153523;prefix=04136-;[0]=ew_0_15644,K002M,PresentElder,142.294,142.204,https://labbcat.canterbury.ac.nz/maonze/transcript?ag_id=22#ew_0_15644,0.09,90,4.49980967,,
1257,ea,g_24;em_12_2042;n_32657-n_32658;p_19;#=ew_69_154470;prefix=04673-;[0]=ew_0_17356,K002M,PresentElder,253.144,253.054,https://labbcat.canterbury.ac.nz/maonze/transcript?ag_id=24#ew_0_17356,0.09,90,4.49980967,,
1281,ea,g_27;em_12_2239;n_32846-n_32847;p_19;#=ew_69_154867;prefix=05215-;[0]=ew_0_19000,K002M,PresentElder,173.362,173.272,https://labbcat.canterbury.ac.nz/maonze/transcript?ag_id=27#ew_0_19000,0.09,90,4.49980967,,
1282,ea,g_27;em_12_2240;n_32847-n_32848;p_19;#=ew_69_154873;prefix=05221-;[0]=ew_0_19008,K002M,PresentElder,175.734,175.644,https://labbcat.canterbury.ac.nz/maonze/transcript?ag_id=27#ew_0_19008,0.09,90,4.49980967,,
1284,ea,g_27;em_12_2242;n_32849-n_32850;p_19;#=ew_69_154883;prefix=05231-;[0]=ew_0_19031,K002M,PresentElder,184.723,184.633,https://labbcat.canterbury.ac.nz/maonze/transcript?ag_id=27#ew_0_19031,0.09,90,4.49980967,,
1287,ea,g_27;em_12_2247;n_32854-n_32855;p_19;#=ew_69_154902;prefix=05250-;[0]=ew_0_19086,K002M,PresentElder,207.046,206.956,https://labbcat.canterbury.ac.nz/maonze/transcript?ag_id=27#ew_0_19086,0.09,90,4.49980967,,
1289,ea,g_27;em_12_2251;n_32858-n_32859;p_19;#=ew_69_154914;prefix=05262-;[0]=ew_0_19124,K002M,PresentElder,227.627,227.537,https://labbcat.canterbury.ac.nz/maonze/transcript?ag_id=27#ew_0_19124,0.09,90,4.49980967,,
1303,ea,g_304;em_12_162370;n_6240812-n_6240814;p_81;#=ew_69_185833;prefix=34957-;[0]=ew_0_1264706,L1Y03M,L1,214.803,214.713,https://labbcat.canterbury.ac.nz/maonze/transcript?ag_id=304#ew_0_1264706,0.09,90,4.49980967,,
1309,ea,g_305;em_12_162422;n_6240935-n_6240937;p_81;#=ew_69_186600;prefix=35056-;[0]=ew_0_1266191,L1Y03M,L1,77.512,77.422,https://labbcat.canterbury.ac.nz/maonze/transcript?ag_id=305#ew_0_1266191,0.09,90,4.49980967,,
1318,ea,g_306;em_12_160951;n_6000459-n_6000117;p_81;#=ew_69_186310;prefix=35415-;[0]=ew_0_1239125,L1Y03M,L1,183.808,183.718,https://labbcat.canterbury.ac.nz/maonze/transcript?ag_id=306#ew_0_1239125,0.09,90,4.49980967,,
1319,ea,g_306;em_12_160956;n_6000444-n_6000452;p_81;#=ew_69_186285;prefix=35403-;[0]=ew_0_1240547,L1Y03M,L1,178.612,178.522,https://labbcat.canterbury.ac.nz/maonze/transcript?ag_id=306#ew_0_1240547,0.09,90,4.49980967,,
1329,ea,g_309;em_12_30111;n_54891-n_54892;p_81;#=ew_69_185923;prefix=35781-;[0]=ew_0_208125,L1Y03M,L1,78.75,78.66,https://labbcat.canterbury.ac.nz/maonze/transcript?ag_id=309#ew_0_208125,0.09,90,4.49980967,,
1333,ea,g_311;em_12_170769;n_6984505-n_5549;p_81;#=ew_69_187147;prefix=36011-;[0]=ew_0_1334925,L1Y03M,L1,123.515,123.425,https://labbcat.canterbury.ac.nz/maonze/transcript?ag_id=311#ew_0_1334925,0.09,90,4.49980967,,
1399,ea,g_322;em_12_31820;n_56381-n_56382;p_89;#=ew_69_189082;prefix=37438-;[0]=ew_0_215773,L1Y04M,L1,84.388,84.298,https://labbcat.canterbury.ac.nz/maonze/transcript?ag_id=322#ew_0_215773,0.09,90,4.49980967,,
1400,ea,g_322;em_12_31915;n_56456-n_56458;p_89;#=ew_69_189141;prefix=37496-;[0]=ew_0_216021,L1Y04M,L1,168.177,168.087,https://labbcat.canterbury.ac.nz/maonze/transcript?ag_id=322#ew_0_216021,0.09,90,4.49980967,,
1476,ea,g_339;em_12_33439;n_57659-n_57660;p_85;#=ew_69_184078;prefix=33253-;[0]=ew_0_223458,L1Y02M,L1,113.283,113.193,https://labbcat.canterbury.ac.nz/maonze/transcript?ag_id=339#ew_0_223458,0.09,90,4.49980967,,
1507,ea,g_352;em_12_33956;n_58078-n_58079;p_87;#=ew_69_210953;prefix=59718-;[0]=ew_0_228372,MU03M,Historical,136.71,136.62,https://labbcat.canterbury.ac.nz/maonze/transcript?ag_id=352#ew_0_228372,0.09,90,4.49980967,,
1511,ea,g_367;em_12_35587;n_4519226-n_59479;p_92;#=ew_69_212536;prefix=60360-;[0]=ew_0_1123932,MU04M,Historical,227.997,227.907,https://labbcat.canterbury.ac.nz/maonze/transcript?ag_id=367#ew_0_1123932,0.09,90,4.49980967,,
1569,ea,g_4;em_12_120;n_30791-n_30792;p_28;#=ew_69_150773;prefix=01974-;[0]=ew_0_1820,K001M,PresentElder,36.329,36.239,https://labbcat.canterbury.ac.nz/maonze/transcript?ag_id=4#ew_0_1820,0.09,90,4.49980967,,
1620,ea,g_453;em_12_161326;n_6124097-n_6124102;p_110;#=ew_69_157018;prefix=07466-;[0]=ew_0_1252748,K003M,PresentElder,153.022,152.932,https://labbcat.canterbury.ac.nz/maonze/transcript?ag_id=453#ew_0_1252748,0.09,90,4.49980967,,
1622,ea,g_453;em_12_161344;n_6124030-n_6124039;p_110;#=ew_69_156989;prefix=07561-;[0]=ew_0_1253564,K003M,PresentElder,112.842,112.752,https://labbcat.canterbury.ac.nz/maonze/transcript?ag_id=453#ew_0_1253564,0.09,90,4.49980967,,
1629,ea,g_456;em_12_47090;n_69443-n_7723;p_112;#=ew_69_161603;prefix=11759-;[0]=ew_0_295015,K006M,PresentElder,117.783,117.693,https://labbcat.canterbury.ac.nz/maonze/transcript?ag_id=456#ew_0_295015,0.09,90,4.49980967,,
1679,ea,g_470;em_12_48636;n_70590-n_70591;p_120;#=ew_69_166498;prefix=16531-;[0]=ew_0_1090316,K008M,PresentElder,131.762,131.672,https://labbcat.canterbury.ac.nz/maonze/transcript?ag_id=470#ew_0_1090316,0.09,90,4.49980967,,
1724,ea,g_484;em_12_49720;n_71540-n_71541;p_121;#=ew_69_169160;prefix=18999-;[0]=ew_0_311707,K009M,PresentElder,230.854,230.764,https://labbcat.canterbury.ac.nz/maonze/transcript?ag_id=484#ew_0_311707,0.09,90,4.49980967,,
1747,ea,g_492;em_12_50743;n_8477-n_72319;p_122;#=ew_69_170002;prefix=19912-;[0]=ew_0_316504,K010M,PresentElder,108.768,108.678,https://labbcat.canterbury.ac.nz/maonze/transcript?ag_id=492#ew_0_316504,0.09,90,4.49980967,,
1754,ea,g_493;em_12_50870;n_72410-n_72411;p_122;#=ew_69_169564;prefix=20032-;[0]=ew_0_317073,K010M,PresentElder,74.673,74.583,https://labbcat.canterbury.ac.nz/maonze/transcript?ag_id=493#ew_0_317073,0.09,90,4.49980967,,
1775,ea,g_5;em_12_149657;n_3957695-n_30876;p_28;#=ew_69_151027;prefix=01887-;[0]=ew_0_1110831,K001M,PresentElder,250.189,250.099,https://labbcat.canterbury.ac.nz/maonze/transcript?ag_id=5#ew_0_1110831,0.09,90,4.49980967,,
1798,ea,g_52;em_12_3737;n_34070-n_34071;p_32;#=ew_69_157959;prefix=08086-;[0]=ew_0_34392,K004M,PresentElder,110.287,110.197,https://labbcat.canterbury.ac.nz/maonze/transcript?ag_id=52#ew_0_34392,0.09,90,4.49980967,,
1839,ea,g_56;em_12_162026;n_6215574-n_6215597;p_32;#=ew_69_158543;prefix=09066-;[0]=ew_0_1260776,K004M,PresentElder,214.484,214.394,https://labbcat.canterbury.ac.nz/maonze/transcript?ag_id=56#ew_0_1260776,0.09,90,4.49980967,,
1953,ea,g_617;em_12_65001;n_84560-n_84561;p_142;#=ew_69_182880;prefix=31833-;[0]=ew_0_392228,L1Y01M,L1,70.068,69.978,https://labbcat.canterbury.ac.nz/maonze/transcript?ag_id=617#ew_0_392228,0.09,90,4.49980967,,
2032,ea,g_632;em_12_66151;n_85607-n_85608;p_143;#=ew_69_203383;prefix=51600-;[0]=ew_0_401951,L2Y02M,L2,205.296,205.206,https://labbcat.canterbury.ac.nz/maonze/transcript?ag_id=632#ew_0_401951,0.09,90,4.49980967,,
2042,ea,g_633;em_12_66247;n_85696-n_85697;p_143;#=ew_69_202892;prefix=51764-;[0]=ew_0_402682,L2Y02M,L2,100.531,100.441,https://labbcat.canterbury.ac.nz/maonze/transcript?ag_id=633#ew_0_402682,0.09,90,4.49980967,,
2043,ea,g_633;em_12_66250;n_85699-n_85700;p_143;#=ew_69_202901;prefix=51768-;[0]=ew_0_402698,L2Y02M,L2,107.309,107.219,https://labbcat.canterbury.ac.nz/maonze/transcript?ag_id=633#ew_0_402698,0.09,90,4.49980967,,
2090,ea,g_651;em_12_68008;n_87132-n_87133;p_146;#=ew_69_206194;prefix=54003-;[0]=ew_0_414544,L2Y04M,L2,214.297,214.207,https://labbcat.canterbury.ac.nz/maonze/transcript?ag_id=651#ew_0_414544,0.09,90,4.49980967,,
2091,ea,g_652;em_12_68075;n_87192-n_87193;p_146;#=ew_69_205997;prefix=54024-;[0]=ew_0_414715,L2Y04M,L2,38.957,38.867,https://labbcat.canterbury.ac.nz/maonze/transcript?ag_id=652#ew_0_414715,0.09,90,4.49980967,,
2128,ea,g_665;em_12_70480;n_89274-n_89275;p_148;#=ew_69_207424;prefix=55507-;[0]=ew_0_421748,L2Y05M,L2,92.56,92.47,https://labbcat.canterbury.ac.nz/maonze/transcript?ag_id=665#ew_0_421748,0.09,90,4.49980967,,
2139,ea,g_668;em_12_70586;n_89375-n_89376;p_148;#=ew_69_208186;prefix=56076-;[0]=ew_0_423602,L2Y05M,L2,84.114,84.024,https://labbcat.canterbury.ac.nz/maonze/transcript?ag_id=668#ew_0_423602,0.09,90,4.49980967,,
2161,ea,g_670;em_12_70665;n_89446-n_89447;p_148;#=ew_69_208513;prefix=56413-;[0]=ew_0_424990,L2Y05M,L2,116.424,116.334,https://labbcat.canterbury.ac.nz/maonze/transcript?ag_id=670#ew_0_424990,0.09,90,4.49980967,,
2189,ea,g_672;em_12_70741;n_89510-n_89511;p_148;#=ew_69_208403;prefix=56729-;[0]=ew_0_426308,L2Y05M,L2,125.869,125.779,https://labbcat.canterbury.ac.nz/maonze/transcript?ag_id=672#ew_0_426308,0.09,90,4.49980967,,
2203,ea,g_8;em_12_509;n_31163-n_31164;p_28;#=ew_69_149901;prefix=01170-;[0]=ew_0_4764,K001M,PresentElder,213.329,213.239,https://labbcat.canterbury.ac.nz/maonze/transcript?ag_id=8#ew_0_4764,0.09,90,4.49980967,,
2222,ea,g_83;em_12_5667;n_35725-n_560;p_37;#=ew_69_160542;prefix=10992-;[0]=ew_0_57083,K005M,PresentElder,165.27,165.18,https://labbcat.canterbury.ac.nz/maonze/transcript?ag_id=83#ew_0_57083,0.09,90,4.49980967,,
2224,ea,g_84;em_12_5705;n_35756-n_35757;p_37;#=ew_69_160866;prefix=11106-;[0]=ew_0_57655,K005M,PresentElder,106.087,105.997,https://labbcat.canterbury.ac.nz/maonze/transcript?ag_id=84#ew_0_57655,0.09,90,4.49980967,,
2275,ea,g_855;em_12_85895;n_100888-n_100889;p_167;#=ew_69_172125;prefix=21722-;[0]=ew_0_544545,L1H01M,L1,166.312,166.222,https://labbcat.canterbury.ac.nz/maonze/transcript?ag_id=855#ew_0_544545,0.09,90,4.49980967,,
2408,ea,g_893;em_12_88407;n_102673-n_102674;p_174;#=ew_69_179465;prefix=28510-;[0]=ew_0_562685,L1H05M,L1,89.22,89.13,https://labbcat.canterbury.ac.nz/maonze/transcript?ag_id=893#ew_0_562685,0.09,90,4.49980967,,
2417,ea,g_894;em_12_88483;n_102739-n_29790;p_174;#=ew_69_179550;prefix=28433-;[0]=ew_0_563662,L1H05M,L1,235.139,235.049,https://labbcat.canterbury.ac.nz/maonze/transcript?ag_id=894#ew_0_563662,0.09,90,4.49980967,,
2418,ea,g_895;em_12_88502;n_102753-n_102754;p_174;#=ew_69_178032;prefix=28167-;[0]=ew_0_563885,L1H05M,L1,82.769,82.679,https://labbcat.canterbury.ac.nz/maonze/transcript?ag_id=895#ew_0_563885,0.09,90,4.49980967,,
2433,ea,g_896;em_12_88577;n_102814-n_102815;p_174;#=ew_69_178257;prefix=28052-;[0]=ew_0_564740,L1H05M,L1,193.107,193.017,https://labbcat.canterbury.ac.nz/maonze/transcript?ag_id=896#ew_0_564740,0.09,90,4.49980967,,
2436,ea,g_897;em_12_88599;n_102835-n_102836;p_174;#=ew_69_178483;prefix=27781-;[0]=ew_0_1224311,L1H05M,L1,50.49,50.4,https://labbcat.canterbury.ac.nz/maonze/transcript?ag_id=897#ew_0_1224311,0.09,90,4.49980967,,
2446,ea,g_898;em_12_88662;n_15381-n_15382;p_174;#=ew_69_178638;prefix=27658-;[0]=ew_0_565816,L1H05M,L1,120.119,120.029,https://labbcat.canterbury.ac.nz/maonze/transcript?ag_id=898#ew_0_565816,0.09,90,4.49980967,,
2522,ea,g_926;em_12_90275;n_104095-n_104096;p_179;#=ew_69_217634;prefix=64630-;[0]=ew_0_580111,R001M,PresentElder,249.275,249.185,https://labbcat.canterbury.ac.nz/maonze/transcript?ag_id=926#ew_0_580111,0.09,90,4.49980967,,
2531,ea,g_930;em_12_90626;n_104441-n_104442;p_179;#=ew_69_218033;prefix=65255-;[0]=ew_0_582193,R001M,PresentElder,92.67,92.58,https://labbcat.canterbury.ac.nz/maonze/transcript?ag_id=930#ew_0_582193,0.09,90,4.49980967,,
2540,ea,g_935;em_12_90916;n_104712-n_15809;p_179;#=ew_69_218714;prefix=65625-;[0]=ew_0_583674,R001M,PresentElder,216.172,216.082,https://labbcat.canterbury.ac.nz/maonze/transcript?ag_id=935#ew_0_583674,0.09,90,4.49980967,,
2738,ea,g_976;em_12_93296;n_16331-n_106570;p_184;#=ew_69_224380;prefix=71344-;[0]=ew_0_605284,R004M,PresentElder,28.077,27.987,https://labbcat.canterbury.ac.nz/maonze/transcript?ag_id=976#ew_0_605284,0.09,90,4.49980967,,
2785,ea,g_982;em_12_93732;n_106838-n_106839;p_184;#=ew_69_225309;prefix=72167-;[0]=ew_0_608555,R004M,PresentElder,56.387,56.297,https://labbcat.canterbury.ac.nz/maonze/transcript?ag_id=982#ew_0_608555,0.09,90,4.49980967,,
2801,ea,g_985;em_12_93857;n_106943-n_106944;p_182;#=ew_69_226216;prefix=72659-;[0]=ew_0_609858,R005M,PresentElder,151.11,151.02,https://labbcat.canterbury.ac.nz/maonze/transcript?ag_id=985#ew_0_609858,0.09,90,4.49980967,,
2855,ia,g_100;em_12_162754;n_6282043-n_6282049;p_41;#=ew_69_162798;prefix=13360-;[0]=ew_0_1268447,K007M,PresentElder,213.616,213.526,https://labbcat.canterbury.ac.nz/maonze/transcript?ag_id=100#ew_0_1268447,0.09,90,4.49980967,,
2923,ia,g_1026;em_12_96246;n_108667-n_108668;p_190;#=ew_69_232556;prefix=79469-;[0]=ew_0_632840,R009M,PresentElder,163.404,163.314,https://labbcat.canterbury.ac.nz/maonze/transcript?ag_id=1026#ew_0_632840,0.09,90,4.49980967,,
2977,ia,g_1033;em_12_96565;n_108877-n_108878;p_190;#=ew_69_233732;prefix=80564-;[0]=ew_0_637305,R009M,PresentElder,169.044,168.954,https://labbcat.canterbury.ac.nz/maonze/transcript?ag_id=1033#ew_0_637305,0.09,90,4.49980967,,
2988,ia,g_1037;em_12_96733;n_109008-n_109009;p_193;#=ew_69_235061;prefix=81342-;[0]=ew_0_639765,R010M,PresentElder,73.271,73.181,https://labbcat.canterbury.ac.nz/maonze/transcript?ag_id=1037#ew_0_639765,0.09,90,4.49980967,,
3001,ia,g_1039;em_12_96965;n_109159-n_109160;p_193;#=ew_69_235697;prefix=81817-;[0]=ew_0_641822,R010M,PresentElder,234.974,234.884,https://labbcat.canterbury.ac.nz/maonze/transcript?ag_id=1039#ew_0_641822,0.09,90,4.49980967,,
3016,ia,g_1044;em_12_171468;n_7053685-n_7053686;p_193;#=ew_69_236147;prefix=82501-;[0]=ew_0_1344873,R010M,PresentElder,133.241,133.151,https://labbcat.canterbury.ac.nz/maonze/transcript?ag_id=1044#ew_0_1344873,0.09,90,4.49980967,,
3023,ia,g_1045;em_12_97450;n_109380-n_109381;p_193;#=ew_69_236530;prefix=82663-;[0]=ew_0_646118,R010M,PresentElder,172.249,172.159,https://labbcat.canterbury.ac.nz/maonze/transcript?ag_id=1045#ew_0_646118,0.09,90,4.49980967,,
3032,ia,g_105;em_12_7253;n_37092-n_37093;p_41;#=ew_69_163857;prefix=14392-;[0]=ew_0_72466,K007M,PresentElder,55.884,55.794,https://labbcat.canterbury.ac.nz/maonze/transcript?ag_id=105#ew_0_72466,0.09,90,4.49980967,,
3035,ia,g_1051;em_12_97755;n_109583-n_109584;p_203;#=ew_69_241827;prefix=87896-;[0]=ew_0_649176,WU02M,Historical,234.457,234.367,https://labbcat.canterbury.ac.nz/maonze/transcript?ag_id=1051#ew_0_649176,0.09,90,4.49980967,,
3042,ia,g_1071;em_12_151823;n_4690883-n_4690884;p_206;#=ew_69_245712;prefix=91262-;[0]=ew_0_1133698,WU06M,Historical,162.375,162.285,https://labbcat.canterbury.ac.nz/maonze/transcript?ag_id=1071#ew_0_1133698,0.09,90,4.49980967,,
3063,ia,g_1075;em_12_151834;n_4698917-n_4698920;p_208;#=ew_69_245506;prefix=91826-;[0]=ew_0_1133938,WU07M,Historical,133.647,133.557,https://labbcat.canterbury.ac.nz/maonze/transcript?ag_id=1075#ew_0_1133938,0.09,90,4.49980967,,
3120,ia,g_1088;em_12_100523;n_18447-n_111606;p_208;#=ew_69_247614;prefix=93506-;[0]=ew_0_669042,WU07M,Historical,106.875,106.785,https://labbcat.canterbury.ac.nz/maonze/transcript?ag_id=1088#ew_0_669042,0.09,90,4.49980967,,
3200,ia,g_1200;em_12_108640;n_117444-n_117445;p_244;#=ew_69_242939;prefix=89070-;[0]=ew_0_724277,WU04M,Historical,89.686,89.596,https://labbcat.canterbury.ac.nz/maonze/transcript?ag_id=1200#ew_0_724277,0.09,90,4.49980967,,
3201,ia,g_1200;em_12_108653;n_117457-n_117458;p_244;#=ew_69_243016;prefix=89109-;[0]=ew_0_724354,WU04M,Historical,124.089,123.999,https://labbcat.canterbury.ac.nz/maonze/transcript?ag_id=1200#ew_0_724354,0.09,90,4.49980967,,
3207,ia,g_1201;em_12_108797;n_117600-n_117601;p_244;#=ew_69_243481;prefix=89363-;[0]=ew_0_725091,WU04M,Historical,218.9,218.81,https://labbcat.canterbury.ac.nz/maonze/transcript?ag_id=1201#ew_0_725091,0.09,90,4.49980967,,
3216,ia,g_1205;em_12_109229;n_118028-n_4689504;p_244;#=ew_69_244476;prefix=89864-;[0]=ew_0_727315,WU04M,Historical,118.81,118.72,https://labbcat.canterbury.ac.nz/maonze/transcript?ag_id=1205#ew_0_727315,0.09,90,4.49980967,,
3230,ia,g_1209;em_12_109644;n_118429-n_118430;p_244;#=ew_69_243944;prefix=90521-;[0]=ew_0_729674,WU04M,Historical,148.486,148.396,https://labbcat.canterbury.ac.nz/maonze/transcript?ag_id=1209#ew_0_729674,0.09,90,4.49980967,,
3236,ia,g_1211;em_12_109774;n_118507-n_118508;p_244;#=ew_69_245109;prefix=90789-;[0]=ew_0_730760,WU04M,Historical,211.847,211.757,https://labbcat.canterbury.ac.nz/maonze/transcript?ag_id=1211#ew_0_730760,0.09,90,4.49980967,,
3243,ia,g_1227;em_12_110652;n_119128-n_119129;p_249;#=ew_69_180114;prefix=29151-;[0]=ew_0_738233,L1H06M,L1,36.136,36.046,https://labbcat.canterbury.ac.nz/maonze/transcript?ag_id=1227#ew_0_738233,0.09,90,4.49980967,,
3268,ia,g_134;em_12_9102;n_38579-n_38580;p_284;#=ew_69_209401;prefix=57331-;[0]=ew_0_87961,MU01M,Historical,115.657,115.567,https://labbcat.canterbury.ac.nz/maonze/transcript?ag_id=134#ew_0_87961,0.09,90,4.49980967,,
3300,ia,g_1386;em_12_118972;n_124460-n_124461;p_262;#=ew_69_248473;prefix=94302-;[0]=ew_0_821519,WU08M,Historical,87.831,87.741,https://labbcat.canterbury.ac.nz/maonze/transcript?ag_id=1386#ew_0_821519,0.09,90,4.49980967,,
3301,ia,g_1386;em_12_118982;n_124470-n_124471;p_262;#=ew_69_248593;prefix=94342-;[0]=ew_0_821645,WU08M,Historical,159.267,159.177,https://labbcat.canterbury.ac.nz/maonze/transcript?ag_id=1386#ew_0_821645,0.09,90,4.49980967,,
3305,ia,g_1387;em_12_119010;n_124496-n_124497;p_262;#=ew_69_248769;prefix=94437-;[0]=ew_0_821990,WU08M,Historical,114.409,114.319,https://labbcat.canterbury.ac.nz/maonze/transcript?ag_id=1387#ew_0_821990,0.09,90,4.49980967,,
3342,ia,g_14;em_12_1088;n_31722-n_31723;p_19;#=ew_69_151707;prefix=03104-;[0]=ew_0_9400,K002M,PresentElder,55.5,55.41,https://labbcat.canterbury.ac.nz/maonze/transcript?ag_id=14#ew_0_9400,0.09,90,4.49980967,,
3359,ia,g_1521;em_12_126025;n_130069-n_130070;p_284;#=ew_69_210639;prefix=58456-;[0]=ew_0_885734,MU01M,Historical,138.356,138.266,https://labbcat.canterbury.ac.nz/maonze/transcript?ag_id=1521#ew_0_885734,0.09,90,4.49980967,,
3368,ia,g_1524;em_12_126169;n_130198-n_7046064;p_287;#=ew_69_228803;prefix=75416-;[0]=ew_0_887760,R006M,PresentElder,211.505,211.415,https://labbcat.canterbury.ac.nz/maonze/transcript?ag_id=1524#ew_0_887760,0.09,90,4.49980967,,
3404,ia,g_1617;em_12_131723;n_134219-n_134220;p_299;#=ew_69_192106;prefix=40468-;[0]=ew_0_932725,L2H01M,L2,90.927,90.837,https://labbcat.canterbury.ac.nz/maonze/transcript?ag_id=1617#ew_0_932725,0.09,90,4.49980967,,
3465,ia,g_1638;em_12_133090;n_135315-n_135316;p_288;#=ew_69_195979;prefix=44586-;[0]=ew_0_941766,L2H03M,L2,235.102,235.012,https://labbcat.canterbury.ac.nz/maonze/transcript?ag_id=1638#ew_0_941766,0.09,90,4.49980967,,
3467,ia,g_1640;em_12_133190;n_135403-n_135404;p_288;#=ew_69_196078;prefix=44783-;[0]=ew_0_942582,L2H03M,L2,115.422,115.332,https://labbcat.canterbury.ac.nz/maonze/transcript?ag_id=1640#ew_0_942582,0.09,90,4.49980967,,
3475,ia,g_1642;em_12_133320;n_135529-n_135530;p_288;#=ew_69_196502;prefix=45094-;[0]=ew_0_943639,L2H03M,L2,186.87,186.78,https://labbcat.canterbury.ac.nz/maonze/transcript?ag_id=1642#ew_0_943639,0.09,90,4.49980967,,
3505,ia,g_1656;em_12_134359;n_136299-n_136300;p_300;#=ew_69_194300;prefix=43416-;[0]=ew_0_950516,L2H02M,L2,75.41,75.32,https://labbcat.canterbury.ac.nz/maonze/transcript?ag_id=1656#ew_0_950516,0.09,90,4.49980967,,
3525,ia,g_1663;em_12_134700;n_136537-n_136538;p_302;#=ew_69_197408;prefix=45912-;[0]=ew_0_953855,L2H04M,L2,166.193,166.103,https://labbcat.canterbury.ac.nz/maonze/transcript?ag_id=1663#ew_0_953855,0.09,90,4.49980967,,
3550,ia,g_1670;em_12_135003;n_136797-n_136798;p_302;#=ew_69_198258;prefix=46976-;[0]=ew_0_957665,L2H04M,L2,200.405,200.315,https://labbcat.canterbury.ac.nz/maonze/transcript?ag_id=1670#ew_0_957665,0.09,90,4.49980967,,
3576,ia,g_1749;em_12_139863;n_140545-n_140546;p_318;#=ew_69_231397;prefix=77969-;[0]=ew_0_1002749,R008M,PresentElder,248.373,248.283,https://labbcat.canterbury.ac.nz/maonze/transcript?ag_id=1749#ew_0_1002749,0.09,90,4.49980967,,
3578,ia,g_1750;em_12_139914;n_140589-n_140590;p_318;#=ew_69_231553;prefix=78055-;[0]=ew_0_1002988,R008M,PresentElder,162.43,162.34,https://labbcat.canterbury.ac.nz/maonze/transcript?ag_id=1750#ew_0_1002988,0.09,90,4.49980967,,
3599,ia,g_1841;em_12_149027;n_3848072-n_3848085;p_49;#=ew_69_204227;prefix=52497-;[0]=ew_0_1101270,L2Y03M,L2,54.771,54.681,https://labbcat.canterbury.ac.nz/maonze/transcript?ag_id=1841#ew_0_1101270,0.09,90,4.49980967,,
3666,ia,g_1894;em_12_155749;n_5269860-n_5269874;p_334;#=ew_69_238038;prefix=84208-;[0]=ew_0_1179252,R011M,PresentElder,236.469,236.379,https://labbcat.canterbury.ac.nz/maonze/transcript?ag_id=1894#ew_0_1179252,0.09,90,4.49980967,,
3679,ia,g_1897;em_12_155979;n_5273903-n_5273923;p_333;#=ew_69_238419;prefix=84645-;[0]=ew_0_1182630,R012M,PresentElder,65.928,65.838,https://labbcat.canterbury.ac.nz/maonze/transcript?ag_id=1897#ew_0_1182630,0.09,90,4.49980967,,
3704,ia,g_1904;em_12_156550;n_5280467-n_5280488;p_333;#=ew_69_239444;prefix=85681-;[0]=ew_0_1187816,R012M,PresentElder,34.868,34.778,https://labbcat.canterbury.ac.nz/maonze/transcript?ag_id=1904#ew_0_1187816,0.09,90,4.49980967,,
3707,ia,g_1905;em_12_156642;n_5281757-n_5281776;p_333;#=ew_69_238938;prefix=85848-;[0]=ew_0_1189249,R012M,PresentElder,109.638,109.548,https://labbcat.canterbury.ac.nz/maonze/transcript?ag_id=1905#ew_0_1189249,0.09,90,4.49980967,,
3709,ia,g_1905;em_12_156646;n_5281603-n_5281615;p_333;#=ew_69_238910;prefix=85853-;[0]=ew_0_1189106,R012M,PresentElder,60.393,60.303,https://labbcat.canterbury.ac.nz/maonze/transcript?ag_id=1905#ew_0_1189106,0.09,90,4.49980967,,
3710,ia,g_1906;em_12_156673;n_5283283-n_5283302;p_333;#=ew_69_239540;prefix=86109-;[0]=ew_0_1189820,R012M,PresentElder,222.425,222.335,https://labbcat.canterbury.ac.nz/maonze/transcript?ag_id=1906#ew_0_1189820,0.09,90,4.49980967,,
3775,ia,g_1942;em_12_165591;n_6842564-n_6842571;p_41;#=ew_69_165009;prefix=14972-;[0]=ew_0_1295384,K007M,PresentElder,254.912,254.822,https://labbcat.canterbury.ac.nz/maonze/transcript?ag_id=1942#ew_0_1295384,0.09,90,4.49980967,,
3789,ia,g_1945;em_12_165857;n_6848032-n_6848041;p_28;#=ew_69_151164;prefix=01556-;[0]=ew_0_1297411,K001M,PresentElder,81.405,81.315,https://labbcat.canterbury.ac.nz/maonze/transcript?ag_id=1945#ew_0_1297411,0.09,90,4.49980967,,
3794,ia,g_1946;em_12_165960;n_6849734-n_6849749;p_121;#=ew_69_167797;prefix=17300-;[0]=ew_0_1298527,K009M,PresentElder,196.341,196.251,https://labbcat.canterbury.ac.nz/maonze/transcript?ag_id=1946#ew_0_1298527,0.09,90,4.49980967,,
3842,ia,g_25;em_12_2151;n_32760-n_32761;p_19;#=ew_69_154165;prefix=04954-;[0]=ew_0_18222,K002M,PresentElder,227.79,227.7,https://labbcat.canterbury.ac.nz/maonze/transcript?ag_id=25#ew_0_18222,0.09,90,4.49980967,,
3843,ia,g_25;em_12_2152;n_32761-n_32762;p_19;#=ew_69_154168;prefix=04956-;[0]=ew_0_18226,K002M,PresentElder,229.363,229.273,https://labbcat.canterbury.ac.nz/maonze/transcript?ag_id=25#ew_0_18226,0.09,90,4.49980967,,
3853,ia,g_305;em_12_162478;n_6240933-n_6240935;p_81;#=ew_69_186594;prefix=35053-;[0]=ew_0_1265175,L1Y03M,L1,75.027,74.937,https://labbcat.canterbury.ac.nz/maonze/transcript?ag_id=305#ew_0_1265175,0.09,90,4.49980967,,
3867,ia,g_309;em_12_160784;n_5999764-n_5999774;p_81;#=ew_69_186034;prefix=35912-;[0]=ew_0_1238160,L1Y03M,L1,162.066,161.976,https://labbcat.canterbury.ac.nz/maonze/transcript?ag_id=309#ew_0_1238160,0.09,90,4.49980967,,
3880,ia,g_318;em_12_148541;n_3841310-n_3841337;p_89;#=ew_69_187862;prefix=36849-;[0]=ew_0_1095062,L1Y04M,L1,113.789,113.699,https://labbcat.canterbury.ac.nz/maonze/transcript?ag_id=318#ew_0_1095062,0.09,90,4.49980967,,
3883,ia,g_318;em_12_148545;n_3841415-n_3841444;p_89;#=ew_69_187871;prefix=36857-;[0]=ew_0_1095220,L1Y04M,L1,120.282,120.192,https://labbcat.canterbury.ac.nz/maonze/transcript?ag_id=318#ew_0_1095220,0.09,90,4.49980967,,
3896,ia,g_321;em_12_148597;n_3841279-n_56206;p_89;#=ew_69_188125;prefix=37311-;[0]=ew_0_1096412,L1Y04M,L1,141.288,141.198,https://labbcat.canterbury.ac.nz/maonze/transcript?ag_id=321#ew_0_1096412,0.09,90,4.49980967,,
3897,ia,g_321;em_12_31564;n_56145-n_56146;p_89;#=ew_69_188082;prefix=37271-;[0]=ew_0_215003,L1Y04M,L1,67.299,67.209,https://labbcat.canterbury.ac.nz/maonze/transcript?ag_id=321#ew_0_215003,0.09,90,4.49980967,,
3925,ia,g_335;em_12_33319;n_57558-n_57559;p_85;#=ew_69_185585;prefix=34653-;[0]=ew_0_221840,L1Y02M,L1,103.833,103.743,https://labbcat.canterbury.ac.nz/maonze/transcript?ag_id=335#ew_0_221840,0.09,90,4.49980967,,
3943,ia,g_349;em_12_33765;n_57891-n_57892;p_87;#=ew_69_211382;prefix=59832-;[0]=ew_0_227277,MU03M,Historical,157.804,157.714,https://labbcat.canterbury.ac.nz/maonze/transcript?ag_id=349#ew_0_227277,0.09,90,4.49980967,,
3991,ia,g_375;em_12_36944;n_60750-n_60752;p_92;#=ew_69_213324;prefix=61554-;[0]=ew_0_1117446,MU04M,Historical,142.381,142.291,https://labbcat.canterbury.ac.nz/maonze/transcript?ag_id=375#ew_0_1117446,0.09,90,4.49980967,,
4032,ia,g_445;em_12_169621;n_6943971-n_6943972;p_110;#=ew_69_155913;prefix=05625-;[0]=ew_0_1325623,K003M,PresentElder,245.496,245.406,https://labbcat.canterbury.ac.nz/maonze/transcript?ag_id=445#ew_0_1325623,0.09,90,4.49980967,,
4037,ia,g_445;em_12_45962;n_68463-n_68464;p_110;#=ew_69_155462;prefix=05502-;[0]=ew_0_286296,K003M,PresentElder,78.281,78.191,https://labbcat.canterbury.ac.nz/maonze/transcript?ag_id=445#ew_0_286296,0.09,90,4.49980967,,
4058,ia,g_447;em_12_46169;n_68660-n_68661;p_110;#=ew_69_155421;prefix=06033-;[0]=ew_0_287906,K003M,PresentElder,43.889,43.799,https://labbcat.canterbury.ac.nz/maonze/transcript?ag_id=447#ew_0_287906,0.09,90,4.49980967,,
4152,ia,g_479;em_12_49265;n_71173-n_71174;p_121;#=ew_69_168021;prefix=18004-;[0]=ew_0_308284,K009M,PresentElder,166.066,165.976,https://labbcat.canterbury.ac.nz/maonze/transcript?ag_id=479#ew_0_308284,0.09,90,4.49980967,,
4162,ia,g_482;em_12_49427;n_71309-n_71310;p_121;#=ew_69_168943;prefix=18538-;[0]=ew_0_309950,K009M,PresentElder,96.203,96.113,https://labbcat.canterbury.ac.nz/maonze/transcript?ag_id=482#ew_0_309950,0.09,90,4.49980967,,
4165,ia,g_482;em_12_49457;n_71337-n_71338;p_121;#=ew_69_169080;prefix=18594-;[0]=ew_0_310110,K009M,PresentElder,159.543,159.453,https://labbcat.canterbury.ac.nz/maonze/transcript?ag_id=482#ew_0_310110,0.09,90,4.49980967,,
4175,ia,g_484;em_12_49697;n_71517-n_71518;p_121;#=ew_69_168990;prefix=18914-;[0]=ew_0_311372,K009M,PresentElder,101.531,101.441,https://labbcat.canterbury.ac.nz/maonze/transcript?ag_id=484#ew_0_311372,0.09,90,4.49980967,,
4205,ia,g_494;em_12_51101;n_72549-n_72550;p_122;#=ew_69_170065;prefix=20245-;[0]=ew_0_318018,K010M,PresentElder,254.568,254.478,https://labbcat.canterbury.ac.nz/maonze/transcript?ag_id=494#ew_0_318018,0.09,90,4.49980967,,
4226,ia,g_500;em_12_51945;n_73215-n_73218;p_97;#=ew_69_215571;prefix=63097-;[0]=ew_0_321124,MU07M,Historical,205.866,205.776,https://labbcat.canterbury.ac.nz/maonze/transcript?ag_id=500#ew_0_321124,0.09,90,4.49980967,,
4253,ia,g_56;em_12_162022;n_6215597-n_6215598;p_32;#=ew_69_158547;prefix=09070-;[0]=ew_0_1260665,K004M,PresentElder,217.483,217.393,https://labbcat.canterbury.ac.nz/maonze/transcript?ag_id=56#ew_0_1260665,0.09,90,4.49980967,,
4269,ia,g_59;em_12_162206;n_6219108-n_6219061;p_32;#=ew_69_159516;prefix=09797-;[0]=ew_0_1263948,K004M,PresentElder,172.261,172.171,https://labbcat.canterbury.ac.nz/maonze/transcript?ag_id=59#ew_0_1263948,0.09,90,4.49980967,,
4294,ia,g_602;em_12_64217;n_83812-n_83813;p_140;#=ew_69_190221;prefix=39194-;[0]=ew_0_384053,L1Y05M,L1,194.866,194.776,https://labbcat.canterbury.ac.nz/maonze/transcript?ag_id=602#ew_0_384053,0.09,90,4.49980967,,
4312,ia,g_605;em_12_64402;n_83994-n_83995;p_140;#=ew_69_190995;prefix=39933-;[0]=ew_0_386439,L1Y05M,L1,232.923,232.833,https://labbcat.canterbury.ac.nz/maonze/transcript?ag_id=605#ew_0_386439,0.09,90,4.49980967,,
4317,ia,g_608;em_12_64596;n_84171-n_84172;p_140;#=ew_69_190595;prefix=40369-;[0]=ew_0_388093,L1Y05M,L1,97.045,96.955,https://labbcat.canterbury.ac.nz/maonze/transcript?ag_id=608#ew_0_388093,0.09,90,4.49980967,,
4327,ia,g_612;em_12_64768;n_84334-n_84335;p_142;#=ew_69_182170;prefix=31245-;[0]=ew_0_389803,L1Y01M,L1,75.973,75.883,https://labbcat.canterbury.ac.nz/maonze/transcript?ag_id=612#ew_0_389803,0.09,90,4.49980967,,
4336,ia,g_616;em_12_64952;n_84514-n_10396;p_142;#=ew_69_182383;prefix=31710-;[0]=ew_0_1245588,L1Y01M,L1,45.56,45.47,https://labbcat.canterbury.ac.nz/maonze/transcript?ag_id=616#ew_0_1245588,0.09,90,4.49980967,,
4349,ia,g_622;em_12_65186;n_84732-n_84733;p_142;#=ew_69_183069;prefix=32388-;[0]=ew_0_394514,L1Y01M,L1,32.256,32.166,https://labbcat.canterbury.ac.nz/maonze/transcript?ag_id=622#ew_0_394514,0.09,90,4.49980967,,
4389,ia,g_636;em_12_66526;n_85921-n_85922;p_145;#=ew_69_201337;prefix=49152-;[0]=ew_0_404919,L2Y01M,L2,79,78.91,https://labbcat.canterbury.ac.nz/maonze/transcript?ag_id=636#ew_0_404919,0.09,90,4.49980967,,
4393,ia,g_636;em_12_66557;n_85946-n_85947;p_145;#=ew_69_201409;prefix=49221-;[0]=ew_0_405160,L2Y01M,L2,181.717,181.627,https://labbcat.canterbury.ac.nz/maonze/transcript?ag_id=636#ew_0_405160,0.09,90,4.49980967,,
4436,ia,g_666;em_12_70520;n_89313-n_89314;p_148;#=ew_69_207585;prefix=55710-;[0]=ew_0_422439,L2Y05M,L2,129.446,129.356,https://labbcat.canterbury.ac.nz/maonze/transcript?ag_id=666#ew_0_422439,0.09,90,4.49980967,,
4457,ia,g_670;em_12_70678;n_89459-n_89460;p_148;#=ew_69_208571;prefix=56471-;[0]=ew_0_425224,L2Y05M,L2,228.761,228.671,https://labbcat.canterbury.ac.nz/maonze/transcript?ag_id=670#ew_0_425224,0.09,90,4.49980967,,
4466,ia,g_671;em_12_70701;n_4423353-n_11166;p_148;#=ew_69_208733;prefix=56594-;[0]=ew_0_425663,L2Y05M,L2,121.89,121.8,https://labbcat.canterbury.ac.nz/maonze/transcript?ag_id=671#ew_0_425663,0.09,90,4.49980967,,
4482,ia,g_8;em_12_453;n_31107-n_31108;p_28;#=ew_69_149588;prefix=01039-;[0]=ew_0_4311,K001M,PresentElder,24.452,24.362,https://labbcat.canterbury.ac.nz/maonze/transcript?ag_id=8#ew_0_4311,0.09,90,4.49980967,,
4484,ia,g_8;em_12_460;n_31114-n_31115;p_28;#=ew_69_149618;prefix=01054-;[0]=ew_0_1231452,K001M,PresentElder,49.07,48.98,https://labbcat.canterbury.ac.nz/maonze/transcript?ag_id=8#ew_0_1231452,0.09,90,4.49980967,,
4525,ia,g_857;em_12_86046;n_101030-n_101031;p_167;#=ew_69_172543;prefix=22070-;[0]=ew_0_545790,L1H01M,L1,204.377,204.287,https://labbcat.canterbury.ac.nz/maonze/transcript?ag_id=857#ew_0_545790,0.09,90,4.49980967,,
4532,ia,g_859;em_12_86206;n_101180-n_101181;p_167;#=ew_69_172540;prefix=22358-;[0]=ew_0_546865,L1H01M,L1,105.032,104.942,https://labbcat.canterbury.ac.nz/maonze/transcript?ag_id=859#ew_0_546865,0.09,90,4.49980967,,
4541,ia,g_861;em_12_86293;n_101232-n_101233;p_168;#=ew_69_173321;prefix=22613-;[0]=ew_0_547551,L1H02M,L1,163.29,163.2,https://labbcat.canterbury.ac.nz/maonze/transcript?ag_id=861#ew_0_547551,0.09,90,4.49980967,,
4543,ia,g_861;em_12_86309;n_101242-n_29757;p_168;#=ew_69_173427;prefix=22670-;[0]=ew_0_547766,L1H02M,L1,247.288,247.198,https://labbcat.canterbury.ac.nz/maonze/transcript?ag_id=861#ew_0_547766,0.09,90,4.49980967,,
4547,ia,g_863;em_12_86415;n_101318-n_101319;p_168;#=ew_69_172959;prefix=22888-;[0]=ew_0_548618,L1H02M,L1,84.953,84.863,https://labbcat.canterbury.ac.nz/maonze/transcript?ag_id=863#ew_0_548618,0.09,90,4.49980967,,
4582,ia,g_869;em_12_86972;n_101697-n_101698;p_168;#=ew_69_174567;prefix=24041-;[0]=ew_0_552952,L1H02M,L1,225.305,225.215,https://labbcat.canterbury.ac.nz/maonze/transcript?ag_id=869#ew_0_552952,0.09,90,4.49980967,,
4600,ia,g_885;em_12_87993;n_102351-n_102352;p_169;#=ew_69_175579;prefix=25423-;[0]=ew_0_559231,L1H03M,L1,120.054,119.964,https://labbcat.canterbury.ac.nz/maonze/transcript?ag_id=885#ew_0_559231,0.09,90,4.49980967,,
4644,ia,g_897;em_12_88620;n_102856-n_102857;p_174;#=ew_69_178651;prefix=27870-;[0]=ew_0_565304,L1H05M,L1,166.626,166.536,https://labbcat.canterbury.ac.nz/maonze/transcript?ag_id=897#ew_0_565304,0.09,90,4.49980967,,
4657,ia,g_9;em_12_610;n_31258-n_31259;p_28;#=ew_69_150550;prefix=00827-;[0]=ew_0_5539,K001M,PresentElder,175.946,175.856,https://labbcat.canterbury.ac.nz/maonze/transcript?ag_id=9#ew_0_5539,0.09,90,4.49980967,,
4675,ia,g_905;em_12_89064;n_15456-n_29801;p_173;#=ew_69_177340;prefix=26827-;[0]=ew_0_569482,L1H04M,L1,243.122,243.032,https://labbcat.canterbury.ac.nz/maonze/transcript?ag_id=905#ew_0_569482,0.09,90,4.49980967,,
4679,ia,g_908;em_12_89203;n_15543-n_15544;p_173;#=ew_69_177081;prefix=26493-;[0]=ew_0_570814,L1H04M,L1,161.954,161.864,https://labbcat.canterbury.ac.nz/maonze/transcript?ag_id=908#ew_0_570814,0.09,90,4.49980967,,
4693,ia,g_915;em_12_89425;n_103356-n_103357;p_173;#=ew_69_176783;prefix=25783-;[0]=ew_0_573975,L1H04M,L1,140.18,140.09,https://labbcat.canterbury.ac.nz/maonze/transcript?ag_id=915#ew_0_573975,0.09,90,4.49980967,,
4694,ia,g_915;em_12_89426;n_103357-n_103358;p_173;#=ew_69_176804;prefix=25793-;[0]=ew_0_573999,L1H04M,L1,154.796,154.706,https://labbcat.canterbury.ac.nz/maonze/transcript?ag_id=915#ew_0_573999,0.09,90,4.49980967,,
4696,ia,g_925;em_12_90149;n_103970-n_103971;p_179;#=ew_69_217117;prefix=64369-;[0]=ew_0_579266,R001M,PresentElder,153.648,153.558,https://labbcat.canterbury.ac.nz/maonze/transcript?ag_id=925#ew_0_579266,0.09,90,4.49980967,,
4743,ia,g_937;em_12_91045;n_104830-n_104831;p_179;#=ew_69_218652;prefix=65899-;[0]=ew_0_584600,R001M,PresentElder,91.226,91.136,https://labbcat.canterbury.ac.nz/maonze/transcript?ag_id=937#ew_0_584600,0.09,90,4.49980967,,
4746,ia,g_938;em_12_91164;n_104938-n_104939;p_179;#=ew_69_218917;prefix=66150-;[0]=ew_0_585480,R001M,PresentElder,179.988,179.898,https://labbcat.canterbury.ac.nz/maonze/transcript?ag_id=938#ew_0_585480,0.09,90,4.49980967,,
4798,ia,g_956;em_12_92060;n_105667-n_105668;p_181;#=ew_69_221089;prefix=68473-;[0]=ew_0_594971,R002M,PresentElder,151.242,151.152,https://labbcat.canterbury.ac.nz/maonze/transcript?ag_id=956#ew_0_594971,0.09,90,4.49980967,,
4816,ia,g_968;em_12_92788;n_106189-n_16204;p_183;#=ew_69_223227;prefix=70229-;[0]=ew_0_601294,R003M,PresentElder,121.799,121.709,https://labbcat.canterbury.ac.nz/maonze/transcript?ag_id=968#ew_0_601294,0.09,90,4.49980967,,
4818,ia,g_968;em_12_92798;n_106197-n_106198;p_183;#=ew_69_223246;prefix=70247-;[0]=ew_0_601369,R003M,PresentElder,169.588,169.498,https://labbcat.canterbury.ac.nz/maonze/transcript?ag_id=968#ew_0_601369,0.09,90,4.49980967,,
4823,ia,g_97;em_12_162831;n_6281978-n_6281983;p_41;#=ew_69_163136;prefix=12798-;[0]=ew_0_1270032,K007M,PresentElder,99.677,99.587,https://labbcat.canterbury.ac.nz/maonze/transcript?ag_id=97#ew_0_1270032,0.09,90,4.49980967,,
4846,ia,g_973;em_12_93080;n_106424-n_106425;p_184;#=ew_69_223757;prefix=70855-;[0]=ew_0_603678,R004M,PresentElder,109.03,108.94,https://labbcat.canterbury.ac.nz/maonze/transcript?ag_id=973#ew_0_603678,0.09,90,4.49980967,,
4866,ia,g_98;em_12_6888;n_36735-n_36736;p_41;#=ew_69_162489;prefix=12909-;[0]=ew_0_66947,K007M,PresentElder,108.891,108.801,https://labbcat.canterbury.ac.nz/maonze/transcript?ag_id=98#ew_0_66947,0.09,90,4.49980967,,
4889,ia,g_987;em_12_93942;n_107014-n_107015;p_182;#=ew_69_226271;prefix=73026-;[0]=ew_0_610908,R005M,PresentElder,152.764,152.674,https://labbcat.canterbury.ac.nz/maonze/transcript?ag_id=987#ew_0_610908,0.09,90,4.49980967,,
4976,oa,g_1023;em_12_171430;n_7051688-n_7051689;p_190;#=ew_69_232772;prefix=78998-;[0]=ew_0_1344334,R009M,PresentElder,199.237,199.147,https://labbcat.canterbury.ac.nz/maonze/transcript?ag_id=1023#ew_0_1344334,0.09,90,4.49980967,,
5008,oa,g_1029;em_12_96389;n_108750-n_17232;p_190;#=ew_69_233682;prefix=79955-;[0]=ew_0_634798,R009M,PresentElder,159.308,159.218,https://labbcat.canterbury.ac.nz/maonze/transcript?ag_id=1029#ew_0_634798,0.09,90,4.49980967,,
5105,oa,g_1078;em_12_99932;n_7083660-n_7083661;p_208;#=ew_69_246230;prefix=92143-;[0]=ew_0_663628,WU07M,Historical,154.674,154.584,https://labbcat.canterbury.ac.nz/maonze/transcript?ag_id=1078#ew_0_663628,0.09,90,4.49980967,,
5150,oa,g_11;em_12_830;n_31476-n_31477;p_28;#=ew_69_149345;prefix=00378-;[0]=ew_0_7432,K001M,PresentElder,201.579,201.489,https://labbcat.canterbury.ac.nz/maonze/transcript?ag_id=11#ew_0_7432,0.09,90,4.49980967,,
5198,oa,g_1210;em_12_109701;n_118470-n_20678;p_244;#=ew_69_244685;prefix=90633-;[0]=ew_0_730147,WU04M,Historical,180.685,180.595,https://labbcat.canterbury.ac.nz/maonze/transcript?ag_id=1210#ew_0_730147,0.09,90,4.49980967,,
5275,oa,g_1389;em_12_119082;n_124559-n_4711651;p_262;#=ew_69_249186;prefix=94720-;[0]=ew_0_823013,WU08M,Historical,107.667,107.577,https://labbcat.canterbury.ac.nz/maonze/transcript?ag_id=1389#ew_0_823013,0.09,90,4.49980967,,
5284,oa,g_1391;em_12_151930;n_4711957-n_4711961;p_262;#=ew_69_249231;prefix=95047-;[0]=ew_0_1134578,WU08M,Historical,158.953,158.863,https://labbcat.canterbury.ac.nz/maonze/transcript?ag_id=1391#ew_0_1134578,0.09,90,4.49980967,,
5287,oa,g_1393;em_12_119227;n_124693-n_124694;p_262;#=ew_69_249641;prefix=95318-;[0]=ew_0_825244,WU08M,Historical,202.766,202.676,https://labbcat.canterbury.ac.nz/maonze/transcript?ag_id=1393#ew_0_825244,0.09,90,4.49980967,,
5375,oa,g_1548;em_12_127383;n_130889-n_130890;p_293;#=ew_69_216653;prefix=64072-;[0]=ew_0_900147,MU10M,Historical,155.916,155.826,https://labbcat.canterbury.ac.nz/maonze/transcript?ag_id=1548#ew_0_900147,0.09,90,4.49980967,,
5391,oa,g_1620;em_12_131921;n_134379-n_134380;p_299;#=ew_69_191773;prefix=40871-;[0]=ew_0_934400,L2H01M,L2,97.289,97.199,https://labbcat.canterbury.ac.nz/maonze/transcript?ag_id=1620#ew_0_934400,0.09,90,4.49980967,,
5415,oa,g_1629;em_12_132539;n_134813-n_134814;p_299;#=ew_69_192944;prefix=41796-;[0]=ew_0_938585,L2H01M,L2,108.247,108.157,https://labbcat.canterbury.ac.nz/maonze/transcript?ag_id=1629#ew_0_938585,0.09,90,4.49980967,,
5439,oa,g_1647;em_12_133602;n_135777-n_135778;p_300;#=ew_69_193370;prefix=42257-;[0]=ew_0_945821,L2H02M,L2,134.23,134.14,https://labbcat.canterbury.ac.nz/maonze/transcript?ag_id=1647#ew_0_945821,0.09,90,4.49980967,,
5441,oa,g_1648;em_12_133675;n_135831-n_135832;p_300;#=ew_69_193592;prefix=42384-;[0]=ew_0_946366,L2H02M,L2,124.122,124.032,https://labbcat.canterbury.ac.nz/maonze/transcript?ag_id=1648#ew_0_946366,0.09,90,4.49980967,,
5443,oa,g_1649;em_12_133739;n_135870-n_135871;p_300;#=ew_69_193452;prefix=42485-;[0]=ew_0_946761,L2H02M,L2,32.968,32.878,https://labbcat.canterbury.ac.nz/maonze/transcript?ag_id=1649#ew_0_946761,0.09,90,4.49980967,,
5532,oa,g_17;em_12_1322;n_31948-n_31949;p_19;#=ew_69_151528;prefix=02402-;[0]=ew_0_11555,K002M,PresentElder,90.459,90.369,https://labbcat.canterbury.ac.nz/maonze/transcript?ag_id=17#ew_0_11555,0.09,90,4.49980967,,
5534,oa,g_17;em_12_1339;n_31965-n_31966;p_19;#=ew_69_151574;prefix=02448-;[0]=ew_0_11718,K002M,PresentElder,165.132,165.042,https://labbcat.canterbury.ac.nz/maonze/transcript?ag_id=17#ew_0_11718,0.09,90,4.49980967,,
5769,oa,g_1942;em_12_165589;n_6842463-n_6842472;p_41;#=ew_69_164980;prefix=14862-;[0]=ew_0_1295151,K007M,PresentElder,230.774,230.684,https://labbcat.canterbury.ac.nz/maonze/transcript?ag_id=1942#ew_0_1295151,0.09,90,4.49980967,,
5797,oa,g_20;em_12_1601;n_32220-n_32221;p_19;#=ew_69_153738;prefix=03598-;[0]=ew_0_13931,K002M,PresentElder,88.498,88.408,https://labbcat.canterbury.ac.nz/maonze/transcript?ag_id=20#ew_0_13931,0.09,90,4.49980967,,
5800,oa,g_21;em_12_1767;n_32385-n_32386;p_19;#=ew_69_153325;prefix=03973-;[0]=ew_0_15137,K002M,PresentElder,234.685,234.595,https://labbcat.canterbury.ac.nz/maonze/transcript?ag_id=21#ew_0_15137,0.09,90,4.49980967,,
5830,oa,g_307;em_12_29932;n_5479-n_5480;p_81;#=ew_69_186412;prefix=35437-;[0]=ew_0_206752,L1Y03M,L1,83.922,83.832,https://labbcat.canterbury.ac.nz/maonze/transcript?ag_id=307#ew_0_206752,0.09,90,4.49980967,,
5881,oa,g_321;em_12_31662;n_56237-n_56239;p_89;#=ew_69_188158;prefix=37342-;[0]=ew_0_215316,L1Y04M,L1,189.399,189.309,https://labbcat.canterbury.ac.nz/maonze/transcript?ag_id=321#ew_0_215316,0.09,90,4.49980967,,
5884,oa,g_322;em_12_31817;n_56378-n_56380;p_89;#=ew_69_189078;prefix=37434-;[0]=ew_0_215765,L1Y04M,L1,81.738,81.648,https://labbcat.canterbury.ac.nz/maonze/transcript?ag_id=322#ew_0_215765,0.09,90,4.49980967,,
5890,oa,g_323;em_12_32247;n_56727-n_56729;p_89;#=ew_69_188897;prefix=37686-;[0]=ew_0_216881,L1Y04M,L1,167.604,167.514,https://labbcat.canterbury.ac.nz/maonze/transcript?ag_id=323#ew_0_216881,0.09,90,4.49980967,,
5893,oa,g_324;em_12_32510;n_5847-n_3841647;p_89;#=ew_69_188434;prefix=37809-;[0]=ew_0_217542,L1Y04M,L1,118.822,118.732,https://labbcat.canterbury.ac.nz/maonze/transcript?ag_id=324#ew_0_217542,0.09,90,4.49980967,,
5895,oa,g_324;em_12_32610;n_56995-n_56996;p_89;#=ew_69_188509;prefix=37873-;[0]=ew_0_217826,L1Y04M,L1,227.891,227.801,https://labbcat.canterbury.ac.nz/maonze/transcript?ag_id=324#ew_0_217826,0.09,90,4.49980967,,
5920,oa,g_339;em_12_33443;n_57663-n_57664;p_85;#=ew_69_184115;prefix=33272-;[0]=ew_0_223506,L1Y02M,L1,136.125,136.035,https://labbcat.canterbury.ac.nz/maonze/transcript?ag_id=339#ew_0_223506,0.09,90,4.49980967,,
5922,oa,g_340;em_12_33462;n_57680-n_57681;p_85;#=ew_69_185678;prefix=34804-;[0]=ew_0_223789,L1Y02M,L1,78.803,78.713,https://labbcat.canterbury.ac.nz/maonze/transcript?ag_id=340#ew_0_223789,0.09,90,4.49980967,,
5946,oa,g_367;em_12_35572;n_59449-n_59402;p_92;#=ew_69_212506;prefix=60331-;[0]=ew_0_1123839,MU04M,Historical,186.585,186.495,https://labbcat.canterbury.ac.nz/maonze/transcript?ag_id=367#ew_0_1123839,0.09,90,4.49980967,,
6014,oa,g_385;em_12_38995;n_62791-n_62792;p_95;#=ew_69_215218;prefix=62581-;[0]=ew_0_1125441,MU06M,Historical,167.999,167.909,https://labbcat.canterbury.ac.nz/maonze/transcript?ag_id=385#ew_0_1125441,0.09,90,4.49980967,,
6040,oa,g_450;em_12_46548;n_69016-n_69017;p_110;#=ew_69_156687;prefix=06699-;[0]=ew_0_290963,K003M,PresentElder,134.375,134.285,https://labbcat.canterbury.ac.nz/maonze/transcript?ag_id=450#ew_0_290963,0.09,90,4.49980967,,
6106,oa,g_490;em_12_50472;n_8425-n_72100;p_122;#=ew_69_170340;prefix=19657-;[0]=ew_0_315224,K010M,PresentElder,189.951,189.861,https://labbcat.canterbury.ac.nz/maonze/transcript?ag_id=490#ew_0_315224,0.09,90,4.49980967,,
6112,oa,g_492;em_12_50726;n_72309-n_8470;p_122;#=ew_69_169921;prefix=19888-;[0]=ew_0_316392,K010M,PresentElder,72.789,72.699,https://labbcat.canterbury.ac.nz/maonze/transcript?ag_id=492#ew_0_316392,0.09,90,4.49980967,,
6120,oa,g_494;em_12_51042;n_72506-n_72507;p_122;#=ew_69_169887;prefix=20176-;[0]=ew_0_317738,K010M,PresentElder,147.696,147.606,https://labbcat.canterbury.ac.nz/maonze/transcript?ag_id=494#ew_0_317738,0.09,90,4.49980967,,
6147,oa,g_53;em_12_158348;n_5387856-n_5387871;p_32;#=ew_69_157733;prefix=08333-;[0]=ew_0_1208717,K004M,PresentElder,89.384,89.294,https://labbcat.canterbury.ac.nz/maonze/transcript?ag_id=53#ew_0_1208717,0.09,90,4.49980967,,
6159,oa,g_58;em_12_162180;n_6217258-n_6217259;p_32;#=ew_69_159748;prefix=09446-;[0]=ew_0_1262959,K004M,PresentElder,186.645,186.555,https://labbcat.canterbury.ac.nz/maonze/transcript?ag_id=58#ew_0_1262959,0.09,90,4.49980967,,
6164,oa,g_59;em_12_162264;n_6219066-n_6219067;p_32;#=ew_69_159529;prefix=09711-;[0]=ew_0_1263895,K004M,PresentElder,193.115,193.025,https://labbcat.canterbury.ac.nz/maonze/transcript?ag_id=59#ew_0_1263895,0.09,90,4.49980967,,
6212,oa,g_612;em_12_64772;n_84338-n_84339;p_142;#=ew_69_182193;prefix=31254-;[0]=ew_0_389837,L1Y01M,L1,89.687,89.597,https://labbcat.canterbury.ac.nz/maonze/transcript?ag_id=612#ew_0_389837,0.09,90,4.49980967,,
6213,oa,g_612;em_12_64797;n_84363-n_29508;p_142;#=ew_69_182271;prefix=31326-;[0]=ew_0_390124,L1Y01M,L1,182.911,182.821,https://labbcat.canterbury.ac.nz/maonze/transcript?ag_id=612#ew_0_390124,0.09,90,4.49980967,,
6251,oa,g_630;em_12_65843;n_85319-n_85320;p_143;#=ew_69_203623;prefix=50981-;[0]=ew_0_399669,L2Y02M,L2,143.244,143.154,https://labbcat.canterbury.ac.nz/maonze/transcript?ag_id=630#ew_0_399669,0.09,90,4.49980967,,
6253,oa,g_630;em_12_65876;n_85350-n_85351;p_143;#=ew_69_203686;prefix=51040-;[0]=ew_0_399879,L2Y02M,L2,217.008,216.918,https://labbcat.canterbury.ac.nz/maonze/transcript?ag_id=630#ew_0_399879,0.09,90,4.49980967,,
6254,oa,g_630;em_12_65878;n_85352-n_85353;p_143;#=ew_69_203692;prefix=51046-;[0]=ew_0_399893,L2Y02M,L2,223.781,223.691,https://labbcat.canterbury.ac.nz/maonze/transcript?ag_id=630#ew_0_399893,0.09,90,4.49980967,,
6293,oa,g_640;em_12_66833;n_86144-n_86145;p_145;#=ew_69_201613;prefix=49692-;[0]=ew_0_407887,L2Y01M,L2,103.035,102.945,https://labbcat.canterbury.ac.nz/maonze/transcript?ag_id=640#ew_0_407887,0.09,90,4.49980967,,
6354,oa,g_83;em_12_5647;n_35705-n_35706;p_37;#=ew_69_160407;prefix=10911-;[0]=ew_0_1264388,K005M,PresentElder,41.341,41.251,https://labbcat.canterbury.ac.nz/maonze/transcript?ag_id=83#ew_0_1264388,0.09,90,4.49980967,,
6364,oa,g_851;em_12_85575;n_100587-n_100588;p_167;#=ew_69_171102;prefix=21096-;[0]=ew_0_541996,L1H01M,L1,77.772,77.682,https://labbcat.canterbury.ac.nz/maonze/transcript?ag_id=851#ew_0_541996,0.09,90,4.49980967,,
6413,oa,g_866;em_12_86641;n_101487-n_101488;p_168;#=ew_69_173182;prefix=23376-;[0]=ew_0_550494,L1H02M,L1,34.228,34.138,https://labbcat.canterbury.ac.nz/maonze/transcript?ag_id=866#ew_0_550494,0.09,90,4.49980967,,
6425,oa,g_871;em_12_87110;n_14952-n_14953;p_168;#=ew_69_173896;prefix=24265-;[0]=ew_0_553936,L1H02M,L1,93.836,93.746,https://labbcat.canterbury.ac.nz/maonze/transcript?ag_id=871#ew_0_553936,0.09,90,4.49980967,,
6557,oa,g_941;em_12_91416;n_105125-n_105126;p_179;#=ew_69_219790;prefix=66688-;[0]=ew_0_587421,R001M,PresentElder,217.573,217.483,https://labbcat.canterbury.ac.nz/maonze/transcript?ag_id=941#ew_0_587421,0.09,90,4.49980967,,
6608,oa,g_97;em_12_162889;n_6282104-n_6282111;p_41;#=ew_69_163394;prefix=12747-;[0]=ew_0_1272039,K007M,PresentElder,243.268,243.178,https://labbcat.canterbury.ac.nz/maonze/transcript?ag_id=97#ew_0_1272039,0.09,90,4.49980967,,
6628,oa,g_975;em_12_93240;n_16302-n_16303;p_184;#=ew_69_224162;prefix=71252-;[0]=ew_0_604952,R004M,PresentElder,140.618,140.528,https://labbcat.canterbury.ac.nz/maonze/transcript?ag_id=975#ew_0_604952,0.09,90,4.49980967,,
6645,oa,g_978;em_12_93538;n_16435-n_106708;p_184;#=ew_69_225173;prefix=71787-;[0]=ew_0_606826,R004M,PresentElder,197.452,197.362,https://labbcat.canterbury.ac.nz/maonze/transcript?ag_id=978#ew_0_606826,0.09,90,4.49980967,,
6669,oa,g_994;em_12_94233;n_107260-n_107261;p_182;#=ew_69_226990;prefix=73945-;[0]=ew_0_614433,R005M,PresentElder,90.549,90.459,https://labbcat.canterbury.ac.nz/maonze/transcript?ag_id=994#ew_0_614433,0.09,90,4.49980967,,
6707,ua,g_1009;em_12_95339;n_108272-n_108273;p_188;#=ew_69_229729;prefix=76277-;[0]=ew_0_624397,R007M,PresentElder,107.33,107.24,https://labbcat.canterbury.ac.nz/maonze/transcript?ag_id=1009#ew_0_624397,0.09,90,4.49980967,,
6712,ua,g_101;em_12_162913;n_6285593-n_6285598;p_41;#=ew_69_163029;prefix=13670-;[0]=ew_0_1270867,K007M,PresentElder,188.209,188.119,https://labbcat.canterbury.ac.nz/maonze/transcript?ag_id=101#ew_0_1270867,0.09,90,4.49980967,,
6756,ua,g_1016;em_12_95840;n_16954-n_16955;p_188;#=ew_69_230597;prefix=77034-;[0]=ew_0_627733,R007M,PresentElder,159.247,159.157,https://labbcat.canterbury.ac.nz/maonze/transcript?ag_id=1016#ew_0_627733,0.09,90,4.49980967,,
6768,ua,g_1018;em_12_95956;n_17057-n_17058;p_188;#=ew_69_230466;prefix=77255-;[0]=ew_0_628721,R007M,PresentElder,141.094,141.004,https://labbcat.canterbury.ac.nz/maonze/transcript?ag_id=1018#ew_0_628721,0.09,90,4.49980967,,
6839,ua,g_1030;em_12_96443;n_108788-n_108789;p_190;#=ew_69_234250;prefix=80155-;[0]=ew_0_635571,R009M,PresentElder,201.852,201.762,https://labbcat.canterbury.ac.nz/maonze/transcript?ag_id=1030#ew_0_635571,0.09,90,4.49980967,,
6856,ua,g_1033;em_12_96546;n_108864-n_17275;p_190;#=ew_69_233620;prefix=80513-;[0]=ew_0_637079,R009M,PresentElder,70.968,70.878,https://labbcat.canterbury.ac.nz/maonze/transcript?ag_id=1033#ew_0_637079,0.09,90,4.49980967,,
6862,ua,g_1033;em_12_96560;n_17278-n_108875;p_190;#=ew_69_233693;prefix=80547-;[0]=ew_0_637257,R009M,PresentElder,150.324,150.234,https://labbcat.canterbury.ac.nz/maonze/transcript?ag_id=1033#ew_0_637257,0.09,90,4.49980967,,
6913,ua,g_1038;em_12_96854;n_109086-n_109087;p_193;#=ew_69_235409;prefix=81639-;[0]=ew_0_640886,R010M,PresentElder,195.15,195.06,https://labbcat.canterbury.ac.nz/maonze/transcript?ag_id=1038#ew_0_640886,0.09,90,4.49980967,,
6928,ua,g_104;em_12_7222;n_37063-n_37064;p_41;#=ew_69_164565;prefix=14287-;[0]=ew_0_72047,K007M,PresentElder,189.591,189.501,https://labbcat.canterbury.ac.nz/maonze/transcript?ag_id=104#ew_0_72047,0.09,90,4.49980967,,
6946,ua,g_1042;em_12_97263;n_4016222-n_109279;p_193;#=ew_69_236194;prefix=82315-;[0]=ew_0_643989,R010M,PresentElder,163.74,163.65,https://labbcat.canterbury.ac.nz/maonze/transcript?ag_id=1042#ew_0_643989,0.09,90,4.49980967,,
6947,ua,g_1042;em_12_97291;n_17550-n_17551;p_193;#=ew_69_236309;prefix=82309-;[0]=ew_0_644233,R010M,PresentElder,251.16,251.07,https://labbcat.canterbury.ac.nz/maonze/transcript?ag_id=1042#ew_0_644233,0.09,90,4.49980967,,
6948,ua,g_1043;em_12_97353;n_17595-n_109299;p_193;#=ew_69_235761;prefix=82358-;[0]=ew_0_644696,R010M,PresentElder,134.119,134.029,https://labbcat.canterbury.ac.nz/maonze/transcript?ag_id=1043#ew_0_644696,0.09,90,4.49980967,,
6954,ua,g_1043;em_12_97363;n_109308-n_17596;p_193;#=ew_69_235803;prefix=82400-;[0]=ew_0_644837,R010M,PresentElder,192.001,191.911,https://labbcat.canterbury.ac.nz/maonze/transcript?ag_id=1043#ew_0_644837,0.09,90,4.49980967,,
6967,ua,g_1045;em_12_97428;n_109360-n_109361;p_193;#=ew_69_236354;prefix=82567-;[0]=ew_0_645762,R010M,PresentElder,42.743,42.653,https://labbcat.canterbury.ac.nz/maonze/transcript?ag_id=1045#ew_0_645762,0.09,90,4.49980967,,
6990,ua,g_1049;em_12_97620;n_17659-n_109495;p_201;#=ew_69_241597;prefix=87679-;[0]=ew_0_647972,WU01M,Historical,96.013,95.923,https://labbcat.canterbury.ac.nz/maonze/transcript?ag_id=1049#ew_0_647972,0.09,90,4.49980967,,
6996,ua,g_1050;em_12_97669;n_17686-n_17687;p_201;#=ew_69_241626;prefix=87702-;[0]=ew_0_648452,WU01M,Historical,133.29,133.2,https://labbcat.canterbury.ac.nz/maonze/transcript?ag_id=1050#ew_0_648452,0.09,90,4.49980967,,
6998,ua,g_1050;em_12_97697;n_17700-n_109530;p_201;#=ew_69_241658;prefix=87729-;[0]=ew_0_648692,WU01M,Historical,233.854,233.764,https://labbcat.canterbury.ac.nz/maonze/transcript?ag_id=1050#ew_0_648692,0.09,90,4.49980967,,
6999,ua,g_1050;em_12_97698;n_109530-n_17701;p_201;#=ew_69_241659;prefix=87730-;[0]=ew_0_648694,WU01M,Historical,234.427,234.337,https://labbcat.canterbury.ac.nz/maonze/transcript?ag_id=1050#ew_0_648694,0.09,90,4.49980967,,
7015,ua,g_107;em_12_163114;n_6288637-n_6288639;p_41;#=ew_69_164355;prefix=14744-;[0]=ew_0_1273268,K007M,PresentElder,195.727,195.637,https://labbcat.canterbury.ac.nz/maonze/transcript?ag_id=107#ew_0_1273268,0.09,90,4.49980967,,
7058,ua,g_1074;em_12_99697;n_110906-n_110907;p_208;#=ew_69_245397;prefix=91694-;[0]=ew_0_661481,WU07M,Historical,94.263,94.173,https://labbcat.canterbury.ac.nz/maonze/transcript?ag_id=1074#ew_0_661481,0.09,90,4.49980967,,
7073,ua,g_1076;em_12_99819;n_111012-n_111013;p_208;#=ew_69_246228;prefix=91939-;[0]=ew_0_662658,WU07M,Historical,114.857,114.767,https://labbcat.canterbury.ac.nz/maonze/transcript?ag_id=1076#ew_0_662658,0.09,90,4.49980967,,
7076,ua,g_1076;em_12_99824;n_111017-n_111018;p_208;#=ew_69_246279;prefix=91955-;[0]=ew_0_662704,WU07M,Historical,135.774,135.684,https://labbcat.canterbury.ac.nz/maonze/transcript?ag_id=1076#ew_0_662704,0.09,90,4.49980967,,
7096,ua,g_1080;em_12_100017;n_111182-n_111183;p_208;#=ew_69_246559;prefix=92330-;[0]=ew_0_664298,WU07M,Historical,103.292,103.202,https://labbcat.canterbury.ac.nz/maonze/transcript?ag_id=1080#ew_0_664298,0.09,90,4.49980967,,
7108,ua,g_1081;em_12_100088;n_111230-n_111231;p_208;#=ew_69_247005;prefix=92465-;[0]=ew_0_664879,WU07M,Historical,124.529,124.439,https://labbcat.canterbury.ac.nz/maonze/transcript?ag_id=1081#ew_0_664879,0.09,90,4.49980967,,
7125,ua,g_1082;em_12_100164;n_111296-n_111297;p_208;#=ew_69_247214;prefix=92709-;[0]=ew_0_665695,WU07M,Historical,168.475,168.385,https://labbcat.canterbury.ac.nz/maonze/transcript?ag_id=1082#ew_0_665695,0.09,90,4.49980967,,
7156,ua,g_1086;em_12_100382;n_111483-n_111484;p_208;#=ew_69_247374;prefix=93183-;[0]=ew_0_667667,WU07M,Historical,54.682,54.592,https://labbcat.canterbury.ac.nz/maonze/transcript?ag_id=1086#ew_0_667667,0.09,90,4.49980967,,
7158,ua,g_1086;em_12_100405;n_111506-n_111507;p_208;#=ew_69_247431;prefix=93234-;[0]=ew_0_667860,WU07M,Historical,131.493,131.403,https://labbcat.canterbury.ac.nz/maonze/transcript?ag_id=1086#ew_0_667860,0.09,90,4.49980967,,
7168,ua,g_1087;em_12_100494;n_111585-n_7084798;p_208;#=ew_69_247939;prefix=93447-;[0]=ew_0_668754,WU07M,Historical,230.698,230.608,https://labbcat.canterbury.ac.nz/maonze/transcript?ag_id=1087#ew_0_668754,0.09,90,4.49980967,,
7171,ua,g_1088;em_12_100532;n_18453-n_18454;p_208;#=ew_69_247624;prefix=93516-;[0]=ew_0_669091,WU07M,Historical,126.37,126.28,https://labbcat.canterbury.ac.nz/maonze/transcript?ag_id=1088#ew_0_669091,0.09,90,4.49980967,,
7188,ua,g_109;em_12_7503;n_37292-n_37293;p_41;#=ew_69_165182;prefix=15204-;[0]=ew_0_75335,K007M,PresentElder,91.595,91.505,https://labbcat.canterbury.ac.nz/maonze/transcript?ag_id=109#ew_0_75335,0.09,90,4.49980967,,
7196,ua,g_1090;em_12_100621;n_111664-n_111665;p_208;#=ew_69_248053;prefix=93713-;[0]=ew_0_669853,WU07M,Historical,147.233,147.143,https://labbcat.canterbury.ac.nz/maonze/transcript?ag_id=1090#ew_0_669853,0.09,90,4.49980967,,
7202,ua,g_1092;em_12_100677;n_111711-n_111712;p_208;#=ew_69_247901;prefix=93846-;[0]=ew_0_670297,WU07M,Historical,44.566,44.476,https://labbcat.canterbury.ac.nz/maonze/transcript?ag_id=1092#ew_0_670297,0.09,90,4.49980967,,
7208,ua,g_11;em_12_838;n_31484-n_31485;p_28;#=ew_69_149367;prefix=00398-;[0]=ew_0_7495,K001M,PresentElder,227.996,227.906,https://labbcat.canterbury.ac.nz/maonze/transcript?ag_id=11#ew_0_7495,0.09,90,4.49980967,,
7297,ua,g_1201;em_12_108724;n_117527-n_117528;p_244;#=ew_69_243189;prefix=89223-;[0]=ew_0_724697,WU04M,Historical,37.377,37.287,https://labbcat.canterbury.ac.nz/maonze/transcript?ag_id=1201#ew_0_724697,0.09,90,4.49980967,,
7308,ua,g_1205;em_12_109234;n_118033-n_118034;p_244;#=ew_69_244528;prefix=89888-;[0]=ew_0_727369,WU04M,Historical,136.774,136.684,https://labbcat.canterbury.ac.nz/maonze/transcript?ag_id=1205#ew_0_727369,0.09,90,4.49980967,,
7322,ua,g_1213;em_12_109845;n_118558-n_20733;p_244;#=ew_69_244989;prefix=90990-;[0]=ew_0_731512,WU04M,Historical,83.141,83.051,https://labbcat.canterbury.ac.nz/maonze/transcript?ag_id=1213#ew_0_731512,0.09,90,4.49980967,,
7336,ua,g_1231;em_12_110891;n_5827138-n_21171;p_249;#=ew_69_180316;prefix=29611-;[0]=ew_0_740556,L1H06M,L1,246.544,246.454,https://labbcat.canterbury.ac.nz/maonze/transcript?ag_id=1231#ew_0_740556,0.09,90,4.49980967,,
7347,ua,g_1233;em_12_110985;n_21259-n_21260;p_249;#=ew_69_180713;prefix=29730-;[0]=ew_0_1226174,L1H06M,L1,41.523,41.433,https://labbcat.canterbury.ac.nz/maonze/transcript?ag_id=1233#ew_0_1226174,0.09,90,4.49980967,,
7382,ua,g_1241;em_12_111552;n_5827777-n_21774;p_249;#=ew_69_181016;prefix=30512-;[0]=ew_0_745884,L1H06M,L1,73.379,73.289,https://labbcat.canterbury.ac.nz/maonze/transcript?ag_id=1241#ew_0_745884,0.09,90,4.49980967,,
7420,ua,g_132;em_12_8943;n_38422-n_38423;p_284;#=ew_69_209190;prefix=56954-;[0]=ew_0_86452,MU01M,Historical,130.317,130.227,https://labbcat.canterbury.ac.nz/maonze/transcript?ag_id=132#ew_0_86452,0.09,90,4.49980967,,
7424,ua,g_133;em_12_8987;n_7016526-n_38466;p_284;#=ew_69_209391;prefix=57073-;[0]=ew_0_86880,MU01M,Historical,69.154,69.064,https://labbcat.canterbury.ac.nz/maonze/transcript?ag_id=133#ew_0_86880,0.09,90,4.49980967,,
7494,ua,g_138;em_12_9624;n_39096-n_39097;p_284;#=ew_69_209979;prefix=57751-;[0]=ew_0_92734,MU01M,Historical,76.294,76.204,https://labbcat.canterbury.ac.nz/maonze/transcript?ag_id=138#ew_0_92734,0.09,90,4.49980967,,
7578,ua,g_1513;em_12_125606;n_129740-n_129741;p_276;#=ew_69_242017;prefix=88346-;[0]=ew_0_881791,WU03M,Historical,193.272,193.182,https://labbcat.canterbury.ac.nz/maonze/transcript?ag_id=1513#ew_0_881791,0.09,90,4.49980967,,
7596,ua,g_1517;em_12_125804;n_129883-n_129884;p_276;#=ew_69_242241;prefix=88035-;[0]=ew_0_883565,WU03M,Historical,202.06,201.97,https://labbcat.canterbury.ac.nz/maonze/transcript?ag_id=1517#ew_0_883565,0.09,90,4.49980967,,
7603,ua,g_1520;em_12_125960;n_130005-n_130006;p_284;#=ew_69_210788;prefix=58342-;[0]=ew_0_885067,MU01M,Historical,137.841,137.751,https://labbcat.canterbury.ac.nz/maonze/transcript?ag_id=1520#ew_0_885067,0.09,90,4.49980967,,
7679,ua,g_1532;em_12_126531;n_130460-n_30421;p_200;#=ew_69_216057;prefix=63502-;[0]=ew_0_892068,MU08M,Historical,219.776,219.686,https://labbcat.canterbury.ac.nz/maonze/transcript?ag_id=1532#ew_0_892068,0.09,90,4.49980967,,
7688,ua,g_1536;em_12_126741;n_130533-n_25530;p_200;#=ew_69_216266;prefix=63589-;[0]=ew_0_894130,MU08M,Historical,52.402,52.312,https://labbcat.canterbury.ac.nz/maonze/transcript?ag_id=1536#ew_0_894130,0.09,90,4.49980967,,
7695,ua,g_1541;em_12_126999;n_130692-n_130693;p_291;#=ew_69_216357;prefix=63737-;[0]=ew_0_896494,MU09M,Historical,118,117.91,https://labbcat.canterbury.ac.nz/maonze/transcript?ag_id=1541#ew_0_896494,0.09,90,4.49980967,,
7699,ua,g_1543;em_12_127114;n_30437-n_25710;p_291;#=ew_69_216395;prefix=63789-;[0]=ew_0_897560,MU09M,Historical,60.493,60.403,https://labbcat.canterbury.ac.nz/maonze/transcript?ag_id=1543#ew_0_897560,0.09,90,4.49980967,,
7702,ua,g_1543;em_12_127151;n_25733-n_130738;p_291;#=ew_69_216427;prefix=63821-;[0]=ew_0_897932,MU09M,Historical,203.86,203.77,https://labbcat.canterbury.ac.nz/maonze/transcript?ag_id=1543#ew_0_897932,0.09,90,4.49980967,,
7720,ua,g_16;em_12_1264;n_31891-n_31892;p_19;#=ew_69_152286;prefix=02285-;[0]=ew_0_11034,K002M,PresentElder,190.305,190.215,https://labbcat.canterbury.ac.nz/maonze/transcript?ag_id=16#ew_0_11034,0.09,90,4.49980967,,
7755,ua,g_1621;em_12_132044;n_134475-n_134476;p_299;#=ew_69_191919;prefix=41046-;[0]=ew_0_935253,L2H01M,L2,236.741,236.651,https://labbcat.canterbury.ac.nz/maonze/transcript?ag_id=1621#ew_0_935253,0.09,90,4.49980967,,
7756,ua,g_1621;em_12_132045;n_134476-n_26845;p_299;#=ew_69_191920;prefix=41047-;[0]=ew_0_935256,L2H01M,L2,239.241,239.151,https://labbcat.canterbury.ac.nz/maonze/transcript?ag_id=1621#ew_0_935256,0.09,90,4.49980967,,
7757,ua,g_1622;em_12_132094;n_134512-n_134513;p_299;#=ew_69_191698;prefix=41097-;[0]=ew_0_935549,L2H01M,L2,115.351,115.261,https://labbcat.canterbury.ac.nz/maonze/transcript?ag_id=1622#ew_0_935549,0.09,90,4.49980967,,
7875,ua,g_1646;em_12_133493;n_135682-n_135683;p_300;#=ew_69_193784;prefix=42049-;[0]=ew_0_945024,L2H02M,L2,73.768,73.678,https://labbcat.canterbury.ac.nz/maonze/transcript?ag_id=1646#ew_0_945024,0.09,90,4.49980967,,
7906,ua,g_1649;em_12_133782;n_135901-n_135902;p_300;#=ew_69_193646;prefix=42570-;[0]=ew_0_947095,L2H02M,L2,166.711,166.621,https://labbcat.canterbury.ac.nz/maonze/transcript?ag_id=1649#ew_0_947095,0.09,90,4.49980967,,
7928,ua,g_1653;em_12_134144;n_136159-n_136160;p_300;#=ew_69_194820;prefix=43098-;[0]=ew_0_949088,L2H02M,L2,128.717,128.627,https://labbcat.canterbury.ac.nz/maonze/transcript?ag_id=1653#ew_0_949088,0.09,90,4.49980967,,
7933,ua,g_1654;em_12_134252;n_136236-n_27292;p_300;#=ew_69_194817;prefix=43277-;[0]=ew_0_949790,L2H02M,L2,225.641,225.551,https://labbcat.canterbury.ac.nz/maonze/transcript?ag_id=1654#ew_0_949790,0.09,90,4.49980967,,
7940,ua,g_1655;em_12_134295;n_136269-n_136270;p_300;#=ew_69_194414;prefix=43358-;[0]=ew_0_950110,L2H02M,L2,123.436,123.346,https://labbcat.canterbury.ac.nz/maonze/transcript?ag_id=1655#ew_0_950110,0.09,90,4.49980967,,
7967,ua,g_1661;em_12_163168;n_6399753-n_6399763;p_302;#=ew_69_197575;prefix=45632-;[0]=ew_0_1276655,L2H04M,L2,185.225,185.135,https://labbcat.canterbury.ac.nz/maonze/transcript?ag_id=1661#ew_0_1276655,0.09,90,4.49980967,,
8005,ua,g_1667;em_12_134890;n_136702-n_136703;p_302;#=ew_69_198064;prefix=46509-;[0]=ew_0_956020,L2H04M,L2,223.123,223.033,https://labbcat.canterbury.ac.nz/maonze/transcript?ag_id=1667#ew_0_956020,0.09,90,4.49980967,,
8073,ua,g_1682;em_12_135695;n_137326-n_137327;p_307;#=ew_69_199430;prefix=47708-;[0]=ew_0_963181,L2H05M,L2,123.455,123.365,https://labbcat.canterbury.ac.nz/maonze/transcript?ag_id=1682#ew_0_963181,0.09,90,4.49980967,,
8074,ua,g_1682;em_12_135702;n_137331-n_137332;p_307;#=ew_69_199441;prefix=47719-;[0]=ew_0_963233,L2H05M,L2,148.484,148.394,https://labbcat.canterbury.ac.nz/maonze/transcript?ag_id=1682#ew_0_963233,0.09,90,4.49980967,,
8082,ua,g_1686;em_12_135958;n_137461-n_137462;p_307;#=ew_69_199054;prefix=47345-;[0]=ew_0_965092,L2H05M,L2,42.186,42.096,https://labbcat.canterbury.ac.nz/maonze/transcript?ag_id=1686#ew_0_965092,0.09,90,4.49980967,,
8149,ua,g_1752;em_12_140028;n_140688-n_140689;p_318;#=ew_69_231701;prefix=78242-;[0]=ew_0_1003613,R008M,PresentElder,66.735,66.645,https://labbcat.canterbury.ac.nz/maonze/transcript?ag_id=1752#ew_0_1003613,0.09,90,4.49980967,,
8208,ua,g_1848;em_12_149467;n_3853987-n_3854002;p_49;#=ew_69_205454;prefix=53421-;[0]=ew_0_1106297,L2Y03M,L2,89.733,89.643,https://labbcat.canterbury.ac.nz/maonze/transcript?ag_id=1848#ew_0_1106297,0.09,90,4.49980967,,
8218,ua,g_1853;em_12_150417;n_4569142-n_4569159;p_148;#=ew_69_208027;prefix=55929-;[0]=ew_0_1124740,L2Y05M,L2,173.256,173.166,https://labbcat.canterbury.ac.nz/maonze/transcript?ag_id=1853#ew_0_1124740,0.09,90,4.49980967,,
8247,ua,g_1884;em_12_155096;n_5259809-n_5259819;p_334;#=ew_69_237269;prefix=83446-;[0]=ew_0_1171357,R011M,PresentElder,98.867,98.777,https://labbcat.canterbury.ac.nz/maonze/transcript?ag_id=1884#ew_0_1171357,0.09,90,4.49980967,,
8253,ua,g_1888;em_12_155368;n_5264026-n_5264053;p_334;#=ew_69_237732;prefix=83768-;[0]=ew_0_1174955,R011M,PresentElder,230.231,230.141,https://labbcat.canterbury.ac.nz/maonze/transcript?ag_id=1888#ew_0_1174955,0.09,90,4.49980967,,
8260,ua,g_1890;em_12_155500;n_5265761-n_5265777;p_334;#=ew_69_237511;prefix=84044-;[0]=ew_0_1176035,R011M,PresentElder,131.993,131.903,https://labbcat.canterbury.ac.nz/maonze/transcript?ag_id=1890#ew_0_1176035,0.09,90,4.49980967,,
8291,ua,g_1898;em_12_156052;n_5274958-n_5274981;p_333;#=ew_69_238212;prefix=84944-;[0]=ew_0_1183442,R012M,PresentElder,106.063,105.973,https://labbcat.canterbury.ac.nz/maonze/transcript?ag_id=1898#ew_0_1183442,0.09,90,4.49980967,,
8300,ua,g_19;em_12_1481;n_32101-n_32102;p_19;#=ew_69_152400;prefix=02773-;[0]=ew_0_12937,K002M,PresentElder,44.481,44.391,https://labbcat.canterbury.ac.nz/maonze/transcript?ag_id=19#ew_0_12937,0.09,90,4.49980967,,
8305,ua,g_19;em_12_1522;n_32142-n_32143;p_19;#=ew_69_152658;prefix=02916-;[0]=ew_0_13352,K002M,PresentElder,221.883,221.793,https://labbcat.canterbury.ac.nz/maonze/transcript?ag_id=19#ew_0_13352,0.09,90,4.49980967,,
8320,ua,g_1901;em_12_156364;n_5278012-n_5278034;p_333;#=ew_69_239133;prefix=85110-;[0]=ew_0_1185610,R012M,PresentElder,112.848,112.758,https://labbcat.canterbury.ac.nz/maonze/transcript?ag_id=1901#ew_0_1185610,0.09,90,4.49980967,,
8324,ua,g_1902;em_12_156416;n_5279046-n_5279064;p_333;#=ew_69_239298;prefix=85426-;[0]=ew_0_1186240,R012M,PresentElder,116.087,115.997,https://labbcat.canterbury.ac.nz/maonze/transcript?ag_id=1902#ew_0_1186240,0.09,90,4.49980967,,
8421,ua,g_1913;em_12_157108;n_5290038-n_5290057;p_333;#=ew_69_240263;prefix=87252-;[0]=ew_0_1195382,R012M,PresentElder,188.674,188.584,https://labbcat.canterbury.ac.nz/maonze/transcript?ag_id=1913#ew_0_1195382,0.09,90,4.49980967,,
8454,ua,g_1942;em_12_165563;n_6842478-n_6842497;p_41;#=ew_69_164984;prefix=15051-;[0]=ew_0_1295302,K007M,PresentElder,233.648,233.558,https://labbcat.canterbury.ac.nz/maonze/transcript?ag_id=1942#ew_0_1295302,0.09,90,4.49980967,,
8461,ua,g_1942;em_12_165610;n_6842358-n_6842374;p_41;#=ew_69_164953;prefix=15022-;[0]=ew_0_1295025,K007M,PresentElder,207.423,207.333,https://labbcat.canterbury.ac.nz/maonze/transcript?ag_id=1942#ew_0_1295025,0.09,90,4.49980967,,
8466,ua,g_1943;em_12_165664;n_6846030-n_6846039;p_19;#=ew_69_151917;prefix=02628-;[0]=ew_0_1296022,K002M,PresentElder,113.069,112.979,https://labbcat.canterbury.ac.nz/maonze/transcript?ag_id=1943#ew_0_1296022,0.09,90,4.49980967,,
8470,ua,g_1944;em_12_165723;n_6847209-n_6847219;p_28;#=ew_69_150296;prefix=01422-;[0]=ew_0_1296648,K001M,PresentElder,176.475,176.385,https://labbcat.canterbury.ac.nz/maonze/transcript?ag_id=1944#ew_0_1296648,0.09,90,4.49980967,,
8525,ua,g_22;em_12_1843;n_32460-n_32461;p_19;#=ew_69_153571;prefix=04181-;[0]=ew_0_15770,K002M,PresentElder,204.632,204.542,https://labbcat.canterbury.ac.nz/maonze/transcript?ag_id=22#ew_0_15770,0.09,90,4.49980967,,
8531,ua,g_24;em_12_2006;n_32621-n_32622;p_19;#=ew_69_154368;prefix=04577-;[0]=ew_0_17048,K002M,PresentElder,116.726,116.636,https://labbcat.canterbury.ac.nz/maonze/transcript?ag_id=24#ew_0_17048,0.09,90,4.49980967,,
8547,ua,g_25;em_12_2154;n_32763-n_32764;p_19;#=ew_69_154179;prefix=04960-;[0]=ew_0_18241,K002M,PresentElder,235.04,234.95,https://labbcat.canterbury.ac.nz/maonze/transcript?ag_id=25#ew_0_18241,0.09,90,4.49980967,,
8559,ua,g_27;em_12_2231;n_32838-n_32839;p_19;#=ew_69_154827;prefix=05175-;[0]=ew_0_18894,K002M,PresentElder,134.126,134.036,https://labbcat.canterbury.ac.nz/maonze/transcript?ag_id=27#ew_0_18894,0.09,90,4.49980967,,
8610,ua,g_309;em_12_160830;n_5999841-n_5999848;p_81;#=ew_69_186141;prefix=35871-;[0]=ew_0_1240656,L1Y03M,L1,230.974,230.884,https://labbcat.canterbury.ac.nz/maonze/transcript?ag_id=309#ew_0_1240656,0.09,90,4.49980967,,
8611,ua,g_309;em_12_160853;n_5999855-n_6000015;p_81;#=ew_69_186143;prefix=35913-;[0]=ew_0_1240701,L1Y03M,L1,233.416,233.326,https://labbcat.canterbury.ac.nz/maonze/transcript?ag_id=309#ew_0_1240701,0.09,90,4.49980967,,
8614,ua,g_309;em_12_30123;n_5506-n_54900;p_81;#=ew_69_185969;prefix=35801-;[0]=ew_0_1237888,L1Y03M,L1,118.417,118.327,https://labbcat.canterbury.ac.nz/maonze/transcript?ag_id=309#ew_0_1237888,0.09,90,4.49980967,,
8615,ua,g_309;em_12_30136;n_54908-n_54909;p_81;#=ew_69_185935;prefix=35825-;[0]=ew_0_1238622,L1Y03M,L1,97.937,97.847,https://labbcat.canterbury.ac.nz/maonze/transcript?ag_id=309#ew_0_1238622,0.09,90,4.49980967,,
8628,ua,g_312;em_12_30393;n_5572-n_55093;p_81;#=ew_69_186937;prefix=36149-;[0]=ew_0_210453,L1Y03M,L1,64.054,63.964,https://labbcat.canterbury.ac.nz/maonze/transcript?ag_id=312#ew_0_210453,0.09,90,4.49980967,,
8655,ua,g_320;em_12_148647;n_3841888-n_5666;p_89;#=ew_69_188239;prefix=37245-;[0]=ew_0_1096382,L1Y04M,L1,51.634,51.544,https://labbcat.canterbury.ac.nz/maonze/transcript?ag_id=320#ew_0_1096382,0.09,90,4.49980967,,
8667,ua,g_322;em_12_148695;n_3841857-n_56501;p_89;#=ew_69_189182;prefix=37535-;[0]=ew_0_1097463,L1Y04M,L1,208.643,208.553,https://labbcat.canterbury.ac.nz/maonze/transcript?ag_id=322#ew_0_1097463,0.09,90,4.49980967,,
8670,ua,g_322;em_12_31832;n_56391-n_56393;p_89;#=ew_69_189086;prefix=37442-;[0]=ew_0_1096375,L1Y04M,L1,95.909,95.819,https://labbcat.canterbury.ac.nz/maonze/transcript?ag_id=322#ew_0_1096375,0.09,90,4.49980967,,
8684,ua,g_323;em_12_32272;n_5788-n_56748;p_89;#=ew_69_188907;prefix=37695-;[0]=ew_0_1096632,L1Y04M,L1,188.352,188.262,https://labbcat.canterbury.ac.nz/maonze/transcript?ag_id=323#ew_0_1096632,0.09,90,4.49980967,,
8831,ua,g_366;em_12_150105;n_4458706-n_4458664;p_92;#=ew_69_212303;prefix=60145-;[0]=ew_0_1124035,MU04M,Historical,145.275,145.185,https://labbcat.canterbury.ac.nz/maonze/transcript?ag_id=366#ew_0_1124035,0.09,90,4.49980967,,
8845,ua,g_367;em_12_35568;n_59442-n_59398;p_92;#=ew_69_212499;prefix=60325-;[0]=ew_0_1123821,MU04M,Historical,178.447,178.357,https://labbcat.canterbury.ac.nz/maonze/transcript?ag_id=367#ew_0_1123821,0.09,90,4.49980967,,
8851,ua,g_368;em_12_35706;n_59522-n_59535;p_92;#=ew_69_212596;prefix=60415-;[0]=ew_0_1122823,MU04M,Historical,48.029,47.939,https://labbcat.canterbury.ac.nz/maonze/transcript?ag_id=368#ew_0_1122823,0.09,90,4.49980967,,
8853,ua,g_368;em_12_35742;n_59570-n_4458971;p_92;#=ew_69_212645;prefix=60460-;[0]=ew_0_1117315,MU04M,Historical,106.546,106.456,https://labbcat.canterbury.ac.nz/maonze/transcript?ag_id=368#ew_0_1117315,0.09,90,4.49980967,,
8933,ua,g_41;em_12_3312;n_33671-n_33672;p_276;#=ew_69_242467;prefix=88507-;[0]=ew_0_1131340,WU03M,Historical,151.602,151.512,https://labbcat.canterbury.ac.nz/maonze/transcript?ag_id=41#ew_0_1131340,0.09,90,4.49980967,,
8953,ua,g_448;em_12_161397;n_6125909-n_6125911;p_110;#=ew_69_155287;prefix=06424-;[0]=ew_0_1254757,K003M,PresentElder,225.727,225.637,https://labbcat.canterbury.ac.nz/maonze/transcript?ag_id=448#ew_0_1254757,0.09,90,4.49980967,,
8966,ua,g_450;em_12_169801;n_6946181-n_6946182;p_110;#=ew_69_156724;prefix=06732-;[0]=ew_0_1326843,K003M,PresentElder,168.738,168.648,https://labbcat.canterbury.ac.nz/maonze/transcript?ag_id=450#ew_0_1326843,0.09,90,4.49980967,,
8975,ua,g_451;em_12_169858;n_6947081-n_6947082;p_110;#=ew_69_156425;prefix=07091-;[0]=ew_0_1327503,K003M,PresentElder,185.71,185.62,https://labbcat.canterbury.ac.nz/maonze/transcript?ag_id=451#ew_0_1327503,0.09,90,4.49980967,,
9111,ua,g_483;em_12_161866;n_6176789-n_6176791;p_121;#=ew_69_168248;prefix=18764-;[0]=ew_0_1258326,K009M,PresentElder,162.709,162.619,https://labbcat.canterbury.ac.nz/maonze/transcript?ag_id=483#ew_0_1258326,0.09,90,4.49980967,,
9134,ua,g_487;em_12_49848;n_8245-n_71658;p_122;#=ew_69_169335;prefix=19257-;[0]=ew_0_312982,K010M,PresentElder,50.118,50.028,https://labbcat.canterbury.ac.nz/maonze/transcript?ag_id=487#ew_0_312982,0.09,90,4.49980967,,
9159,ua,g_489;em_12_50260;n_71952-n_8361;p_122;#=ew_69_170053;prefix=19491-;[0]=ew_0_314411,K010M,PresentElder,142.897,142.807,https://labbcat.canterbury.ac.nz/maonze/transcript?ag_id=489#ew_0_314411,0.09,90,4.49980967,,
9178,ua,g_492;em_12_50707;n_72292-n_72293;p_122;#=ew_69_169760;prefix=19865-;[0]=ew_0_316288,K010M,PresentElder,32.77,32.68,https://labbcat.canterbury.ac.nz/maonze/transcript?ag_id=492#ew_0_316288,0.09,90,4.49980967,,
9204,ua,g_50;em_12_158317;n_5387766-n_5387799;p_32;#=ew_69_157547;prefix=07794-;[0]=ew_0_1210483,K004M,PresentElder,56.02,55.93,https://labbcat.canterbury.ac.nz/maonze/transcript?ag_id=50#ew_0_1210483,0.09,90,4.49980967,,
9213,ua,g_51;em_12_3710;n_34044-n_34045;p_32;#=ew_69_157451;prefix=07922-;[0]=ew_0_33901,K004M,PresentElder,173.354,173.264,https://labbcat.canterbury.ac.nz/maonze/transcript?ag_id=51#ew_0_33901,0.09,90,4.49980967,,
9222,ua,g_53;em_12_158348;n_5387856-n_5387871;p_32;#=ew_69_157734;prefix=08334-;[0]=ew_0_1208031,K004M,PresentElder,89.574,89.484,https://labbcat.canterbury.ac.nz/maonze/transcript?ag_id=53#ew_0_1208031,0.09,90,4.49980967,,
9226,ua,g_53;em_12_158359;n_5387883-n_5387889;p_32;#=ew_69_157767;prefix=08349-;[0]=ew_0_1209866,K004M,PresentElder,114.446,114.356,https://labbcat.canterbury.ac.nz/maonze/transcript?ag_id=53#ew_0_1209866,0.09,90,4.49980967,,
9229,ua,g_53;em_12_3787;n_34119-n_34120;p_32;#=ew_69_157719;prefix=08320-;[0]=ew_0_35304,K004M,PresentElder,74.687,74.597,https://labbcat.canterbury.ac.nz/maonze/transcript?ag_id=53#ew_0_35304,0.09,90,4.49980967,,
9244,ua,g_55;em_12_161978;n_6214523-n_6214550;p_32;#=ew_69_158679;prefix=08934-;[0]=ew_0_1260369,K004M,PresentElder,117.277,117.187,https://labbcat.canterbury.ac.nz/maonze/transcript?ag_id=55#ew_0_1260369,0.09,90,4.49980967,,
9314,ua,g_603;em_12_64249;n_83843-n_83844;p_140;#=ew_69_190547;prefix=39322-;[0]=ew_0_1249948,L1Y05M,L1,41.898,41.808,https://labbcat.canterbury.ac.nz/maonze/transcript?ag_id=603#ew_0_1249948,0.09,90,4.49980967,,
9370,ua,g_609;em_12_161081;n_6052337-n_6052342;p_142;#=ew_69_181614;prefix=30945-;[0]=ew_0_1244475,L1Y01M,L1,178.118,178.028,https://labbcat.canterbury.ac.nz/maonze/transcript?ag_id=609#ew_0_1244475,0.09,90,4.49980967,,
9378,ua,g_610;em_12_64678;n_84246-n_84247;p_142;#=ew_69_182022;prefix=31014-;[0]=ew_0_388844,L1Y01M,L1,80.019,79.929,https://labbcat.canterbury.ac.nz/maonze/transcript?ag_id=610#ew_0_388844,0.09,90,4.49980967,,
9414,ua,g_615;em_12_64920;n_84483-n_84484;p_142;#=ew_69_182540;prefix=31635-;[0]=ew_0_391361,L1Y01M,L1,97.524,97.434,https://labbcat.canterbury.ac.nz/maonze/transcript?ag_id=615#ew_0_391361,0.09,90,4.49980967,,
9443,ua,g_621;em_12_65171;n_84718-n_84719;p_142;#=ew_69_183120;prefix=32334-;[0]=ew_0_394314,L1Y01M,L1,135.156,135.066,https://labbcat.canterbury.ac.nz/maonze/transcript?ag_id=621#ew_0_394314,0.09,90,4.49980967,,
9470,ua,g_626;em_12_170744;n_6981786-n_6981787;p_142;#=ew_69_183799;prefix=32951-;[0]=ew_0_1334522,L1Y01M,L1,147.774,147.684,https://labbcat.canterbury.ac.nz/maonze/transcript?ag_id=626#ew_0_1334522,0.09,90,4.49980967,,
9482,ua,g_626;em_12_65346;n_84865-n_84866;p_142;#=ew_69_183697;prefix=32903-;[0]=ew_0_396492,L1Y01M,L1,73.426,73.336,https://labbcat.canterbury.ac.nz/maonze/transcript?ag_id=626#ew_0_396492,0.09,90,4.49980967,,
9484,ua,g_626;em_12_65349;n_84868-n_84869;p_142;#=ew_69_183725;prefix=32918-;[0]=ew_0_396535,L1Y01M,L1,88.559,88.469,https://labbcat.canterbury.ac.nz/maonze/transcript?ag_id=626#ew_0_396535,0.09,90,4.49980967,,
9495,ua,g_628;em_12_65500;n_85004-n_85005;p_143;#=ew_69_202464;prefix=50474-;[0]=ew_0_1251510,L2Y02M,L2,145.144,145.054,https://labbcat.canterbury.ac.nz/maonze/transcript?ag_id=628#ew_0_1251510,0.09,90,4.49980967,,
9518,ua,g_630;em_12_65847;n_85323-n_85324;p_143;#=ew_69_203636;prefix=50994-;[0]=ew_0_399694,L2Y02M,L2,151.257,151.167,https://labbcat.canterbury.ac.nz/maonze/transcript?ag_id=630#ew_0_399694,0.09,90,4.49980967,,
9534,ua,g_632;em_12_66140;n_85596-n_85597;p_143;#=ew_69_203358;prefix=51575-;[0]=ew_0_401872,L2Y02M,L2,175.561,175.471,https://labbcat.canterbury.ac.nz/maonze/transcript?ag_id=632#ew_0_401872,0.09,90,4.49980967,,
9569,ua,g_636;em_12_66554;n_85943-n_85944;p_145;#=ew_69_201397;prefix=49211-;[0]=ew_0_1108680,L2Y01M,L2,170.44,170.35,https://labbcat.canterbury.ac.nz/maonze/transcript?ag_id=636#ew_0_1108680,0.09,90,4.49980967,,
9638,ua,g_649;em_12_67509;n_86683-n_86684;p_146;#=ew_69_205731;prefix=53749-;[0]=ew_0_413368,L2Y04M,L2,199.239,199.149,https://labbcat.canterbury.ac.nz/maonze/transcript?ag_id=649#ew_0_413368,0.09,90,4.49980967,,
9646,ua,g_652;em_12_68153;n_87266-n_87267;p_146;#=ew_69_206055;prefix=54052-;[0]=ew_0_414863,L2Y04M,L2,123.147,123.057,https://labbcat.canterbury.ac.nz/maonze/transcript?ag_id=652#ew_0_414863,0.09,90,4.49980967,,
9652,ua,g_654;em_12_68688;n_10912-n_10913;p_146;#=ew_69_205819;prefix=54270-;[0]=ew_0_416062,L2Y04M,L2,169.988,169.898,https://labbcat.canterbury.ac.nz/maonze/transcript?ag_id=654#ew_0_416062,0.09,90,4.49980967,,
9675,ua,g_664;em_12_150058;n_4423181-n_4423187;p_148;#=ew_69_207302;prefix=55400-;[0]=ew_0_1116133,L2Y05M,L2,195.541,195.451,https://labbcat.canterbury.ac.nz/maonze/transcript?ag_id=664#ew_0_1116133,0.09,90,4.49980967,,
9681,ua,g_664;em_12_70453;n_89248-n_89252;p_148;#=ew_69_207281;prefix=55379-;[0]=ew_0_421313,L2Y05M,L2,156.132,156.042,https://labbcat.canterbury.ac.nz/maonze/transcript?ag_id=664#ew_0_421313,0.09,90,4.49980967,,
9697,ua,g_665;em_12_70499;n_89293-n_89294;p_148;#=ew_69_207901;prefix=55609-;[0]=ew_0_422114,L2Y05M,L2,255.07,254.98,https://labbcat.canterbury.ac.nz/maonze/transcript?ag_id=665#ew_0_422114,0.09,90,4.49980967,,
9762,ua,g_76;em_12_5321;n_523-n_5957992;p_37;#=ew_69_159913;prefix=10188-;[0]=ew_0_51877,K005M,PresentElder,48.466,48.376,https://labbcat.canterbury.ac.nz/maonze/transcript?ag_id=76#ew_0_51877,0.09,90,4.49980967,,
9787,ua,g_82;em_12_5605;n_556-n_557;p_37;#=ew_69_160119;prefix=10721-;[0]=ew_0_56057,K005M,PresentElder,90.66,90.57,https://labbcat.canterbury.ac.nz/maonze/transcript?ag_id=82#ew_0_56057,0.09,90,4.49980967,,
9808,ua,g_84;em_12_5720;n_35771-n_35772;p_37;#=ew_69_160917;prefix=11157-;[0]=ew_0_57856,K005M,PresentElder,197.34,197.25,https://labbcat.canterbury.ac.nz/maonze/transcript?ag_id=84#ew_0_57856,0.09,90,4.49980967,,
9823,ua,g_849;em_12_85441;n_100457-n_100458;p_167;#=ew_69_171401;prefix=20782-;[0]=ew_0_540815,L1H01M,L1,59.965,59.875,https://labbcat.canterbury.ac.nz/maonze/transcript?ag_id=849#ew_0_540815,0.09,90,4.49980967,,
9827,ua,g_849;em_12_85456;n_100472-n_100473;p_167;#=ew_69_171433;prefix=20812-;[0]=ew_0_540936,L1H01M,L1,114.842,114.752,https://labbcat.canterbury.ac.nz/maonze/transcript?ag_id=849#ew_0_540936,0.09,90,4.49980967,,
9837,ua,g_85;em_12_160531;n_5957987-n_5957993;p_37;#=ew_69_161348;prefix=11309-;[0]=ew_0_1236925,K005M,PresentElder,165.26,165.17,https://labbcat.canterbury.ac.nz/maonze/transcript?ag_id=85#ew_0_1236925,0.09,90,4.49980967,,
9846,ua,g_851;em_12_85564;n_100576-n_100577;p_167;#=ew_69_171009;prefix=21056-;[0]=ew_0_541886,L1H01M,L1,38.061,37.971,https://labbcat.canterbury.ac.nz/maonze/transcript?ag_id=851#ew_0_541886,0.09,90,4.49980967,,
9862,ua,g_857;em_12_86055;n_101039-n_101040;p_167;#=ew_69_172582;prefix=22090-;[0]=ew_0_545862,L1H01M,L1,234.787,234.697,https://labbcat.canterbury.ac.nz/maonze/transcript?ag_id=857#ew_0_545862,0.09,90,4.49980967,,
9870,ua,g_86;em_12_160574;n_5958003-n_5958007;p_37;#=ew_69_161331;prefix=11477-;[0]=ew_0_1237556,K005M,PresentElder,98.501,98.411,https://labbcat.canterbury.ac.nz/maonze/transcript?ag_id=86#ew_0_1237556,0.09,90,4.49980967,,
9882,ua,g_861;em_12_86293;n_101232-n_101233;p_168;#=ew_69_173330;prefix=22617-;[0]=ew_0_547564,L1H02M,L1,167.99,167.9,https://labbcat.canterbury.ac.nz/maonze/transcript?ag_id=861#ew_0_547564,0.09,90,4.49980967,,
9889,ua,g_862;em_12_159504;n_5655994-n_5655999;p_168;#=ew_69_172894;prefix=22826-;[0]=ew_0_1220344,L1H02M,L1,232.832,232.742,https://labbcat.canterbury.ac.nz/maonze/transcript?ag_id=862#ew_0_1220344,0.09,90,4.49980967,,
9894,ua,g_862;em_12_86366;n_101277-n_101278;p_168;#=ew_69_172848;prefix=22752-;[0]=ew_0_548212,L1H02M,L1,177.54,177.45,https://labbcat.canterbury.ac.nz/maonze/transcript?ag_id=862#ew_0_548212,0.09,90,4.49980967,,
9969,ua,g_871;em_12_87087;n_101771-n_101772;p_168;#=ew_69_173859;prefix=24230-;[0]=ew_0_553784,L1H02M,L1,35.195,35.105,https://labbcat.canterbury.ac.nz/maonze/transcript?ag_id=871#ew_0_553784,0.09,90,4.49980967,,
10075,ua,g_893;em_12_88427;n_102691-n_102692;p_174;#=ew_69_179654;prefix=28591-;[0]=ew_0_562971,L1H05M,L1,198.613,198.523,https://labbcat.canterbury.ac.nz/maonze/transcript?ag_id=893#ew_0_562971,0.09,90,4.49980967,,
10104,ua,g_897;em_12_88630;n_102866-n_102867;p_174;#=ew_69_178711;prefix=27898-;[0]=ew_0_565394,L1H05M,L1,204.059,203.969,https://labbcat.canterbury.ac.nz/maonze/transcript?ag_id=897#ew_0_565394,0.09,90,4.49980967,,
10108,ua,g_897;em_12_88639;n_102875-n_29793;p_174;#=ew_69_178801;prefix=27938-;[0]=ew_0_565522,L1H05M,L1,250.827,250.737,https://labbcat.canterbury.ac.nz/maonze/transcript?ag_id=897#ew_0_565522,0.09,90,4.49980967,,
10113,ua,g_898;em_12_88657;n_102892-n_5774209;p_174;#=ew_69_178624;prefix=27649-;[0]=ew_0_565747,L1H05M,L1,93.462,93.372,https://labbcat.canterbury.ac.nz/maonze/transcript?ag_id=898#ew_0_565747,0.09,90,4.49980967,,
10114,ua,g_898;em_12_88667;n_102894-n_102895;p_174;#=ew_69_178655;prefix=27667-;[0]=ew_0_565849,L1H05M,L1,132.099,132.009,https://labbcat.canterbury.ac.nz/maonze/transcript?ag_id=898#ew_0_565849,0.09,90,4.49980967,,
10144,ua,g_902;em_12_88917;n_103089-n_103090;p_173;#=ew_69_177498;prefix=26994-;[0]=ew_0_567733,L1H04M,L1,168.007,167.917,https://labbcat.canterbury.ac.nz/maonze/transcript?ag_id=902#ew_0_567733,0.09,90,4.49980967,,
10157,ua,g_904;em_12_88993;n_103155-n_103156;p_174;#=ew_69_178369;prefix=27513-;[0]=ew_0_568692,L1H05M,L1,129.042,128.952,https://labbcat.canterbury.ac.nz/maonze/transcript?ag_id=904#ew_0_568692,0.09,90,4.49980967,,
10174,ua,g_907;em_12_89149;n_15506-n_15507;p_173;#=ew_69_177350;prefix=26559-;[0]=ew_0_570146,L1H04M,L1,78.59,78.5,https://labbcat.canterbury.ac.nz/maonze/transcript?ag_id=907#ew_0_570146,0.09,90,4.49980967,,
10179,ua,g_907;em_12_89164;n_15514-n_103255;p_173;#=ew_69_177472;prefix=26620-;[0]=ew_0_570408,L1H04M,L1,186.047,185.957,https://labbcat.canterbury.ac.nz/maonze/transcript?ag_id=907#ew_0_570408,0.09,90,4.49980967,,
10223,ua,g_911;em_12_89319;n_103314-n_103315;p_173;#=ew_69_176823;prefix=26179-;[0]=ew_0_572503,L1H04M,L1,232.528,232.438,https://labbcat.canterbury.ac.nz/maonze/transcript?ag_id=911#ew_0_572503,0.09,90,4.49980967,,
10250,ua,g_915;em_12_89434;n_103363-n_103364;p_173;#=ew_69_176867;prefix=25835-;[0]=ew_0_574139,L1H04M,L1,220.284,220.194,https://labbcat.canterbury.ac.nz/maonze/transcript?ag_id=915#ew_0_574139,0.09,90,4.49980967,,
10262,ua,g_927;em_12_90338;n_104157-n_104158;p_179;#=ew_69_217273;prefix=64724-;[0]=ew_0_580487,R001M,PresentElder,151.534,151.444,https://labbcat.canterbury.ac.nz/maonze/transcript?ag_id=927#ew_0_580487,0.09,90,4.49980967,,
10267,ua,g_927;em_12_90346;n_104165-n_7029488;p_179;#=ew_69_217308;prefix=64757-;[0]=ew_0_580565,R001M,PresentElder,180.03,179.94,https://labbcat.canterbury.ac.nz/maonze/transcript?ag_id=927#ew_0_580565,0.09,90,4.49980967,,
10270,ua,g_927;em_12_90350;n_104169-n_104170;p_179;#=ew_69_217318;prefix=64765-;[0]=ew_0_580588,R001M,PresentElder,192.044,191.954,https://labbcat.canterbury.ac.nz/maonze/transcript?ag_id=927#ew_0_580588,0.09,90,4.49980967,,
10274,ua,g_928;em_12_90384;n_104202-n_104203;p_179;#=ew_69_217734;prefix=64817-;[0]=ew_0_580732,R001M,PresentElder,46.478,46.388,https://labbcat.canterbury.ac.nz/maonze/transcript?ag_id=928#ew_0_580732,0.09,90,4.49980967,,
10281,ua,g_928;em_12_90442;n_104260-n_104261;p_179;#=ew_69_217861;prefix=64931-;[0]=ew_0_581137,R001M,PresentElder,213.002,212.912,https://labbcat.canterbury.ac.nz/maonze/transcript?ag_id=928#ew_0_581137,0.09,90,4.49980967,,
10312,ua,g_936;em_12_90971;n_104759-n_104760;p_179;#=ew_69_218331;prefix=65726-;[0]=ew_0_584031,R001M,PresentElder,124.717,124.627,https://labbcat.canterbury.ac.nz/maonze/transcript?ag_id=936#ew_0_584031,0.09,90,4.49980967,,
10313,ua,g_936;em_12_90971;n_104759-n_104760;p_179;#=ew_69_218346;prefix=65734-;[0]=ew_0_584049,R001M,PresentElder,128.787,128.697,https://labbcat.canterbury.ac.nz/maonze/transcript?ag_id=936#ew_0_584049,0.09,90,4.49980967,,
10328,ua,g_938;em_12_91152;n_104926-n_104927;p_179;#=ew_69_218831;prefix=66103-;[0]=ew_0_585375,R001M,PresentElder,140.999,140.909,https://labbcat.canterbury.ac.nz/maonze/transcript?ag_id=938#ew_0_585375,0.09,90,4.49980967,,
10330,ua,g_938;em_12_91160;n_104934-n_104935;p_179;#=ew_69_218890;prefix=66132-;[0]=ew_0_585434,R001M,PresentElder,165.643,165.553,https://labbcat.canterbury.ac.nz/maonze/transcript?ag_id=938#ew_0_585434,0.09,90,4.49980967,,
10371,ua,g_942;em_12_91454;n_105156-n_105157;p_179;#=ew_69_219431;prefix=66775-;[0]=ew_0_587712,R001M,PresentElder,102.129,102.039,https://labbcat.canterbury.ac.nz/maonze/transcript?ag_id=942#ew_0_587712,0.09,90,4.49980967,,
10470,ua,g_959;em_12_92205;n_105795-n_105796;p_183;#=ew_69_222113;prefix=68912-;[0]=ew_0_596094,R003M,PresentElder,151.522,151.432,https://labbcat.canterbury.ac.nz/maonze/transcript?ag_id=959#ew_0_596094,0.09,90,4.49980967,,
10477,ua,g_960;em_12_92255;n_105841-n_105842;p_183;#=ew_69_222301;prefix=69073-;[0]=ew_0_596644,R003M,PresentElder,102.281,102.191,https://labbcat.canterbury.ac.nz/maonze/transcript?ag_id=960#ew_0_596644,0.09,90,4.49980967,,
10482,ua,g_961;em_12_92323;n_105897-n_16031;p_183;#=ew_69_221995;prefix=69293-;[0]=ew_0_597373,R003M,PresentElder,158.609,158.519,https://labbcat.canterbury.ac.nz/maonze/transcript?ag_id=961#ew_0_597373,0.09,90,4.49980967,,
10526,ua,g_97;em_12_162868;n_6281861-n_6282056;p_41;#=ew_69_163253;prefix=12723-;[0]=ew_0_1268382,K007M,PresentElder,175.641,175.551,https://labbcat.canterbury.ac.nz/maonze/transcript?ag_id=97#ew_0_1268382,0.09,90,4.49980967,,
10558,ua,g_973;em_12_93089;n_106432-n_106433;p_184;#=ew_69_223829;prefix=70888-;[0]=ew_0_603760,R004M,PresentElder,135.153,135.063,https://labbcat.canterbury.ac.nz/maonze/transcript?ag_id=973#ew_0_603760,0.09,90,4.49980967,,
10562,ua,g_974;em_12_93139;n_106469-n_106470;p_184;#=ew_69_224093;prefix=71003-;[0]=ew_0_604107,R004M,PresentElder,54.557,54.467,https://labbcat.canterbury.ac.nz/maonze/transcript?ag_id=974#ew_0_604107,0.09,90,4.49980967,,
10573,ua,g_975;em_12_93281;n_106561-n_106562;p_184;#=ew_69_224284;prefix=71313-;[0]=ew_0_605196,R004M,PresentElder,228.959,228.869,https://labbcat.canterbury.ac.nz/maonze/transcript?ag_id=975#ew_0_605196,0.09,90,4.49980967,,
10607,ua,g_982;em_12_93743;n_106849-n_106850;p_184;#=ew_69_225347;prefix=72203-;[0]=ew_0_608690,R004M,PresentElder,114.926,114.836,https://labbcat.canterbury.ac.nz/maonze/transcript?ag_id=982#ew_0_608690,0.09,90,4.49980967,,
10612,ua,g_983;em_12_93792;n_16511-n_106886;p_182;#=ew_69_225532;prefix=72445-;[0]=ew_0_609103,R005M,PresentElder,63.7,63.61,https://labbcat.canterbury.ac.nz/maonze/transcript?ag_id=983#ew_0_609103,0.09,90,4.49980967,,
10618,ua,g_984;em_12_93815;n_106906-n_106907;p_182;#=ew_69_225584;prefix=72491-;[0]=ew_0_609331,R005M,PresentElder,124.754,124.664,https://labbcat.canterbury.ac.nz/maonze/transcript?ag_id=984#ew_0_609331,0.09,90,4.49980967,,
10687,ua,g_991;em_12_94111;n_107158-n_107159;p_182;#=ew_69_226716;prefix=73620-;[0]=ew_0_612948,R005M,PresentElder,142.448,142.358,https://labbcat.canterbury.ac.nz/maonze/transcript?ag_id=991#ew_0_612948,0.09,90,4.49980967,,
8343,ua,g_1903;em_12_156509;n_5279530-n_5279555;p_333;#=ew_69_239854;prefix=85467-;[0]=ew_0_1187134,R012M,PresentElder,13.614,13.524,https://labbcat.canterbury.ac.nz/maonze/transcript?ag_id=1903#ew_0_1187134,0.09,90,4.49980967,,
6205,oa,g_610;em_12_64660;n_10389-n_84229;p_142;#=ew_69_181907;prefix=30951-;[0]=ew_0_388623,L1Y01M,L1,2.47,2.38,https://labbcat.canterbury.ac.nz/maonze/transcript?ag_id=610#ew_0_388623,0.09,90,4.49980967,,
6907,ua,g_1038;em_12_96792;n_17339-n_109044;p_193;#=ew_69_234961;prefix=81500-;[0]=ew_0_640350,R010M,PresentElder,1.81,1.72,https://labbcat.canterbury.ac.nz/maonze/transcript?ag_id=1038#ew_0_640350,0.09,90,4.49980967,,
7077,ua,g_1077;em_12_99834;n_18339-n_111027;p_208;#=ew_69_246327;prefix=91990-;[0]=ew_0_662827,WU07M,Historical,2.08,1.99,https://labbcat.canterbury.ac.nz/maonze/transcript?ag_id=1077#ew_0_662827,0.09,90,4.49980967,,
10160,ua,g_905;em_12_89014;n_15446-n_103176;p_173;#=ew_69_177050;prefix=26728-;[0]=ew_0_568983,L1H04M,L1,1.29,1.2,https://labbcat.canterbury.ac.nz/maonze/transcript?ag_id=905#ew_0_568983,0.09,90,4.49980967,,
29,ea,g_1011;em_12_95457;n_108332-n_108333;p_188;#=ew_69_229522;prefix=76524-;[0]=ew_0_625217,R007M,PresentElder,20.107,20.017,https://labbcat.canterbury.ac.nz/maonze/transcript?ag_id=1011#ew_0_625217,0.09,90,4.49980967,,
46,ea,g_1018;em_12_95923;n_17027-n_17028;p_188;#=ew_69_230396;prefix=77190-;[0]=ew_0_628478,R007M,PresentElder,14.552,14.462,https://labbcat.canterbury.ac.nz/maonze/transcript?ag_id=1018#ew_0_628478,0.09,90,4.49980967,,
137,ea,g_1039;em_12_96891;n_17368-n_109110;p_193;#=ew_69_235415;prefix=81723-;[0]=ew_0_641206,R010M,PresentElder,29.296,29.206,https://labbcat.canterbury.ac.nz/maonze/transcript?ag_id=1039#ew_0_641206,0.09,90,4.49980967,,
261,ea,g_1087;em_12_100435;n_111534-n_111535;p_208;#=ew_69_247636;prefix=93292-;[0]=ew_0_668139,WU07M,Historical,11.889,11.799,https://labbcat.canterbury.ac.nz/maonze/transcript?ag_id=1087#ew_0_668139,0.09,90,4.49980967,,
460,ea,g_130;em_12_8821;n_38302-n_38303;p_284;#=ew_69_209543;prefix=58007-;[0]=ew_0_85189,MU01M,Historical,20.975,20.885,https://labbcat.canterbury.ac.nz/maonze/transcript?ag_id=130#ew_0_85189,0.09,90,4.49980967,,
672,ea,g_1625;em_12_132284;n_134645-n_134646;p_299;#=ew_69_192411;prefix=41382-;[0]=ew_0_936836,L2H01M,L2,9.684,9.594,https://labbcat.canterbury.ac.nz/maonze/transcript?ag_id=1625#ew_0_936836,0.09,90,4.49980967,,
900,ea,g_1680;em_12_135533;n_137216-n_137217;p_307;#=ew_69_199514;prefix=47892-;[0]=ew_0_962020,L2H05M,L2,25.912,25.822,https://labbcat.canterbury.ac.nz/maonze/transcript?ag_id=1680#ew_0_962020,0.09,90,4.49980967,,
925,ea,g_17;em_12_1304;n_31930-n_31931;p_19;#=ew_69_151502;prefix=02377-;[0]=ew_0_11414,K002M,PresentElder,6.522,6.432,https://labbcat.canterbury.ac.nz/maonze/transcript?ag_id=17#ew_0_11414,0.09,90,4.49980967,,
960,ea,g_1842;em_12_149094;n_3848980-n_3848999;p_49;#=ew_69_204624;prefix=52591-;[0]=ew_0_1102040,L2Y03M,L2,19.434,19.344,https://labbcat.canterbury.ac.nz/maonze/transcript?ag_id=1842#ew_0_1102040,0.09,90,4.49980967,,
1234,ea,g_23;em_12_1889;n_32505-n_32506;p_19;#=ew_69_152983;prefix=04299-;[0]=ew_0_16135,K002M,PresentElder,19.457,19.367,https://labbcat.canterbury.ac.nz/maonze/transcript?ag_id=23#ew_0_16135,0.09,90,4.49980967,,
1235,ea,g_23;em_12_1891;n_32507-n_32508;p_19;#=ew_69_153002;prefix=04313-;[0]=ew_0_16158,K002M,PresentElder,28.18,28.09,https://labbcat.canterbury.ac.nz/maonze/transcript?ag_id=23#ew_0_16158,0.09,90,4.49980967,,
1423,ea,g_326;em_12_32937;n_57242-n_57243;p_89;#=ew_69_188545;prefix=38047-;[0]=ew_0_218599,L1Y04M,L1,26.685,26.595,https://labbcat.canterbury.ac.nz/maonze/transcript?ag_id=326#ew_0_218599,0.09,90,4.49980967,,
1633,ea,g_457;em_12_47147;n_7750-n_7751;p_112;#=ew_69_161524;prefix=11849-;[0]=ew_0_295359,K006M,PresentElder,6.16,6.07,https://labbcat.canterbury.ac.nz/maonze/transcript?ag_id=457#ew_0_295359,0.09,90,4.49980967,,
1979,ea,g_623;em_12_65221;n_84764-n_84765;p_142;#=ew_69_183483;prefix=32431-;[0]=ew_0_394938,L1Y01M,L1,14.02,13.93,https://labbcat.canterbury.ac.nz/maonze/transcript?ag_id=623#ew_0_394938,0.09,90,4.49980967,,
1989,ea,g_626;em_12_65333;n_84852-n_84853;p_142;#=ew_69_183646;prefix=32852-;[0]=ew_0_396310,L1Y01M,L1,9.565,9.475,https://labbcat.canterbury.ac.nz/maonze/transcript?ag_id=626#ew_0_396310,0.09,90,4.49980967,,
2029,ea,g_632;em_12_66074;n_85534-n_85535;p_143;#=ew_69_203131;prefix=51444-;[0]=ew_0_401401,L2Y02M,L2,20.447,20.357,https://labbcat.canterbury.ac.nz/maonze/transcript?ag_id=632#ew_0_401401,0.09,90,4.49980967,,
2036,ea,g_633;em_12_66209;n_85660-n_85661;p_143;#=ew_69_202700;prefix=51701-;[0]=ew_0_402407,L2Y02M,L2,4.773,4.683,https://labbcat.canterbury.ac.nz/maonze/transcript?ag_id=633#ew_0_402407,0.09,90,4.49980967,,
2547,ea,g_937;em_12_91020;n_104805-n_104806;p_179;#=ew_69_218484;prefix=65842-;[0]=ew_0_584414,R001M,PresentElder,21.326,21.236,https://labbcat.canterbury.ac.nz/maonze/transcript?ag_id=937#ew_0_584414,0.09,90,4.49980967,,
2914,ia,g_1025;em_12_96181;n_17159-n_108622;p_190;#=ew_69_232290;prefix=79238-;[0]=ew_0_631807,R009M,PresentElder,3.67,3.58,https://labbcat.canterbury.ac.nz/maonze/transcript?ag_id=1025#ew_0_631807,0.09,90,4.49980967,,
2934,ia,g_1028;em_12_96312;n_108701-n_108702;p_190;#=ew_69_233029;prefix=79693-;[0]=ew_0_1016422,R009M,PresentElder,9.981,9.891,https://labbcat.canterbury.ac.nz/maonze/transcript?ag_id=1028#ew_0_1016422,0.09,90,4.49980967,,
2961,ia,g_1031;em_12_96451;n_108793-n_108794;p_190;#=ew_69_233941;prefix=80192-;[0]=ew_0_635687,R009M,PresentElder,18.347,18.257,https://labbcat.canterbury.ac.nz/maonze/transcript?ag_id=1031#ew_0_635687,0.09,90,4.49980967,,
3171,ia,g_117;em_12_8471;n_38028-n_38029;p_43;#=ew_69_211470;prefix=58591-;[0]=ew_0_82120,MU02M,Historical,13.887,13.797,https://labbcat.canterbury.ac.nz/maonze/transcript?ag_id=117#ew_0_82120,0.09,90,4.49980967,,
3431,ia,g_1623;em_12_132138;n_134548-n_134549;p_299;#=ew_69_192439;prefix=41156-;[0]=ew_0_935819,L2H01M,L2,3.235,3.145,https://labbcat.canterbury.ac.nz/maonze/transcript?ag_id=1623#ew_0_935819,0.09,90,4.49980967,,
3771,ia,g_1942;em_12_165550;n_6841579-n_6841604;p_41;#=ew_69_164769;prefix=14871-;[0]=ew_0_1294786,K007M,PresentElder,3.86,3.77,https://labbcat.canterbury.ac.nz/maonze/transcript?ag_id=1942#ew_0_1294786,0.09,90,4.49980967,,
3914,ia,g_330;em_12_33197;n_57462-n_57463;p_85;#=ew_69_185255;prefix=34386-;[0]=ew_0_1243403,L1Y02M,L1,13.406,13.316,https://labbcat.canterbury.ac.nz/maonze/transcript?ag_id=330#ew_0_1243403,0.09,90,4.49980967,,
4188,ia,g_490;em_12_50364;n_72021-n_72022;p_122;#=ew_69_170222;prefix=19566-;[0]=ew_0_314811,K010M,PresentElder,6.689,6.599,https://labbcat.canterbury.ac.nz/maonze/transcript?ag_id=490#ew_0_314811,0.09,90,4.49980967,,
4221,ia,g_5;em_12_144;n_30813-n_30814;p_28;#=ew_69_150846;prefix=01720-;[0]=ew_0_1987,K001M,PresentElder,18.728,18.638,https://labbcat.canterbury.ac.nz/maonze/transcript?ag_id=5#ew_0_1987,0.09,90,4.49980967,,
4335,ia,g_616;em_12_64943;n_84505-n_84506;p_142;#=ew_69_182365;prefix=31692-;[0]=ew_0_391604,L1Y01M,L1,7.899,7.809,https://labbcat.canterbury.ac.nz/maonze/transcript?ag_id=616#ew_0_391604,0.09,90,4.49980967,,
4497,ia,g_849;em_12_85431;n_100447-n_100448;p_167;#=ew_69_171364;prefix=20748-;[0]=ew_0_1217665,L1H01M,L1,14.731,14.641,https://labbcat.canterbury.ac.nz/maonze/transcript?ag_id=849#ew_0_1217665,0.09,90,4.49980967,,
4811,ia,g_965;em_12_92580;n_16142-n_106043;p_183;#=ew_69_222735;prefix=69822-;[0]=ew_0_599531,R003M,PresentElder,26.134,26.044,https://labbcat.canterbury.ac.nz/maonze/transcript?ag_id=965#ew_0_599531,0.09,90,4.49980967,,
4936,oa,g_101;em_12_7030;n_36874-n_36875;p_41;#=ew_69_162862;prefix=13501-;[0]=ew_0_69160,K007M,PresentElder,12.14,12.05,https://labbcat.canterbury.ac.nz/maonze/transcript?ag_id=101#ew_0_69160,0.09,90,4.49980967,,
5454,oa,g_1654;em_12_134191;n_136195-n_136196;p_300;#=ew_69_194534;prefix=43184-;[0]=ew_0_949382,L2H02M,L2,30.032,29.942,https://labbcat.canterbury.ac.nz/maonze/transcript?ag_id=1654#ew_0_949382,0.09,90,4.49980967,,
5668,oa,g_1898;em_12_156054;n_5274723-n_5274740;p_333;#=ew_69_238163;prefix=84920-;[0]=ew_0_1183278,R012M,PresentElder,22.772,22.682,https://labbcat.canterbury.ac.nz/maonze/transcript?ag_id=1898#ew_0_1183278,0.09,90,4.49980967,,
5947,oa,g_368;em_12_150112;n_7019065-n_4458709;p_92;#=ew_69_212573;prefix=60393-;[0]=ew_0_1116520,MU04M,Historical,13.033,12.943,https://labbcat.canterbury.ac.nz/maonze/transcript?ag_id=368#ew_0_1116520,0.09,90,4.49980967,,
5987,oa,g_375;em_12_36869;n_60676-n_60677;p_92;#=ew_69_213239;prefix=61490-;[0]=ew_0_242555,MU04M,Historical,18.71,18.62,https://labbcat.canterbury.ac.nz/maonze/transcript?ag_id=375#ew_0_242555,0.09,90,4.49980967,,
6142,oa,g_52;em_12_3725;n_34058-n_34059;p_32;#=ew_69_157757;prefix=08001-;[0]=ew_0_34127,K004M,PresentElder,20.284,20.194,https://labbcat.canterbury.ac.nz/maonze/transcript?ag_id=52#ew_0_34127,0.09,90,4.49980967,,
6207,oa,g_610;em_12_64667;n_84235-n_84236;p_142;#=ew_69_181936;prefix=30969-;[0]=ew_0_388687,L1Y01M,L1,25.805,25.715,https://labbcat.canterbury.ac.nz/maonze/transcript?ag_id=610#ew_0_388687,0.09,90,4.49980967,,
6358,oa,g_85;em_12_5729;n_35779-n_35780;p_37;#=ew_69_161197;prefix=11174-;[0]=ew_0_57971,K005M,PresentElder,6.199,6.109,https://labbcat.canterbury.ac.nz/maonze/transcript?ag_id=85#ew_0_57971,0.09,90,4.49980967,,
6542,oa,g_937;em_12_91020;n_104805-n_104806;p_179;#=ew_69_218475;prefix=65839-;[0]=ew_0_584410,R001M,PresentElder,20.126,20.036,https://labbcat.canterbury.ac.nz/maonze/transcript?ag_id=937#ew_0_584410,0.09,90,4.49980967,,
6816,ua,g_1027;em_12_96262;n_108676-n_108677;p_190;#=ew_69_232716;prefix=79521-;[0]=ew_0_633077,R009M,PresentElder,12.54,12.45,https://labbcat.canterbury.ac.nz/maonze/transcript?ag_id=1027#ew_0_633077,0.09,90,4.49980967,,
6823,ua,g_1028;em_12_96314;n_108703-n_108704;p_190;#=ew_69_233052;prefix=79700-;[0]=ew_0_1016440,R009M,PresentElder,16.112,16.022,https://labbcat.canterbury.ac.nz/maonze/transcript?ag_id=1028#ew_0_1016440,0.09,90,4.49980967,,
6887,ua,g_1036;em_12_96657;n_108951-n_108952;p_193;#=ew_69_234850;prefix=81099-;[0]=ew_0_638886,R010M,PresentElder,17.142,17.052,https://labbcat.canterbury.ac.nz/maonze/transcript?ag_id=1036#ew_0_638886,0.09,90,4.49980967,,
6916,ua,g_1039;em_12_96886;n_109106-n_109107;p_193;#=ew_69_235343;prefix=81704-;[0]=ew_0_641159,R010M,PresentElder,7.462,7.372,https://labbcat.canterbury.ac.nz/maonze/transcript?ag_id=1039#ew_0_641159,0.09,90,4.49980967,,
6964,ua,g_1045;em_12_97422;n_109354-n_109355;p_193;#=ew_69_236323;prefix=82541-;[0]=ew_0_645670,R010M,PresentElder,9.433,9.343,https://labbcat.canterbury.ac.nz/maonze/transcript?ag_id=1045#ew_0_645670,0.09,90,4.49980967,,
7000,ua,g_1051;em_12_97716;n_109544-n_109545;p_203;#=ew_69_241677;prefix=87748-;[0]=ew_0_648833,WU02M,Historical,30.876,30.786,https://labbcat.canterbury.ac.nz/maonze/transcript?ag_id=1051#ew_0_648833,0.09,90,4.49980967,,
7055,ua,g_1074;em_12_99680;n_110889-n_110890;p_208;#=ew_69_245322;prefix=91646-;[0]=ew_0_661289,WU07M,Historical,26.781,26.691,https://labbcat.canterbury.ac.nz/maonze/transcript?ag_id=1074#ew_0_661289,0.09,90,4.49980967,,
7131,ua,g_1083;em_12_100185;n_111315-n_111316;p_208;#=ew_69_246833;prefix=92759-;[0]=ew_0_665906,WU07M,Historical,17.024,16.934,https://labbcat.canterbury.ac.nz/maonze/transcript?ag_id=1083#ew_0_665906,0.09,90,4.49980967,,
7154,ua,g_1086;em_12_100373;n_111474-n_111475;p_208;#=ew_69_247347;prefix=93158-;[0]=ew_0_667593,WU07M,Historical,14.082,13.992,https://labbcat.canterbury.ac.nz/maonze/transcript?ag_id=1086#ew_0_667593,0.09,90,4.49980967,,
7170,ua,g_1088;em_12_100499;n_111589-n_111590;p_208;#=ew_69_247528;prefix=93460-;[0]=ew_0_668804,WU07M,Historical,18.945,18.855,https://labbcat.canterbury.ac.nz/maonze/transcript?ag_id=1088#ew_0_668804,0.09,90,4.49980967,,
7172,ua,g_1089;em_12_100535;n_18456-n_111609;p_208;#=ew_69_247647;prefix=93518-;[0]=ew_0_669104,WU07M,Historical,2.25,2.16,https://labbcat.canterbury.ac.nz/maonze/transcript?ag_id=1089#ew_0_669104,0.09,90,4.49980967,,
7251,ua,g_117;em_12_8472;n_38029-n_38030;p_43;#=ew_69_211471;prefix=58592-;[0]=ew_0_82124,MU02M,Historical,16.207,16.117,https://labbcat.canterbury.ac.nz/maonze/transcript?ag_id=117#ew_0_82124,0.09,90,4.49980967,,
7377,ua,g_1240;em_12_111464;n_21692-n_119216;p_249;#=ew_69_181093;prefix=30346-;[0]=ew_0_745134,L1H06M,L1,10.974,10.884,https://labbcat.canterbury.ac.nz/maonze/transcript?ag_id=1240#ew_0_745134,0.09,90,4.49980967,,
7423,ua,g_133;em_12_8973;n_1104-n_38452;p_284;#=ew_69_209325;prefix=57041-;[0]=ew_0_86743,MU01M,Historical,4.53,4.44,https://labbcat.canterbury.ac.nz/maonze/transcript?ag_id=133#ew_0_86743,0.09,90,4.49980967,,
7588,ua,g_1515;em_12_125669;n_129781-n_129782;p_276;#=ew_69_242070;prefix=88098-;[0]=ew_0_882354,WU03M,Historical,31.764,31.674,https://labbcat.canterbury.ac.nz/maonze/transcript?ag_id=1515#ew_0_882354,0.09,90,4.49980967,,
7899,ua,g_1649;em_12_133731;n_135864-n_135865;p_300;#=ew_69_193434;prefix=42473-;[0]=ew_0_946708,L2H02M,L2,10.745,10.655,https://labbcat.canterbury.ac.nz/maonze/transcript?ag_id=1649#ew_0_946708,0.09,90,4.49980967,,
8599,ua,g_307;em_12_29915;n_5999657-n_54727;p_81;#=ew_69_186322;prefix=35435-;[0]=ew_0_1239517,L1Y03M,L1,12.818,12.728,https://labbcat.canterbury.ac.nz/maonze/transcript?ag_id=307#ew_0_1239517,0.09,90,4.49980967,,
8653,ua,g_320;em_12_148637;n_3841646-n_3841669;p_89;#=ew_69_188198;prefix=37226-;[0]=ew_0_1095463,L1Y04M,L1,19.831,19.741,https://labbcat.canterbury.ac.nz/maonze/transcript?ag_id=320#ew_0_1095463,0.09,90,4.49980967,,
8660,ua,g_321;em_12_31537;n_5681-n_56121;p_89;#=ew_69_188062;prefix=37251-;[0]=ew_0_214904,L1Y04M,L1,29.929,29.839,https://labbcat.canterbury.ac.nz/maonze/transcript?ag_id=321#ew_0_214904,0.09,90,4.49980967,,
8768,ua,g_341;em_12_33476;n_6020-n_57692;p_85;#=ew_69_184307;prefix=33700-;[0]=ew_0_1241854,L1Y02M,L1,7.37,7.28,https://labbcat.canterbury.ac.nz/maonze/transcript?ag_id=341#ew_0_1241854,0.09,90,4.49980967,,
8814,ua,g_350;em_12_33791;n_57916-n_57917;p_87;#=ew_69_210854;prefix=59635-;[0]=ew_0_227539,MU03M,Historical,17.954,17.864,https://labbcat.canterbury.ac.nz/maonze/transcript?ag_id=350#ew_0_227539,0.09,90,4.49980967,,
8862,ua,g_370;em_12_35971;n_59796-n_59797;p_92;#=ew_69_213846;prefix=60816-;[0]=ew_0_238797,MU04M,Historical,19.505,19.415,https://labbcat.canterbury.ac.nz/maonze/transcript?ag_id=370#ew_0_238797,0.09,90,4.49980967,,
8863,ua,g_370;em_12_35975;n_59800-n_59801;p_92;#=ew_69_213856;prefix=60825-;[0]=ew_0_238820,MU04M,Historical,29.269,29.179,https://labbcat.canterbury.ac.nz/maonze/transcript?ag_id=370#ew_0_238820,0.09,90,4.49980967,,
9094,ua,g_479;em_12_49235;n_71147-n_71148;p_121;#=ew_69_167927;prefix=17914-;[0]=ew_0_307916,K009M,PresentElder,16.511,16.421,https://labbcat.canterbury.ac.nz/maonze/transcript?ag_id=479#ew_0_307916,0.09,90,4.49980967,,
9095,ua,g_479;em_12_49237;n_71149-n_71150;p_121;#=ew_69_167933;prefix=17920-;[0]=ew_0_307945,K009M,PresentElder,27.033,26.943,https://labbcat.canterbury.ac.nz/maonze/transcript?ag_id=479#ew_0_307945,0.09,90,4.49980967,,
9260,ua,g_57;em_12_3998;n_34324-n_34325;p_32;#=ew_69_158698;prefix=09168-;[0]=ew_0_38583,K004M,PresentElder,15.282,15.192,https://labbcat.canterbury.ac.nz/maonze/transcript?ag_id=57#ew_0_38583,0.09,90,4.49980967,,
9529,ua,g_632;em_12_66075;n_85535-n_85536;p_143;#=ew_69_203146;prefix=51451-;[0]=ew_0_1250122,L2Y02M,L2,24.945,24.855,https://labbcat.canterbury.ac.nz/maonze/transcript?ag_id=632#ew_0_1250122,0.09,90,4.49980967,,
9640,ua,g_650;em_12_67589;n_86752-n_86753;p_146;#=ew_69_206095;prefix=53785-;[0]=ew_0_413549,L2Y04M,L2,12.388,12.298,https://labbcat.canterbury.ac.nz/maonze/transcript?ag_id=650#ew_0_413549,0.09,90,4.49980967,,
9772,ua,g_8;em_12_455;n_31109-n_31110;p_28;#=ew_69_149596;prefix=01044-;[0]=ew_0_4325,K001M,PresentElder,28.252,28.162,https://labbcat.canterbury.ac.nz/maonze/transcript?ag_id=8#ew_0_4325,0.09,90,4.49980967,,
9781,ua,g_80;em_12_5507;n_35586-n_35587;p_37;#=ew_69_160008;prefix=10477-;[0]=ew_0_1264330,K005M,PresentElder,10.693,10.603,https://labbcat.canterbury.ac.nz/maonze/transcript?ag_id=80#ew_0_1264330,0.09,90,4.49980967,,
9841,ua,g_850;em_12_85491;n_100506-n_100507;p_167;#=ew_69_171176;prefix=20904-;[0]=ew_0_541274,L1H01M,L1,11.698,11.608,https://labbcat.canterbury.ac.nz/maonze/transcript?ag_id=850#ew_0_541274,0.09,90,4.49980967,,
9960,ua,g_870;em_12_86986;n_101706-n_101707;p_168;#=ew_69_174315;prefix=24068-;[0]=ew_0_553048,L1H02M,L1,10.093,10.003,https://labbcat.canterbury.ac.nz/maonze/transcript?ag_id=870#ew_0_553048,0.09,90,4.49980967,,
10110,ua,g_898;em_12_88643;n_102878-n_102879;p_174;#=ew_69_178531;prefix=27606-;[0]=ew_0_565574,L1H05M,L1,20.055,19.965,https://labbcat.canterbury.ac.nz/maonze/transcript?ag_id=898#ew_0_565574,0.09,90,4.49980967,,
10137,ua,g_901;em_12_88819;n_103031-n_103032;p_173;#=ew_69_177091;prefix=26843-;[0]=ew_0_567001,L1H04M,L1,24.377,24.287,https://labbcat.canterbury.ac.nz/maonze/transcript?ag_id=901#ew_0_567001,0.09,90,4.49980967,,
10450,ua,g_956;em_12_92038;n_105653-n_105654;p_181;#=ew_69_220946;prefix=68405-;[0]=ew_0_594742,R002M,PresentElder,27.306,27.216,https://labbcat.canterbury.ac.nz/maonze/transcript?ag_id=956#ew_0_594742,0.09,90,4.49980967,,
67,ea,g_1022;em_12_96062;n_108535-n_108536;p_190;#=ew_69_232208;prefix=78796-;[0]=ew_0_630006,R009M,PresentElder,58.208,58.118,https://labbcat.canterbury.ac.nz/maonze/transcript?ag_id=1022#ew_0_630006,0.09,90,4.49980967,,
92,ea,g_103;em_12_162937;n_6285841-n_6285845;p_41;#=ew_69_164322;prefix=14102-;[0]=ew_0_1274569,K007M,PresentElder,39.211,39.121,https://labbcat.canterbury.ac.nz/maonze/transcript?ag_id=103#ew_0_1274569,0.09,90,4.49980967,,
123,ea,g_1036;em_12_96661;n_108955-n_108956;p_193;#=ew_69_234877;prefix=81119-;[0]=ew_0_638938,R010M,PresentElder,36.852,36.762,https://labbcat.canterbury.ac.nz/maonze/transcript?ag_id=1036#ew_0_638938,0.09,90,4.49980967,,
146,ea,g_104;em_12_7199;n_37040-n_37041;p_41;#=ew_69_164295;prefix=14201-;[0]=ew_0_71705,K007M,PresentElder,63.345,63.255,https://labbcat.canterbury.ac.nz/maonze/transcript?ag_id=104#ew_0_71705,0.09,90,4.49980967,,
1267,ea,g_25;em_12_2100;n_32714-n_32715;p_19;#=ew_69_153964;prefix=04850-;[0]=ew_0_1266539,K002M,PresentElder,48.415,48.325,https://labbcat.canterbury.ac.nz/maonze/transcript?ag_id=25#ew_0_1266539,0.09,90,4.49980967,,
1474,ea,g_339;em_12_33427;n_57647-n_57648;p_85;#=ew_69_183997;prefix=33214-;[0]=ew_0_223282,L1Y02M,L1,41.354,41.264,https://labbcat.canterbury.ac.nz/maonze/transcript?ag_id=339#ew_0_223282,0.09,90,4.49980967,,
1489,ea,g_343;em_12_33544;n_6033-n_57746;p_85;#=ew_69_185245;prefix=34517-;[0]=ew_0_224873,L1Y02M,L1,33.315,33.225,https://labbcat.canterbury.ac.nz/maonze/transcript?ag_id=343#ew_0_224873,0.09,90,4.49980967,,
1672,ea,g_469;em_12_48465;n_70460-n_70461;p_120;#=ew_69_166335;prefix=16383-;[0]=ew_0_302458,K008M,PresentElder,52.9,52.81,https://labbcat.canterbury.ac.nz/maonze/transcript?ag_id=469#ew_0_302458,0.09,90,4.49980967,,
1816,ea,g_53;em_12_3782;n_34114-n_34115;p_32;#=ew_69_157692;prefix=08293-;[0]=ew_0_35219,K004M,PresentElder,46.699,46.609,https://labbcat.canterbury.ac.nz/maonze/transcript?ag_id=53#ew_0_35219,0.09,90,4.49980967,,
1844,ea,g_56;em_12_3954;n_34281-n_34282;p_32;#=ew_69_158397;prefix=08996-;[0]=ew_0_37824,K004M,PresentElder,42.471,42.381,https://labbcat.canterbury.ac.nz/maonze/transcript?ag_id=56#ew_0_37824,0.09,90,4.49980967,,
1959,ea,g_619;em_12_65071;n_6054886-n_84629;p_142;#=ew_69_182600;prefix=32074-;[0]=ew_0_393142,L1Y01M,L1,43.062,42.972,https://labbcat.canterbury.ac.nz/maonze/transcript?ag_id=619#ew_0_393142,0.09,90,4.49980967,,
2013,ea,g_630;em_12_65802;n_85280-n_85281;p_143;#=ew_69_203543;prefix=50906-;[0]=ew_0_399384,L2Y02M,L2,51.69,51.6,https://labbcat.canterbury.ac.nz/maonze/transcript?ag_id=630#ew_0_399384,0.09,90,4.49980967,,
2596,ea,g_948;em_12_91675;n_105348-n_105349;p_181;#=ew_69_219886;prefix=67390-;[0]=ew_0_589880,R002M,PresentElder,43.302,43.212,https://labbcat.canterbury.ac.nz/maonze/transcript?ag_id=948#ew_0_589880,0.09,90,4.49980967,,
2870,ia,g_101;em_12_7036;n_36880-n_36881;p_41;#=ew_69_162893;prefix=13530-;[0]=ew_0_69238,K007M,PresentElder,38.058,37.968,https://labbcat.canterbury.ac.nz/maonze/transcript?ag_id=101#ew_0_69238,0.09,90,4.49980967,,
2911,ia,g_1024;em_12_96139;n_108590-n_108591;p_190;#=ew_69_232997;prefix=79062-;[0]=ew_0_631139,R009M,PresentElder,42.415,42.325,https://labbcat.canterbury.ac.nz/maonze/transcript?ag_id=1024#ew_0_631139,0.09,90,4.49980967,,
2912,ia,g_1024;em_12_96140;n_108591-n_108592;p_190;#=ew_69_233004;prefix=79068-;[0]=ew_0_631156,R009M,PresentElder,47.162,47.072,https://labbcat.canterbury.ac.nz/maonze/transcript?ag_id=1024#ew_0_631156,0.09,90,4.49980967,,
3041,ia,g_107;em_12_7323;n_37156-n_37157;p_41;#=ew_69_164116;prefix=14647-;[0]=ew_0_73483,K007M,PresentElder,42.41,42.32,https://labbcat.canterbury.ac.nz/maonze/transcript?ag_id=107#ew_0_73483,0.09,90,4.49980967,,
3095,ia,g_1084;em_12_100270;n_111379-n_111380;p_208;#=ew_69_246448;prefix=92931-;[0]=ew_0_666634,WU07M,Historical,32.72,32.63,https://labbcat.canterbury.ac.nz/maonze/transcript?ag_id=1084#ew_0_666634,0.09,90,4.49980967,,
3198,ia,g_1200;em_12_108617;n_117421-n_117422;p_244;#=ew_69_242873;prefix=89036-;[0]=ew_0_724175,WU04M,Historical,37.427,37.337,https://labbcat.canterbury.ac.nz/maonze/transcript?ag_id=1200#ew_0_724175,0.09,90,4.49980967,,
3619,ia,g_1853;em_12_150396;n_4568828-n_4568845;p_148;#=ew_69_207909;prefix=55842-;[0]=ew_0_1124461,L2Y05M,L2,33.043,32.953,https://labbcat.canterbury.ac.nz/maonze/transcript?ag_id=1853#ew_0_1124461,0.09,90,4.49980967,,
3659,ia,g_1888;em_12_155438;n_5263418-n_5263438;p_334;#=ew_69_237705;prefix=83742-;[0]=ew_0_1174406,R011M,PresentElder,47.312,47.222,https://labbcat.canterbury.ac.nz/maonze/transcript?ag_id=1888#ew_0_1174406,0.09,90,4.49980967,,
3753,ia,g_1921;em_12_162526;n_6278410-n_6278417;p_337;#=ew_69_216614;prefix=64178-;[0]=ew_0_1267478,MU11M,Historical,37.183,37.093,https://labbcat.canterbury.ac.nz/maonze/transcript?ag_id=1921#ew_0_1267478,0.09,90,4.49980967,,
3811,ia,g_21;em_12_1707;n_32325-n_32326;p_19;#=ew_69_153037;prefix=03855-;[0]=ew_0_14682,K002M,PresentElder,32.431,32.341,https://labbcat.canterbury.ac.nz/maonze/transcript?ag_id=21#ew_0_14682,0.09,90,4.49980967,,
4805,ia,g_962;em_12_92357;n_105915-n_16047;p_183;#=ew_69_222309;prefix=69361-;[0]=ew_0_597649,R003M,PresentElder,39.357,39.267,https://labbcat.canterbury.ac.nz/maonze/transcript?ag_id=962#ew_0_597649,0.09,90,4.49980967,,
4875,ia,g_985;em_12_93838;n_106928-n_16515;p_182;#=ew_69_226027;prefix=72590-;[0]=ew_0_609636,R005M,PresentElder,47.434,47.344,https://labbcat.canterbury.ac.nz/maonze/transcript?ag_id=985#ew_0_609636,0.09,90,4.49980967,,
4905,ia,g_99;em_12_162773;n_6281850-n_6281855;p_41;#=ew_69_163340;prefix=13228-;[0]=ew_0_1269997,K007M,PresentElder,63.434,63.344,https://labbcat.canterbury.ac.nz/maonze/transcript?ag_id=99#ew_0_1269997,0.09,90,4.49980967,,
5030,oa,g_1036;em_12_96661;n_108955-n_108956;p_193;#=ew_69_234876;prefix=81118-;[0]=ew_0_638934,R010M,PresentElder,36.062,35.972,https://labbcat.canterbury.ac.nz/maonze/transcript?ag_id=1036#ew_0_638934,0.09,90,4.49980967,,
5155,oa,g_115;em_12_8226;n_37784-n_37786;p_43;#=ew_69_211169;prefix=59358-;[0]=ew_0_79741,MU02M,Historical,44.41,44.32,https://labbcat.canterbury.ac.nz/maonze/transcript?ag_id=115#ew_0_79741,0.09,90,4.49980967,,
6307,oa,g_654;em_12_68571;n_87620-n_87621;p_146;#=ew_69_205782;prefix=54234-;[0]=ew_0_415793,L2Y04M,L2,48.034,47.944,https://labbcat.canterbury.ac.nz/maonze/transcript?ag_id=654#ew_0_415793,0.09,90,4.49980967,,
6696,ua,g_1007;em_12_95253;n_108213-n_108214;p_284;#=ew_69_210472;prefix=58144-;[0]=ew_0_623561,MU01M,Historical,55.91,55.82,https://labbcat.canterbury.ac.nz/maonze/transcript?ag_id=1007#ew_0_623561,0.09,90,4.49980967,,
6716,ua,g_101;em_12_7035;n_36879-n_36880;p_41;#=ew_69_162887;prefix=13525-;[0]=ew_0_1273212,K007M,PresentElder,32.784,32.694,https://labbcat.canterbury.ac.nz/maonze/transcript?ag_id=101#ew_0_1273212,0.09,90,4.49980967,,
6825,ua,g_1029;em_12_96372;n_108735-n_17230;p_190;#=ew_69_233481;prefix=79881-;[0]=ew_0_634504,R009M,PresentElder,40.769,40.679,https://labbcat.canterbury.ac.nz/maonze/transcript?ag_id=1029#ew_0_634504,0.09,90,4.49980967,,
7106,ua,g_1081;em_12_100070;n_18380-n_111221;p_208;#=ew_69_246913;prefix=92438-;[0]=ew_0_664736,WU07M,Historical,63.458,63.368,https://labbcat.canterbury.ac.nz/maonze/transcript?ag_id=1081#ew_0_664736,0.09,90,4.49980967,,
7174,ua,g_1089;em_12_100545;n_111618-n_111619;p_208;#=ew_69_247704;prefix=93544-;[0]=ew_0_669217,WU07M,Historical,42.928,42.838,https://labbcat.canterbury.ac.nz/maonze/transcript?ag_id=1089#ew_0_669217,0.09,90,4.49980967,,
7462,ua,g_1372;em_12_118251;n_123798-n_123799;p_287;#=ew_69_227679;prefix=74672-;[0]=ew_0_814075,R006M,PresentElder,48.11,48.02,https://labbcat.canterbury.ac.nz/maonze/transcript?ag_id=1372#ew_0_814075,0.09,90,4.49980967,,
7463,ua,g_1372;em_12_118252;n_123799-n_123800;p_287;#=ew_69_227689;prefix=74677-;[0]=ew_0_814084,R006M,PresentElder,51.744,51.654,https://labbcat.canterbury.ac.nz/maonze/transcript?ag_id=1372#ew_0_814084,0.09,90,4.49980967,,
7464,ua,g_1372;em_12_118252;n_123799-n_123800;p_287;#=ew_69_227699;prefix=74681-;[0]=ew_0_814089,R006M,PresentElder,53.684,53.594,https://labbcat.canterbury.ac.nz/maonze/transcript?ag_id=1372#ew_0_814089,0.09,90,4.49980967,,
8434,ua,g_1913;em_12_157173;n_5289543-n_5289565;p_333;#=ew_69_240217;prefix=87337-;[0]=ew_0_1195640,R012M,PresentElder,45.919,45.829,https://labbcat.canterbury.ac.nz/maonze/transcript?ag_id=1913#ew_0_1195640,0.09,90,4.49980967,,
8502,ua,g_1946;em_12_165993;n_6849348-n_6849360;p_121;#=ew_69_167449;prefix=17144-;[0]=ew_0_1298585,K009M,PresentElder,61.916,61.826,https://labbcat.canterbury.ac.nz/maonze/transcript?ag_id=1946#ew_0_1298585,0.09,90,4.49980967,,
8691,ua,g_324;em_12_32452;n_56876-n_3841434;p_89;#=ew_69_188411;prefix=37791-;[0]=ew_0_1095584,L1Y04M,L1,63.043,62.953,https://labbcat.canterbury.ac.nz/maonze/transcript?ag_id=324#ew_0_1095584,0.09,90,4.49980967,,
9135,ua,g_487;em_12_49852;n_71661-n_71662;p_122;#=ew_69_169349;prefix=19260-;[0]=ew_0_312986,K010M,PresentElder,54.519,54.429,https://labbcat.canterbury.ac.nz/maonze/transcript?ag_id=487#ew_0_312986,0.09,90,4.49980967,,
9137,ua,g_487;em_12_49860;n_71669-n_71670;p_122;#=ew_69_169361;prefix=19264-;[0]=ew_0_312994,K010M,PresentElder,63.507,63.417,https://labbcat.canterbury.ac.nz/maonze/transcript?ag_id=487#ew_0_312994,0.09,90,4.49980967,,
9261,ua,g_57;em_12_4005;n_34331-n_34332;p_32;#=ew_69_158723;prefix=09185-;[0]=ew_0_38648,K004M,PresentElder,35.089,34.999,https://labbcat.canterbury.ac.nz/maonze/transcript?ag_id=57#ew_0_38648,0.09,90,4.49980967,,
9346,ua,g_607;em_12_64527;n_84105-n_84106;p_140;#=ew_69_191079;prefix=40118-;[0]=ew_0_1249836,L1Y05M,L1,63.927,63.837,https://labbcat.canterbury.ac.nz/maonze/transcript?ag_id=607#ew_0_1249836,0.09,90,4.49980967,,
9489,ua,g_627;em_12_65377;n_84892-n_84893;p_142;#=ew_69_183755;prefix=33003-;[0]=ew_0_396898,L1Y01M,L1,39.611,39.521,https://labbcat.canterbury.ac.nz/maonze/transcript?ag_id=627#ew_0_396898,0.09,90,4.49980967,,
10097,ua,g_897;em_12_88597;n_102833-n_102834;p_174;#=ew_69_178477;prefix=27775-;[0]=ew_0_564998,L1H05M,L1,43.098,43.008,https://labbcat.canterbury.ac.nz/maonze/transcript?ag_id=897#ew_0_564998,0.09,90,4.49980967,,
10485,ua,g_962;em_12_92366;n_16052-n_16053;p_183;#=ew_69_222336;prefix=69377-;[0]=ew_0_597713,R003M,PresentElder,63.708,63.618,https://labbcat.canterbury.ac.nz/maonze/transcript?ag_id=962#ew_0_597713,0.09,90,4.49980967,,
10501,ua,g_964;em_12_92515;n_106009-n_106010;p_183;#=ew_69_222962;prefix=69693-;[0]=ew_0_598963,R003M,PresentElder,35.992,35.902,https://labbcat.canterbury.ac.nz/maonze/transcript?ag_id=964#ew_0_598963,0.09,90,4.49980967,,
10663,ua,g_99;em_12_162776;n_6281839-n_6281846;p_41;#=ew_69_163332;prefix=13224-;[0]=ew_0_1268450,K007M,PresentElder,54.562,54.472,https://labbcat.canterbury.ac.nz/maonze/transcript?ag_id=99#ew_0_1268450,0.09,90,4.49980967,,
114,ea,g_1034;em_12_96591;n_108900-n_17284;p_190;#=ew_69_234115;prefix=80695-;[0]=ew_0_637700,R009M,PresentElder,88.511,88.421,https://labbcat.canterbury.ac.nz/maonze/transcript?ag_id=1034#ew_0_637700,0.09,90,4.49980967,,
195,ea,g_106;em_12_7295;n_37133-n_37130;p_41;#=ew_69_164001;prefix=14510-;[0]=ew_0_1271932,K007M,PresentElder,117.478,117.388,https://labbcat.canterbury.ac.nz/maonze/transcript?ag_id=106#ew_0_1271932,0.09,90,4.49980967,,
1173,ea,g_1943;em_12_165671;n_6845927-n_6845941;p_19;#=ew_69_151873;prefix=02602-;[0]=ew_0_1295749,K002M,PresentElder,85.871,85.781,https://labbcat.canterbury.ac.nz/maonze/transcript?ag_id=1943#ew_0_1295749,0.09,90,4.49980967,,
1428,ea,g_327;em_12_161065;n_57399-n_6033156;p_85;#=ew_69_185511;prefix=34714-;[0]=ew_0_1243095,L1Y02M,L1,93.88,93.79,https://labbcat.canterbury.ac.nz/maonze/transcript?ag_id=327#ew_0_1243095,0.09,90,4.49980967,,
1757,ea,g_494;em_12_50997;n_8566-n_72484;p_122;#=ew_69_169798;prefix=20143-;[0]=ew_0_317569,K010M,PresentElder,70.198,70.108,https://labbcat.canterbury.ac.nz/maonze/transcript?ag_id=494#ew_0_317569,0.09,90,4.49980967,,
2241,ea,g_851;em_12_85572;n_100584-n_100585;p_167;#=ew_69_171070;prefix=21080-;[0]=ew_0_541951,L1H01M,L1,64.335,64.245,https://labbcat.canterbury.ac.nz/maonze/transcript?ag_id=851#ew_0_541951,0.09,90,4.49980967,,
2507,ea,g_911;em_12_89307;n_103304-n_15608;p_173;#=ew_69_176642;prefix=26102-;[0]=ew_0_572256,L1H04M,L1,112.222,112.132,https://labbcat.canterbury.ac.nz/maonze/transcript?ag_id=911#ew_0_572256,0.09,90,4.49980967,,
2537,ea,g_935;em_12_90862;n_104662-n_104663;p_179;#=ew_69_218364;prefix=65518-;[0]=ew_0_583313,R001M,PresentElder,94.981,94.891,https://labbcat.canterbury.ac.nz/maonze/transcript?ag_id=935#ew_0_583313,0.09,90,4.49980967,,
2563,ea,g_940;em_12_91296;n_105048-n_105049;p_179;#=ew_69_219237;prefix=66435-;[0]=ew_0_586528,R001M,PresentElder,103.106,103.016,https://labbcat.canterbury.ac.nz/maonze/transcript?ag_id=940#ew_0_586528,0.09,90,4.49980967,,
3260,ia,g_131;em_12_8879;n_38359-n_38360;p_284;#=ew_69_209064;prefix=56834-;[0]=ew_0_1114275,MU01M,Historical,94.981,94.891,https://labbcat.canterbury.ac.nz/maonze/transcript?ag_id=131#ew_0_1114275,0.09,90,4.49980967,,
3269,ia,g_134;em_12_9102;n_38579-n_38580;p_284;#=ew_69_209411;prefix=57335-;[0]=ew_0_1114665,MU01M,Historical,117.207,117.117,https://labbcat.canterbury.ac.nz/maonze/transcript?ag_id=134#ew_0_1114665,0.09,90,4.49980967,,
3602,ia,g_1842;em_12_149119;n_3849280-n_3849285;p_49;#=ew_69_204755;prefix=52635-;[0]=ew_0_1102284,L2Y03M,L2,118.862,118.772,https://labbcat.canterbury.ac.nz/maonze/transcript?ag_id=1842#ew_0_1102284,0.09,90,4.49980967,,
3985,ia,g_374;em_12_36709;n_60521-n_60522;p_92;#=ew_69_213471;prefix=61342-;[0]=ew_0_242063,MU04M,Historical,87.636,87.546,https://labbcat.canterbury.ac.nz/maonze/transcript?ag_id=374#ew_0_242063,0.09,90,4.49980967,,
3996,ia,g_377;em_12_37309;n_61113-n_61115;p_94;#=ew_69_214078;prefix=61838-;[0]=ew_0_243616,MU05M,Historical,113.63,113.54,https://labbcat.canterbury.ac.nz/maonze/transcript?ag_id=377#ew_0_243616,0.09,90,4.49980967,,
4134,ia,g_469;em_12_48485;n_70478-n_70479;p_120;#=ew_69_166359;prefix=16400-;[0]=ew_0_302539,K008M,PresentElder,96.264,96.174,https://labbcat.canterbury.ac.nz/maonze/transcript?ag_id=469#ew_0_302539,0.09,90,4.49980967,,
4728,ia,g_935;em_12_90872;n_104672-n_104673;p_179;#=ew_69_218412;prefix=65537-;[0]=ew_0_583385,R001M,PresentElder,121.249,121.159,https://labbcat.canterbury.ac.nz/maonze/transcript?ag_id=935#ew_0_583385,0.09,90,4.49980967,,
4824,ia,g_97;em_12_162835;n_6282004-n_6281840;p_41;#=ew_69_163184;prefix=12821-;[0]=ew_0_1271720,K007M,PresentElder,121.776,121.686,https://labbcat.canterbury.ac.nz/maonze/transcript?ag_id=97#ew_0_1271720,0.09,90,4.49980967,,
5516,oa,g_1685;em_12_135900;n_137437-n_137438;p_307;#=ew_69_199190;prefix=47474-;[0]=ew_0_964704,L2H05M,L2,93.472,93.382,https://labbcat.canterbury.ac.nz/maonze/transcript?ag_id=1685#ew_0_964704,0.09,90,4.49980967,,
5877,oa,g_321;em_12_31580;n_56161-n_3841196;p_89;#=ew_69_188099;prefix=37288-;[0]=ew_0_215070,L1Y04M,L1,89.698,89.608,https://labbcat.canterbury.ac.nz/maonze/transcript?ag_id=321#ew_0_215070,0.09,90,4.49980967,,
5954,oa,g_368;em_12_35704;n_59532-n_59533;p_92;#=ew_69_212624;prefix=60441-;[0]=ew_0_1117044,MU04M,Historical,83.862,83.772,https://labbcat.canterbury.ac.nz/maonze/transcript?ag_id=368#ew_0_1117044,0.09,90,4.49980967,,
5957,oa,g_369;em_12_35866;n_59692-n_59693;p_92;#=ew_69_212987;prefix=60602-;[0]=ew_0_238148,MU04M,Historical,66.829,66.739,https://labbcat.canterbury.ac.nz/maonze/transcript?ag_id=369#ew_0_238148,0.09,90,4.49980967,,
6383,oa,g_858;em_12_86101;n_101082-n_101083;p_167;#=ew_69_172179;prefix=22175-;[0]=ew_0_546157,L1H01M,L1,107.198,107.108,https://labbcat.canterbury.ac.nz/maonze/transcript?ag_id=858#ew_0_546157,0.09,90,4.49980967,,
6532,oa,g_929;em_12_90545;n_104362-n_104363;p_179;#=ew_69_216969;prefix=65144-;[0]=ew_0_581766,R001M,PresentElder,82.603,82.513,https://labbcat.canterbury.ac.nz/maonze/transcript?ag_id=929#ew_0_581766,0.09,90,4.49980967,,
7294,ua,g_1200;em_12_108647;n_117451-n_117452;p_244;#=ew_69_242994;prefix=89095-;[0]=ew_0_724320,WU04M,Historical,110.493,110.403,https://labbcat.canterbury.ac.nz/maonze/transcript?ag_id=1200#ew_0_724320,0.09,90,4.49980967,,
7493,ua,g_138;em_12_9623;n_39095-n_39096;p_284;#=ew_69_209971;prefix=57747-;[0]=ew_0_92723,MU01M,Historical,71.448,71.358,https://labbcat.canterbury.ac.nz/maonze/transcript?ag_id=138#ew_0_92723,0.09,90,4.49980967,,
8055,ua,g_1677;em_12_135332;n_137065-n_137066;p_307;#=ew_69_199749;prefix=48393-;[0]=ew_0_960621,L2H05M,L2,69.523,69.433,https://labbcat.canterbury.ac.nz/maonze/transcript?ag_id=1677#ew_0_960621,0.09,90,4.49980967,,
8553,ua,g_27;em_12_2225;n_32832-n_32833;p_19;#=ew_69_154801;prefix=05149-;[0]=ew_0_18818,K002M,PresentElder,102.234,102.144,https://labbcat.canterbury.ac.nz/maonze/transcript?ag_id=27#ew_0_18818,0.09,90,4.49980967,,
8598,ua,g_307;em_12_160764;n_5999819-n_5999826;p_81;#=ew_69_186427;prefix=35536-;[0]=ew_0_1240500,L1Y03M,L1,104.752,104.662,https://labbcat.canterbury.ac.nz/maonze/transcript?ag_id=307#ew_0_1240500,0.09,90,4.49980967,,
8620,ua,g_311;em_12_30294;n_5999513-n_5999336;p_81;#=ew_69_187120;prefix=36036-;[0]=ew_0_1238358,L1Y03M,L1,81.365,81.275,https://labbcat.canterbury.ac.nz/maonze/transcript?ag_id=311#ew_0_1238358,0.09,90,4.49980967,,
9018,ua,g_457;em_12_47167;n_69477-n_69478;p_112;#=ew_69_161544;prefix=11866-;[0]=ew_0_295489,K006M,PresentElder,65.204,65.114,https://labbcat.canterbury.ac.nz/maonze/transcript?ag_id=457#ew_0_295489,0.09,90,4.49980967,,
9036,ua,g_465;em_12_47924;n_69972-n_69973;p_120;#=ew_69_165644;prefix=15739-;[0]=ew_0_299770,K008M,PresentElder,76.502,76.412,https://labbcat.canterbury.ac.nz/maonze/transcript?ag_id=465#ew_0_299770,0.09,90,4.49980967,,
9207,ua,g_50;em_12_158332;n_5387862-n_5387870;p_32;#=ew_69_157602;prefix=07847-;[0]=ew_0_1208448,K004M,PresentElder,123.356,123.266,https://labbcat.canterbury.ac.nz/maonze/transcript?ag_id=50#ew_0_1208448,0.09,90,4.49980967,,
9253,ua,g_56;em_12_3960;n_34287-n_34288;p_32;#=ew_69_158438;prefix=09015-;[0]=ew_0_37903,K004M,PresentElder,66.335,66.245,https://labbcat.canterbury.ac.nz/maonze/transcript?ag_id=56#ew_0_37903,0.09,90,4.49980967,,
9258,ua,g_57;em_12_162127;n_6216357-n_6216358;p_32;#=ew_69_158804;prefix=09221-;[0]=ew_0_1261343,K004M,PresentElder,80.386,80.296,https://labbcat.canterbury.ac.nz/maonze/transcript?ag_id=57#ew_0_1261343,0.09,90,4.49980967,,
9299,ua,g_601;em_12_64143;n_83739-n_83740;p_140;#=ew_69_190051;prefix=38978-;[0]=ew_0_1249020,L1Y05M,L1,110.829,110.739,https://labbcat.canterbury.ac.nz/maonze/transcript?ag_id=601#ew_0_1249020,0.09,90,4.49980967,,
9886,ua,g_862;em_12_159490;n_5655964-n_5655966;p_168;#=ew_69_172817;prefix=22812-;[0]=ew_0_1219828,L1H02M,L1,122.886,122.796,https://labbcat.canterbury.ac.nz/maonze/transcript?ag_id=862#ew_0_1219828,0.09,90,4.49980967,,
10079,ua,g_894;em_12_88462;n_102720-n_102721;p_174;#=ew_69_179311;prefix=28359-;[0]=ew_0_563389,L1H05M,L1,121.88,121.79,https://labbcat.canterbury.ac.nz/maonze/transcript?ag_id=894#ew_0_563389,0.09,90,4.49980967,,
452,ea,g_13;em_12_1045;n_31680-n_31681;p_19;#=ew_69_152804;prefix=03477-;[0]=ew_0_9126,K002M,PresentElder,259.077,258.987,https://labbcat.canterbury.ac.nz/maonze/transcript?ag_id=13#ew_0_9126,0.09,90,4.49980967,,
641,ea,g_16;em_12_1264;n_31891-n_31892;p_19;#=ew_69_152285;prefix=02284-;[0]=ew_0_11027,K002M,PresentElder,187.545,187.455,https://labbcat.canterbury.ac.nz/maonze/transcript?ag_id=16#ew_0_11027,0.09,90,4.49980967,,
862,ea,g_1671;em_12_163219;n_6399790-n_6399798;p_302;#=ew_69_198898;prefix=47135-;[0]=ew_0_1277142,L2H04M,L2,260.176,260.086,https://labbcat.canterbury.ac.nz/maonze/transcript?ag_id=1671#ew_0_1277142,0.09,90,4.49980967,,
1027,ea,g_1853;em_12_150431;n_4569449-n_4569471;p_148;#=ew_69_208105;prefix=56000-;[0]=ew_0_1125021,L2Y05M,L2,283.084,282.994,https://labbcat.canterbury.ac.nz/maonze/transcript?ag_id=1853#ew_0_1125021,0.09,90,4.49980967,,
1132,ea,g_1911;em_12_156977;n_5288167-n_5288195;p_333;#=ew_69_240765;prefix=87053-;[0]=ew_0_1193602,R012M,PresentElder,290.758,290.668,https://labbcat.canterbury.ac.nz/maonze/transcript?ag_id=1911#ew_0_1193602,0.09,90,4.49980967,,
1169,ea,g_1943;em_12_165635;n_6846127-n_6846140;p_19;#=ew_69_151978;prefix=02647-;[0]=ew_0_1295867,K002M,PresentElder,139.807,139.717,https://labbcat.canterbury.ac.nz/maonze/transcript?ag_id=1943#ew_0_1295867,0.09,90,4.49980967,,
1277,ea,g_27;em_12_2236;n_32843-n_32844;p_19;#=ew_69_154850;prefix=05198-;[0]=ew_0_18953,K002M,PresentElder,156.515,156.425,https://labbcat.canterbury.ac.nz/maonze/transcript?ag_id=27#ew_0_18953,0.09,90,4.49980967,,
1279,ea,g_27;em_12_2237;n_32844-n_32845;p_19;#=ew_69_154859;prefix=05207-;[0]=ew_0_18973,K002M,PresentElder,163.325,163.235,https://labbcat.canterbury.ac.nz/maonze/transcript?ag_id=27#ew_0_18973,0.09,90,4.49980967,,
1522,ea,g_369;em_12_35932;n_59758-n_59759;p_92;#=ew_69_213147;prefix=60731-;[0]=ew_0_238546,MU04M,Historical,267.209,267.119,https://labbcat.canterbury.ac.nz/maonze/transcript?ag_id=369#ew_0_238546,0.09,90,4.49980967,,
1587,ea,g_445;em_12_169613;n_6943984-n_6943985;p_110;#=ew_69_155999;prefix=05659-;[0]=ew_0_1325258,K003M,PresentElder,289.447,289.357,https://labbcat.canterbury.ac.nz/maonze/transcript?ag_id=445#ew_0_1325258,0.09,90,4.49980967,,
1596,ea,g_450;em_12_169803;n_6946221-n_6946222;p_110;#=ew_69_156834;prefix=06837-;[0]=ew_0_1327404,K003M,PresentElder,307.2,307.11,https://labbcat.canterbury.ac.nz/maonze/transcript?ag_id=450#ew_0_1327404,0.09,90,4.49980967,,
1669,ea,g_467;em_12_48283;n_70288-n_70290;p_120;#=ew_69_166102;prefix=16161-;[0]=ew_0_1236822,K008M,PresentElder,268.566,268.476,https://labbcat.canterbury.ac.nz/maonze/transcript?ag_id=467#ew_0_1236822,0.09,90,4.49980967,,
1807,ea,g_53;em_12_158343;n_5388003-n_5388008;p_32;#=ew_69_157985;prefix=08473-;[0]=ew_0_1210969,K004M,PresentElder,268.368,268.278,https://labbcat.canterbury.ac.nz/maonze/transcript?ag_id=53#ew_0_1210969,0.09,90,4.49980967,,
1931,ea,g_612;em_12_64792;n_84358-n_84359;p_142;#=ew_69_182255;prefix=31310-;[0]=ew_0_390078,L1Y01M,L1,168.634,168.544,https://labbcat.canterbury.ac.nz/maonze/transcript?ag_id=612#ew_0_390078,0.09,90,4.49980967,,
2113,ea,g_659;em_12_69850;n_88714-n_88715;p_146;#=ew_69_206514;prefix=54788-;[0]=ew_0_418740,L2Y04M,L2,164.521,164.431,https://labbcat.canterbury.ac.nz/maonze/transcript?ag_id=659#ew_0_418740,0.09,90,4.49980967,,
2195,ea,g_77;em_12_5399;n_5390341-n_35495;p_37;#=ew_69_160827;prefix=10462-;[0]=ew_0_53056,K005M,PresentElder,305.561,305.471,https://labbcat.canterbury.ac.nz/maonze/transcript?ag_id=77#ew_0_53056,0.09,90,4.49980967,,
2453,ea,g_9;em_12_622;n_31270-n_31271;p_28;#=ew_69_150584;prefix=00861-;[0]=ew_0_5625,K001M,PresentElder,212.819,212.729,https://labbcat.canterbury.ac.nz/maonze/transcript?ag_id=9#ew_0_5625,0.09,90,4.49980967,,
2682,ea,g_97;em_12_162803;n_6282013-n_6282016;p_41;#=ew_69_163196;prefix=12704-;[0]=ew_0_1268555,K007M,PresentElder,133.087,132.997,https://labbcat.canterbury.ac.nz/maonze/transcript?ag_id=97#ew_0_1268555,0.09,90,4.49980967,,
2815,ea,g_989;em_12_150920;n_4619489-n_16547;p_182;#=ew_69_225944;prefix=73381-;[0]=ew_0_1127834,R005M,PresentElder,266.375,266.285,https://labbcat.canterbury.ac.nz/maonze/transcript?ag_id=989#ew_0_1127834,0.09,90,4.49980967,,
2852,ia,g_100;em_12_162730;n_6282099-n_6282105;p_41;#=ew_69_162849;prefix=13296-;[0]=ew_0_1274860,K007M,PresentElder,278.58,278.49,https://labbcat.canterbury.ac.nz/maonze/transcript?ag_id=100#ew_0_1274860,0.09,90,4.49980967,,
3211,ia,g_1202;em_12_108911;n_117713-n_117714;p_244;#=ew_69_242988;prefix=89542-;[0]=ew_0_725675,WU04M,Historical,196.914,196.824,https://labbcat.canterbury.ac.nz/maonze/transcript?ag_id=1202#ew_0_725675,0.09,90,4.49980967,,
3594,ia,g_1840;em_12_149016;n_3847926-n_3847944;p_49;#=ew_69_204801;prefix=52468-;[0]=ew_0_1101138,L2Y03M,L2,357.736,357.646,https://labbcat.canterbury.ac.nz/maonze/transcript?ag_id=1840#ew_0_1101138,0.09,90,4.49980967,,
3600,ia,g_1841;em_12_149078;n_3848776-n_3848789;p_49;#=ew_69_204293;prefix=52562-;[0]=ew_0_1101871,L2Y03M,L2,267.334,267.244,https://labbcat.canterbury.ac.nz/maonze/transcript?ag_id=1841#ew_0_1101871,0.09,90,4.49980967,,
3612,ia,g_1847;em_12_149440;n_3853646-n_3853655;p_49;#=ew_69_205524;prefix=53377-;[0]=ew_0_1106007,L2Y03M,L2,238.581,238.491,https://labbcat.canterbury.ac.nz/maonze/transcript?ag_id=1847#ew_0_1106007,0.09,90,4.49980967,,
3623,ia,g_1853;em_12_150431;n_4569449-n_4569471;p_148;#=ew_69_208106;prefix=56001-;[0]=ew_0_1125022,L2Y05M,L2,283.304,283.214,https://labbcat.canterbury.ac.nz/maonze/transcript?ag_id=1853#ew_0_1125022,0.09,90,4.49980967,,
3723,ia,g_1909;em_12_156836;n_5285768-n_5285782;p_333;#=ew_69_241119;prefix=86683-;[0]=ew_0_1192320,R012M,PresentElder,232.771,232.681,https://labbcat.canterbury.ac.nz/maonze/transcript?ag_id=1909#ew_0_1192320,0.09,90,4.49980967,,
3806,ia,g_20;em_12_1637;n_32256-n_32257;p_19;#=ew_69_153824;prefix=03670-;[0]=ew_0_1232652,K002M,PresentElder,196.753,196.663,https://labbcat.canterbury.ac.nz/maonze/transcript?ag_id=20#ew_0_1232652,0.09,90,4.49980967,,
3829,ia,g_23;em_12_1973;n_32589-n_28930;p_19;#=ew_69_153504;prefix=04501-;[0]=ew_0_16790,K002M,PresentElder,334.072,333.982,https://labbcat.canterbury.ac.nz/maonze/transcript?ag_id=23#ew_0_16790,0.09,90,4.49980967,,
3846,ia,g_27;em_12_2260;n_32867-n_32868;p_19;#=ew_69_154958;prefix=05306-;[0]=ew_0_19225,K002M,PresentElder,273.7,273.61,https://labbcat.canterbury.ac.nz/maonze/transcript?ag_id=27#ew_0_19225,0.09,90,4.49980967,,
3848,ia,g_304;em_12_162388;n_6240841-n_6240774;p_81;#=ew_69_185876;prefix=34979-;[0]=ew_0_1265647,L1Y03M,L1,263.734,263.644,https://labbcat.canterbury.ac.nz/maonze/transcript?ag_id=304#ew_0_1265647,0.09,90,4.49980967,,
3974,ia,g_370;em_12_36090;n_59915-n_59916;p_92;#=ew_69_214239;prefix=61061-;[0]=ew_0_239538,MU04M,Historical,379.88,379.79,https://labbcat.canterbury.ac.nz/maonze/transcript?ag_id=370#ew_0_239538,0.09,90,4.49980967,,
4073,ia,g_450;em_12_169789;n_6946249-n_6946250;p_110;#=ew_69_156922;prefix=06922-;[0]=ew_0_1327391,K003M,PresentElder,405.808,405.718,https://labbcat.canterbury.ac.nz/maonze/transcript?ag_id=450#ew_0_1327391,0.09,90,4.49980967,,
4148,ia,g_477;em_12_49181;n_71099-n_71100;p_121;#=ew_69_167820;prefix=17591-;[0]=ew_0_307258,K009M,PresentElder,286.779,286.689,https://labbcat.canterbury.ac.nz/maonze/transcript?ag_id=477#ew_0_307258,0.09,90,4.49980967,,
4193,ia,g_490;em_12_50500;n_72119-n_72120;p_122;#=ew_69_170372;prefix=19686-;[0]=ew_0_1099698,K010M,PresentElder,247.402,247.312,https://labbcat.canterbury.ac.nz/maonze/transcript?ag_id=490#ew_0_1099698,0.09,90,4.49980967,,
4196,ia,g_491;em_12_50620;n_72220-n_72221;p_122;#=ew_69_169748;prefix=19803-;[0]=ew_0_315906,K010M,PresentElder,173.926,173.836,https://labbcat.canterbury.ac.nz/maonze/transcript?ag_id=491#ew_0_315906,0.09,90,4.49980967,,
4225,ia,g_5;em_12_218;n_30879-n_30880;p_28;#=ew_69_151041;prefix=01901-;[0]=ew_0_2492,K001M,PresentElder,264.332,264.242,https://labbcat.canterbury.ac.nz/maonze/transcript?ag_id=5#ew_0_2492,0.09,90,4.49980967,,
4542,ia,g_861;em_12_86293;n_101232-n_101233;p_168;#=ew_69_173325;prefix=22615-;[0]=ew_0_547555,L1H02M,L1,164.67,164.58,https://labbcat.canterbury.ac.nz/maonze/transcript?ag_id=861#ew_0_547555,0.09,90,4.49980967,,
4695,ia,g_915;em_12_89431;n_103360-n_103361;p_173;#=ew_69_176848;prefix=25817-;[0]=ew_0_574088,L1H04M,L1,194.563,194.473,https://labbcat.canterbury.ac.nz/maonze/transcript?ag_id=915#ew_0_574088,0.09,90,4.49980967,,
4780,ia,g_949;em_12_91758;n_6521907-n_29845;p_181;#=ew_69_220747;prefix=67716-;[0]=ew_0_591089,R002M,PresentElder,306.823,306.733,https://labbcat.canterbury.ac.nz/maonze/transcript?ag_id=949#ew_0_591089,0.09,90,4.49980967,,
6034,oa,g_448;em_12_161437;n_6125947-n_6125949;p_110;#=ew_69_155552;prefix=06492-;[0]=ew_0_1253192,K003M,PresentElder,291.548,291.458,https://labbcat.canterbury.ac.nz/maonze/transcript?ag_id=448#ew_0_1253192,0.09,90,4.49980967,,
6035,oa,g_448;em_12_161487;n_6125891-n_6125893;p_110;#=ew_69_155224;prefix=06409-;[0]=ew_0_1254326,K003M,PresentElder,198.7,198.61,https://labbcat.canterbury.ac.nz/maonze/transcript?ag_id=448#ew_0_1254326,0.09,90,4.49980967,,
6108,oa,g_490;em_12_50525;n_72142-n_72143;p_122;#=ew_69_170409;prefix=19721-;[0]=ew_0_315493,K010M,PresentElder,303.633,303.543,https://labbcat.canterbury.ac.nz/maonze/transcript?ag_id=490#ew_0_315493,0.09,90,4.49980967,,
6320,oa,g_663;em_12_70414;n_89210-n_89211;p_148;#=ew_69_207568;prefix=55194-;[0]=ew_0_420671,L2Y05M,L2,205.259,205.169,https://labbcat.canterbury.ac.nz/maonze/transcript?ag_id=663#ew_0_420671,0.09,90,4.49980967,,
6414,oa,g_867;em_12_86775;n_101578-n_14831;p_168;#=ew_69_174735;prefix=23632-;[0]=ew_0_551545,L1H02M,L1,214.962,214.872,https://labbcat.canterbury.ac.nz/maonze/transcript?ag_id=867#ew_0_551545,0.09,90,4.49980967,,
6470,oa,g_893;em_12_88416;n_102682-n_102683;p_174;#=ew_69_179567;prefix=28545-;[0]=ew_0_562821,L1H05M,L1,141.402,141.312,https://labbcat.canterbury.ac.nz/maonze/transcript?ag_id=893#ew_0_562821,0.09,90,4.49980967,,
6529,oa,g_928;em_12_90462;n_104280-n_104281;p_179;#=ew_69_217905;prefix=64973-;[0]=ew_0_581282,R001M,PresentElder,279.734,279.644,https://labbcat.canterbury.ac.nz/maonze/transcript?ag_id=928#ew_0_581282,0.09,90,4.49980967,,
6951,ua,g_1043;em_12_97356;n_109301-n_109302;p_193;#=ew_69_235775;prefix=82372-;[0]=ew_0_644740,R010M,PresentElder,153.462,153.372,https://labbcat.canterbury.ac.nz/maonze/transcript?ag_id=1043#ew_0_644740,0.09,90,4.49980967,,
7121,ua,g_1082;em_12_100155;n_111289-n_111290;p_208;#=ew_69_247137;prefix=92688-;[0]=ew_0_665603,WU07M,Historical,129.682,129.592,https://labbcat.canterbury.ac.nz/maonze/transcript?ag_id=1082#ew_0_665603,0.09,90,4.49980967,,
7140,ua,g_1083;em_12_100243;n_111363-n_111364;p_208;#=ew_69_247229;prefix=92884-;[0]=ew_0_666409,WU07M,Historical,214.557,214.467,https://labbcat.canterbury.ac.nz/maonze/transcript?ag_id=1083#ew_0_666409,0.09,90,4.49980967,,
7212,ua,g_11;em_12_863;n_31509-n_31510;p_28;#=ew_69_149418;prefix=00446-;[0]=ew_0_7674,K001M,PresentElder,315.265,315.175,https://labbcat.canterbury.ac.nz/maonze/transcript?ag_id=11#ew_0_7674,0.09,90,4.49980967,,
7301,ua,g_1202;em_12_108904;n_117706-n_117707;p_244;#=ew_69_242948;prefix=89517-;[0]=ew_0_725625,WU04M,Historical,180.265,180.175,https://labbcat.canterbury.ac.nz/maonze/transcript?ag_id=1202#ew_0_725625,0.09,90,4.49980967,,
7562,ua,g_15;em_12_1222;n_31850-n_31851;p_19;#=ew_69_151494;prefix=02177-;[0]=ew_0_10564,K002M,PresentElder,299.601,299.511,https://labbcat.canterbury.ac.nz/maonze/transcript?ag_id=15#ew_0_10564,0.09,90,4.49980967,,
7883,ua,g_1646;em_12_163139;n_6345495-n_6345446;p_300;#=ew_69_194232;prefix=42182-;[0]=ew_0_1275287,L2H02M,L2,274.697,274.607,https://labbcat.canterbury.ac.nz/maonze/transcript?ag_id=1646#ew_0_1275287,0.09,90,4.49980967,,
8177,ua,g_1842;em_12_149169;n_3849857-n_3849865;p_49;#=ew_69_205012;prefix=52732-;[0]=ew_0_1102763,L2Y03M,L2,325.984,325.894,https://labbcat.canterbury.ac.nz/maonze/transcript?ag_id=1842#ew_0_1102763,0.09,90,4.49980967,,
8285,ua,g_1897;em_12_155999;n_5274639-n_5274653;p_333;#=ew_69_238853;prefix=84638-;[0]=ew_0_1181971,R012M,PresentElder,283.342,283.252,https://labbcat.canterbury.ac.nz/maonze/transcript?ag_id=1897#ew_0_1181971,0.09,90,4.49980967,,
8411,ua,g_1911;em_12_156977;n_5288167-n_5288195;p_333;#=ew_69_240761;prefix=87049-;[0]=ew_0_1193838,R012M,PresentElder,288.308,288.218,https://labbcat.canterbury.ac.nz/maonze/transcript?ag_id=1911#ew_0_1193838,0.09,90,4.49980967,,
8433,ua,g_1913;em_12_157161;n_5290392-n_5290414;p_333;#=ew_69_240350;prefix=87285-;[0]=ew_0_1195681,R012M,PresentElder,297.849,297.759,https://labbcat.canterbury.ac.nz/maonze/transcript?ag_id=1913#ew_0_1195681,0.09,90,4.49980967,,
8509,ua,g_20;em_12_1625;n_32244-n_32245;p_19;#=ew_69_153798;prefix=03644-;[0]=ew_0_14082,K002M,PresentElder,163.819,163.729,https://labbcat.canterbury.ac.nz/maonze/transcript?ag_id=20#ew_0_14082,0.09,90,4.49980967,,
8537,ua,g_24;em_12_2074;n_32689-n_32690;p_19;#=ew_69_154582;prefix=04779-;[0]=ew_0_17647,K002M,PresentElder,375.255,375.165,https://labbcat.canterbury.ac.nz/maonze/transcript?ag_id=24#ew_0_17647,0.09,90,4.49980967,,
8546,ua,g_25;em_12_2144;n_32753-n_32754;p_19;#=ew_69_154108;prefix=04931-;[0]=ew_0_18161,K002M,PresentElder,205.087,204.997,https://labbcat.canterbury.ac.nz/maonze/transcript?ag_id=25#ew_0_18161,0.09,90,4.49980967,,
8560,ua,g_27;em_12_2232;n_32839-n_32840;p_19;#=ew_69_154829;prefix=05177-;[0]=ew_0_18909,K002M,PresentElder,142.527,142.437,https://labbcat.canterbury.ac.nz/maonze/transcript?ag_id=27#ew_0_18909,0.09,90,4.49980967,,
8565,ua,g_27;em_12_2282;n_32889-n_32890;p_19;#=ew_69_155038;prefix=05386-;[0]=ew_0_19434,K002M,PresentElder,372.113,372.023,https://labbcat.canterbury.ac.nz/maonze/transcript?ag_id=27#ew_0_19434,0.09,90,4.49980967,,
8619,ua,g_311;em_12_170768;n_6984508-n_6984509;p_81;#=ew_69_187206;prefix=36025-;[0]=ew_0_1334859,L1Y03M,L1,192.813,192.723,https://labbcat.canterbury.ac.nz/maonze/transcript?ag_id=311#ew_0_1334859,0.09,90,4.49980967,,
8652,ua,g_319;em_12_31296;n_55897-n_29215;p_89;#=ew_69_188056;prefix=37073-;[0]=ew_0_214198,L1Y04M,L1,275.796,275.706,https://labbcat.canterbury.ac.nz/maonze/transcript?ag_id=319#ew_0_214198,0.09,90,4.49980967,,
8675,ua,g_322;em_12_32013;n_56542-n_56544;p_89;#=ew_69_189213;prefix=37560-;[0]=ew_0_1097766,L1Y04M,L1,268.034,267.944,https://labbcat.canterbury.ac.nz/maonze/transcript?ag_id=322#ew_0_1097766,0.09,90,4.49980967,,
8799,ua,g_346;em_12_33669;n_57814-n_57815;p_85;#=ew_69_185138;prefix=34273-;[0]=ew_0_226395,L1Y02M,L1,136.831,136.741,https://labbcat.canterbury.ac.nz/maonze/transcript?ag_id=346#ew_0_226395,0.09,90,4.49980967,,
8866,ua,g_370;em_12_36030;n_7019338-n_59856;p_92;#=ew_69_214006;prefix=60953-;[0]=ew_0_239201,MU04M,Historical,206.432,206.342,https://labbcat.canterbury.ac.nz/maonze/transcript?ag_id=370#ew_0_239201,0.09,90,4.49980967,,
8904,ua,g_384;em_12_38830;n_62627-n_62628;p_95;#=ew_69_214915;prefix=62469-;[0]=ew_0_247446,MU06M,Historical,212.825,212.735,https://labbcat.canterbury.ac.nz/maonze/transcript?ag_id=384#ew_0_247446,0.09,90,4.49980967,,
9044,ua,g_466;em_12_48108;n_6953419-n_70134;p_120;#=ew_69_165561;prefix=16012-;[0]=ew_0_300834,K008M,PresentElder,227.265,227.175,https://labbcat.canterbury.ac.nz/maonze/transcript?ag_id=466#ew_0_300834,0.09,90,4.49980967,,
9064,ua,g_468;em_12_48407;n_70409-n_70410;p_120;#=ew_69_166279;prefix=16316-;[0]=ew_0_1091363,K008M,PresentElder,241.64,241.55,https://labbcat.canterbury.ac.nz/maonze/transcript?ag_id=468#ew_0_1091363,0.09,90,4.49980967,,
9235,ua,g_54;em_12_161906;n_6213630-n_6213631;p_32;#=ew_69_158251;prefix=08682-;[0]=ew_0_1259134,K004M,PresentElder,147.902,147.812,https://labbcat.canterbury.ac.nz/maonze/transcript?ag_id=54#ew_0_1259134,0.09,90,4.49980967,,
9286,ua,g_598;em_12_63975;n_83574-n_83575;p_140;#=ew_69_189574;prefix=38551-;[0]=ew_0_381585,L1Y05M,L1,222.956,222.866,https://labbcat.canterbury.ac.nz/maonze/transcript?ag_id=598#ew_0_381585,0.09,90,4.49980967,,
9359,ua,g_607;em_12_64575;n_84151-n_84152;p_140;#=ew_69_191472;prefix=40283-;[0]=ew_0_387821,L1Y05M,L1,331.993,331.903,https://labbcat.canterbury.ac.nz/maonze/transcript?ag_id=607#ew_0_387821,0.09,90,4.49980967,,
9497,ua,g_628;em_12_65561;n_85065-n_85066;p_143;#=ew_69_202685;prefix=50574-;[0]=ew_0_1250461,L2Y02M,L2,259.27,259.18,https://labbcat.canterbury.ac.nz/maonze/transcript?ag_id=628#ew_0_1250461,0.09,90,4.49980967,,
9527,ua,g_631;em_12_66055;n_10487-n_85517;p_143;#=ew_69_202566;prefix=51402-;[0]=ew_0_401251,L2Y02M,L2,283.025,282.935,https://labbcat.canterbury.ac.nz/maonze/transcript?ag_id=631#ew_0_401251,0.09,90,4.49980967,,
9720,ua,g_668;em_12_70611;n_89394-n_89395;p_148;#=ew_69_208304;prefix=56193-;[0]=ew_0_423989,L2Y05M,L2,273.387,273.297,https://labbcat.canterbury.ac.nz/maonze/transcript?ag_id=668#ew_0_423989,0.09,90,4.49980967,,
9758,ua,g_76;em_12_160496;n_5958163-n_5958170;p_37;#=ew_69_159986;prefix=10236-;[0]=ew_0_1235900,K005M,PresentElder,261.993,261.903,https://labbcat.canterbury.ac.nz/maonze/transcript?ag_id=76#ew_0_1235900,0.09,90,4.49980967,,
9761,ua,g_76;em_12_160511;n_5958149-n_5958157;p_37;#=ew_69_159974;prefix=10224-;[0]=ew_0_1237300,K005M,PresentElder,243.414,243.324,https://labbcat.canterbury.ac.nz/maonze/transcript?ag_id=76#ew_0_1237300,0.09,90,4.49980967,,
9806,ua,g_84;em_12_5712;n_35763-n_35764;p_37;#=ew_69_160886;prefix=11126-;[0]=ew_0_57743,K005M,PresentElder,152.688,152.598,https://labbcat.canterbury.ac.nz/maonze/transcript?ag_id=84#ew_0_57743,0.09,90,4.49980967,,
9936,ua,g_867;em_12_86791;n_14839-n_14840;p_168;#=ew_69_174774;prefix=23656-;[0]=ew_0_551676,L1H02M,L1,258.594,258.504,https://labbcat.canterbury.ac.nz/maonze/transcript?ag_id=867#ew_0_551676,0.09,90,4.49980967,,
9937,ua,g_867;em_12_86802;n_101591-n_101592;p_168;#=ew_69_174807;prefix=23686-;[0]=ew_0_551769,L1H02M,L1,293.695,293.605,https://labbcat.canterbury.ac.nz/maonze/transcript?ag_id=867#ew_0_551769,0.09,90,4.49980967,,
10019,ua,g_881;em_12_87732;n_102209-n_102210;p_169;#=ew_69_175183;prefix=25100-;[0]=ew_0_557688,L1H03M,L1,197.89,197.8,https://labbcat.canterbury.ac.nz/maonze/transcript?ag_id=881#ew_0_557688,0.09,90,4.49980967,,
10287,ua,g_928;em_12_90508;n_104326-n_104327;p_179;#=ew_69_218148;prefix=65082-;[0]=ew_0_581569,R001M,PresentElder,397.572,397.482,https://labbcat.canterbury.ac.nz/maonze/transcript?ag_id=928#ew_0_581569,0.09,90,4.49980967,,
10596,ua,g_98;em_12_162687;n_6281830-n_6281836;p_41;#=ew_69_162636;prefix=12996-;[0]=ew_0_1270054,K007M,PresentElder,233.503,233.413,https://labbcat.canterbury.ac.nz/maonze/transcript?ag_id=98#ew_0_1270054,0.09,90,4.49980967,,
1140,ea,g_1912;em_12_157031;n_5289260-n_5289276;p_333;#=ew_69_240186;prefix=87209-;[0]=ew_0_1195254,R012M,PresentElder,281.088,281.008,https://labbcat.canterbury.ac.nz/maonze/transcript?ag_id=1912#ew_0_1195254,0.08,80,4.382026635,,
1380,ea,g_319;em_12_31292;n_55895-n_5662;p_89;#=ew_69_188054;prefix=37071-;[0]=ew_0_214183,L1Y04M,L1,271.064,270.984,https://labbcat.canterbury.ac.nz/maonze/transcript?ag_id=319#ew_0_214183,0.08,80,4.382026635,,
1625,ea,g_453;em_12_46991;n_69361-n_69362;p_110;#=ew_69_157122;prefix=07522-;[0]=ew_0_1252172,K003M,PresentElder,306.302,306.222,https://labbcat.canterbury.ac.nz/maonze/transcript?ag_id=453#ew_0_1252172,0.08,80,4.382026635,,
2049,ea,g_633;em_12_66316;n_85761-n_85762;p_143;#=ew_69_203313;prefix=51943-;[0]=ew_0_403297,L2Y02M,L2,302.821,302.741,https://labbcat.canterbury.ac.nz/maonze/transcript?ag_id=633#ew_0_403297,0.08,80,4.382026635,,
3427,ia,g_1622;em_12_170964;n_6993119-n_6993120;p_299;#=ew_69_191857;prefix=41147-;[0]=ew_0_1337825,L2H01M,L2,257.011,256.931,https://labbcat.canterbury.ac.nz/maonze/transcript?ag_id=1622#ew_0_1337825,0.08,80,4.382026635,,
3495,ia,g_1651;em_12_134000;n_136067-n_136068;p_300;#=ew_69_194204;prefix=42898-;[0]=ew_0_948311,L2H02M,L2,258.509,258.429,https://labbcat.canterbury.ac.nz/maonze/transcript?ag_id=1651#ew_0_948311,0.08,80,4.382026635,,
3681,ia,g_1897;em_12_155990;n_5274653-n_5274665;p_333;#=ew_69_238858;prefix=84641-;[0]=ew_0_1182823,R012M,PresentElder,287.533,287.453,https://labbcat.canterbury.ac.nz/maonze/transcript?ag_id=1897#ew_0_1182823,0.08,80,4.382026635,,
4076,ia,g_450;em_12_169797;n_6946245-n_6946246;p_110;#=ew_69_156910;prefix=06910-;[0]=ew_0_1326965,K003M,PresentElder,388.403,388.323,https://labbcat.canterbury.ac.nz/maonze/transcript?ag_id=450#ew_0_1326965,0.08,80,4.382026635,,
4137,ia,g_469;em_12_48567;n_70542-n_70543;p_120;#=ew_69_166431;prefix=16465-;[0]=ew_0_302901,K008M,PresentElder,286.713,286.633,https://labbcat.canterbury.ac.nz/maonze/transcript?ag_id=469#ew_0_302901,0.08,80,4.382026635,,
4208,ia,g_494;em_12_51139;n_72572-n_8620;p_122;#=ew_69_170115;prefix=20265-;[0]=ew_0_318122,K010M,PresentElder,307.206,307.126,https://labbcat.canterbury.ac.nz/maonze/transcript?ag_id=494#ew_0_318122,0.08,80,4.382026635,,
4235,ia,g_54;em_12_161929;n_6213653-n_6213654;p_32;#=ew_69_158413;prefix=08624-;[0]=ew_0_1259655,K004M,PresentElder,268.744,268.664,https://labbcat.canterbury.ac.nz/maonze/transcript?ag_id=54#ew_0_1259655,0.08,80,4.382026635,,
4280,ia,g_598;em_12_63995;n_83594-n_83595;p_140;#=ew_69_189621;prefix=38596-;[0]=ew_0_381746,L1Y05M,L1,304.658,304.578,https://labbcat.canterbury.ac.nz/maonze/transcript?ag_id=598#ew_0_381746,0.08,80,4.382026635,,
5156,oa,g_115;em_12_8313;n_37872-n_37873;p_43;#=ew_69_211370;prefix=59510-;[0]=ew_0_80518,MU02M,Historical,373.595,373.515,https://labbcat.canterbury.ac.nz/maonze/transcript?ag_id=115#ew_0_80518,0.08,80,4.382026635,,
6007,oa,g_383;em_12_38642;n_62440-n_62441;p_95;#=ew_69_215207;prefix=62309-;[0]=ew_0_246835,MU06M,Historical,286.261,286.181,https://labbcat.canterbury.ac.nz/maonze/transcript?ag_id=383#ew_0_246835,0.08,80,4.382026635,,
6247,oa,g_629;em_12_161297;n_6120056-n_6120064;p_143;#=ew_69_203056;prefix=50834-;[0]=ew_0_1250379,L2Y02M,L2,293.821,293.741,https://labbcat.canterbury.ac.nz/maonze/transcript?ag_id=629#ew_0_1250379,0.08,80,4.382026635,,
8942,ua,g_446;em_12_169678;n_6944614-n_6944615;p_110;#=ew_69_156028;prefix=05893-;[0]=ew_0_1325804,K003M,PresentElder,260.336,260.256,https://labbcat.canterbury.ac.nz/maonze/transcript?ag_id=446#ew_0_1325804,0.08,80,4.382026635,,
9110,ua,g_482;em_12_49516;n_71380-n_71381;p_121;#=ew_69_169204;prefix=18654-;[0]=ew_0_310381,K009M,PresentElder,271.973,271.893,https://labbcat.canterbury.ac.nz/maonze/transcript?ag_id=482#ew_0_310381,0.08,80,4.382026635,,
9220,ua,g_52;em_12_3758;n_34091-n_34092;p_32;#=ew_69_158105;prefix=08190-;[0]=ew_0_34776,K004M,PresentElder,256.17,256.09,https://labbcat.canterbury.ac.nz/maonze/transcript?ag_id=52#ew_0_34776,0.08,80,4.382026635,,
9278,ua,g_59;em_12_162259;n_6219130-n_6219087;p_32;#=ew_69_159596;prefix=09698-;[0]=ew_0_1263987,K004M,PresentElder,332.737,332.657,https://labbcat.canterbury.ac.nz/maonze/transcript?ag_id=59#ew_0_1263987,0.08,80,4.382026635,,
9549,ua,g_633;em_12_66323;n_85766-n_29529;p_143;#=ew_69_203328;prefix=51953-;[0]=ew_0_1251615,L2Y02M,L2,324.593,324.513,https://labbcat.canterbury.ac.nz/maonze/transcript?ag_id=633#ew_0_1251615,0.08,80,4.382026635,,
20,ea,g_1009;em_12_95370;n_108289-n_16683;p_188;#=ew_69_229892;prefix=76361-;[0]=ew_0_624678,R007M,PresentElder,242.217,242.137,https://labbcat.canterbury.ac.nz/maonze/transcript?ag_id=1009#ew_0_624678,0.08,80,4.382026635,,
90,ea,g_1029;em_12_96389;n_108750-n_17232;p_190;#=ew_69_233680;prefix=79954-;[0]=ew_0_634797,R009M,PresentElder,159.008,158.928,https://labbcat.canterbury.ac.nz/maonze/transcript?ag_id=1029#ew_0_634797,0.08,80,4.382026635,,
140,ea,g_1039;em_12_96956;n_109152-n_109153;p_193;#=ew_69_235668;prefix=81901-;[0]=ew_0_641740,R010M,PresentElder,205.911,205.831,https://labbcat.canterbury.ac.nz/maonze/transcript?ag_id=1039#ew_0_641740,0.08,80,4.382026635,,
185,ea,g_1047;em_12_97535;n_6793504-n_109463;p_193;#=ew_69_236638;prefix=82938-;[0]=ew_0_647009,R010M,PresentElder,193.002,192.922,https://labbcat.canterbury.ac.nz/maonze/transcript?ag_id=1047#ew_0_647009,0.08,80,4.382026635,,
199,ea,g_107;em_12_163085;n_6288639-n_6288642;p_41;#=ew_69_164383;prefix=14751-;[0]=ew_0_1271632,K007M,PresentElder,198.888,198.808,https://labbcat.canterbury.ac.nz/maonze/transcript?ag_id=107#ew_0_1271632,0.08,80,4.382026635,,
333,ea,g_1201;em_12_108785;n_117588-n_117589;p_244;#=ew_69_243378;prefix=89309-;[0]=ew_0_724994,WU04M,Historical,182.502,182.422,https://labbcat.canterbury.ac.nz/maonze/transcript?ag_id=1201#ew_0_724994,0.08,80,4.382026635,,
448,ea,g_13;em_12_1021;n_31656-n_31657;p_19;#=ew_69_152684;prefix=03423-;[0]=ew_0_1233024,K002M,PresentElder,176.351,176.271,https://labbcat.canterbury.ac.nz/maonze/transcript?ag_id=13#ew_0_1233024,0.08,80,4.382026635,,
532,ea,g_14;em_12_1118;n_31752-n_31753;p_19;#=ew_69_151828;prefix=03182-;[0]=ew_0_1232668,K002M,PresentElder,178.104,178.024,https://labbcat.canterbury.ac.nz/maonze/transcript?ag_id=14#ew_0_1232668,0.08,80,4.382026635,,
886,ea,g_1677;em_12_135361;n_27550-n_137087;p_307;#=ew_69_200043;prefix=48458-;[0]=ew_0_960861,L2H05M,L2,175.936,175.856,https://labbcat.canterbury.ac.nz/maonze/transcript?ag_id=1677#ew_0_960861,0.08,80,4.382026635,,
1098,ea,g_1904;em_12_156519;n_5280658-n_5280687;p_333;#=ew_69_239602;prefix=85737-;[0]=ew_0_1188204,R012M,PresentElder,101.775,101.695,https://labbcat.canterbury.ac.nz/maonze/transcript?ag_id=1904#ew_0_1188204,0.08,80,4.382026635,,
1226,ea,g_21;em_12_1767;n_32385-n_32386;p_19;#=ew_69_153322;prefix=03972-;[0]=ew_0_15136,K002M,PresentElder,234.405,234.325,https://labbcat.canterbury.ac.nz/maonze/transcript?ag_id=21#ew_0_15136,0.08,80,4.382026635,,
1276,ea,g_27;em_12_2235;n_32842-n_32843;p_19;#=ew_69_154844;prefix=05192-;[0]=ew_0_18945,K002M,PresentElder,153.238,153.158,https://labbcat.canterbury.ac.nz/maonze/transcript?ag_id=27#ew_0_18945,0.08,80,4.382026635,,
1355,ea,g_317;em_12_148871;n_3842273-n_3842288;p_89;#=ew_69_187694;prefix=36746-;[0]=ew_0_1097792,L1Y04M,L1,203.262,203.182,https://labbcat.canterbury.ac.nz/maonze/transcript?ag_id=317#ew_0_1097792,0.08,80,4.382026635,,
1360,ea,g_318;em_12_148557;n_3841724-n_3841750;p_89;#=ew_69_187912;prefix=36877-;[0]=ew_0_1096135,L1Y04M,L1,146.56,146.48,https://labbcat.canterbury.ac.nz/maonze/transcript?ag_id=318#ew_0_1096135,0.08,80,4.382026635,,
1392,ea,g_321;em_12_31659;n_56234-n_3841326;p_89;#=ew_69_188154;prefix=37338-;[0]=ew_0_1096706,L1Y04M,L1,185.125,185.045,https://labbcat.canterbury.ac.nz/maonze/transcript?ag_id=321#ew_0_1096706,0.08,80,4.382026635,,
1704,ea,g_479;em_12_49284;n_71186-n_71187;p_121;#=ew_69_168082;prefix=18063-;[0]=ew_0_308477,K009M,PresentElder,254.811,254.731,https://labbcat.canterbury.ac.nz/maonze/transcript?ag_id=479#ew_0_308477,0.08,80,4.382026635,,
1824,ea,g_54;em_12_161924;n_6213616-n_6213635;p_32;#=ew_69_158266;prefix=08524-;[0]=ew_0_1259669,K004M,PresentElder,169.572,169.492,https://labbcat.canterbury.ac.nz/maonze/transcript?ag_id=54#ew_0_1259669,0.08,80,4.382026635,,
1939,ea,g_614;em_12_64873;n_84437-n_84438;p_142;#=ew_69_181984;prefix=31516-;[0]=ew_0_390869,L1Y01M,L1,93.772,93.692,https://labbcat.canterbury.ac.nz/maonze/transcript?ag_id=614#ew_0_390869,0.08,80,4.382026635,,
2026,ea,g_631;em_12_65996;n_85463-n_85464;p_143;#=ew_69_202310;prefix=51295-;[0]=ew_0_400793,L2Y02M,L2,129.323,129.243,https://labbcat.canterbury.ac.nz/maonze/transcript?ag_id=631#ew_0_400793,0.08,80,4.382026635,,
2067,ea,g_638;em_12_66729;n_10615-n_86063;p_145;#=ew_69_200911;prefix=49566-;[0]=ew_0_1108742,L2Y01M,L2,204.013,203.933,https://labbcat.canterbury.ac.nz/maonze/transcript?ag_id=638#ew_0_1108742,0.08,80,4.382026635,,
2376,ea,g_877;em_12_87425;n_15023-n_102024;p_169;#=ew_69_175354;prefix=24770-;[0]=ew_0_1224974,L1H03M,L1,130.698,130.618,https://labbcat.canterbury.ac.nz/maonze/transcript?ag_id=877#ew_0_1224974,0.08,80,4.382026635,,
2452,ea,g_9;em_12_621;n_31269-n_31270;p_28;#=ew_69_150577;prefix=00854-;[0]=ew_0_5614,K001M,PresentElder,209.014,208.934,https://labbcat.canterbury.ac.nz/maonze/transcript?ag_id=9#ew_0_5614,0.08,80,4.382026635,,
2508,ea,g_912;em_12_89346;n_103321-n_15630;p_173;#=ew_69_176568;prefix=26021-;[0]=ew_0_572867,L1H04M,L1,157.097,157.017,https://labbcat.canterbury.ac.nz/maonze/transcript?ag_id=912#ew_0_572867,0.08,80,4.382026635,,
2543,ea,g_936;em_12_90976;n_104764-n_104765;p_179;#=ew_69_218376;prefix=65746-;[0]=ew_0_584078,R001M,PresentElder,137.294,137.214,https://labbcat.canterbury.ac.nz/maonze/transcript?ag_id=936#ew_0_584078,0.08,80,4.382026635,,
2882,ia,g_1014;em_12_95734;n_108478-n_108479;p_188;#=ew_69_229698;prefix=76894-;[0]=ew_0_627013,R007M,PresentElder,190.062,189.982,https://labbcat.canterbury.ac.nz/maonze/transcript?ag_id=1014#ew_0_627013,0.08,80,4.382026635,,
2954,ia,g_1030;em_12_96446;n_17249-n_108790;p_190;#=ew_69_234282;prefix=80166-;[0]=ew_0_635594,R009M,PresentElder,210.269,210.189,https://labbcat.canterbury.ac.nz/maonze/transcript?ag_id=1030#ew_0_635594,0.08,80,4.382026635,,
2991,ia,g_1037;em_12_96749;n_6745857-n_109019;p_193;#=ew_69_235169;prefix=81377-;[0]=ew_0_639908,R010M,PresentElder,133.365,133.285,https://labbcat.canterbury.ac.nz/maonze/transcript?ag_id=1037#ew_0_639908,0.08,80,4.382026635,,
2993,ia,g_1037;em_12_96760;n_17325-n_17326;p_193;#=ew_69_235321;prefix=81422-;[0]=ew_0_640070,R010M,PresentElder,191.834,191.754,https://labbcat.canterbury.ac.nz/maonze/transcript?ag_id=1037#ew_0_640070,0.08,80,4.382026635,,
3072,ia,g_1077;em_12_99889;n_111081-n_29975;p_208;#=ew_69_246429;prefix=92089-;[0]=ew_0_663265,WU07M,Historical,184.151,184.071,https://labbcat.canterbury.ac.nz/maonze/transcript?ag_id=1077#ew_0_663265,0.08,80,4.382026635,,
3191,ia,g_1199;em_12_108596;n_117403-n_117404;p_244;#=ew_69_243519;prefix=89001-;[0]=ew_0_724052,WU04M,Historical,245.626,245.546,https://labbcat.canterbury.ac.nz/maonze/transcript?ag_id=1199#ew_0_724052,0.08,80,4.382026635,,
3202,ia,g_1200;em_12_108664;n_117468-n_117469;p_244;#=ew_69_243043;prefix=89121-;[0]=ew_0_724406,WU04M,Historical,144.229,144.149,https://labbcat.canterbury.ac.nz/maonze/transcript?ag_id=1200#ew_0_724406,0.08,80,4.382026635,,
3206,ia,g_1201;em_12_108797;n_117600-n_117601;p_244;#=ew_69_243479;prefix=89361-;[0]=ew_0_725089,WU04M,Historical,218.24,218.16,https://labbcat.canterbury.ac.nz/maonze/transcript?ag_id=1201#ew_0_725089,0.08,80,4.382026635,,
3240,ia,g_1213;em_12_109858;n_118569-n_118570;p_244;#=ew_69_245069;prefix=91027-;[0]=ew_0_731655,WU04M,Historical,179.186,179.106,https://labbcat.canterbury.ac.nz/maonze/transcript?ag_id=1213#ew_0_731655,0.08,80,4.382026635,,
3255,ia,g_1242;em_12_111654;n_119232-n_119233;p_249;#=ew_69_181397;prefix=30662-;[0]=ew_0_1229953,L1H06M,L1,190.555,190.475,https://labbcat.canterbury.ac.nz/maonze/transcript?ag_id=1242#ew_0_1229953,0.08,80,4.382026635,,
3258,ia,g_13;em_12_1019;n_31654-n_31655;p_19;#=ew_69_152670;prefix=03416-;[0]=ew_0_8932,K002M,PresentElder,168.859,168.779,https://labbcat.canterbury.ac.nz/maonze/transcript?ag_id=13#ew_0_8932,0.08,80,4.382026635,,
3380,ia,g_1536;em_12_126761;n_130542-n_25541;p_200;#=ew_69_216291;prefix=63614-;[0]=ew_0_894346,MU08M,Historical,129.798,129.718,https://labbcat.canterbury.ac.nz/maonze/transcript?ag_id=1536#ew_0_894346,0.08,80,4.382026635,,
3458,ia,g_1635;em_12_132861;n_135100-n_135101;p_288;#=ew_69_195665;prefix=44176-;[0]=ew_0_940663,L2H03M,L2,209.68,209.6,https://labbcat.canterbury.ac.nz/maonze/transcript?ag_id=1635#ew_0_940663,0.08,80,4.382026635,,
3464,ia,g_1638;em_12_133089;n_135314-n_135315;p_288;#=ew_69_195961;prefix=44581-;[0]=ew_0_941756,L2H03M,L2,232.567,232.487,https://labbcat.canterbury.ac.nz/maonze/transcript?ag_id=1638#ew_0_941756,0.08,80,4.382026635,,
3543,ia,g_1668;em_12_134922;n_136733-n_136734;p_302;#=ew_69_198353;prefix=46606-;[0]=ew_0_956407,L2H04M,L2,166.342,166.262,https://labbcat.canterbury.ac.nz/maonze/transcript?ag_id=1668#ew_0_956407,0.08,80,4.382026635,,
3552,ia,g_1671;em_12_135023;n_136815-n_136816;p_302;#=ew_69_198788;prefix=47038-;[0]=ew_0_958005,L2H04M,L2,108.025,107.945,https://labbcat.canterbury.ac.nz/maonze/transcript?ag_id=1671#ew_0_958005,0.08,80,4.382026635,,
3604,ia,g_1842;em_12_149125;n_3849340-n_3849349;p_49;#=ew_69_204805;prefix=52646-;[0]=ew_0_1102332,L2Y03M,L2,140.531,140.451,https://labbcat.canterbury.ac.nz/maonze/transcript?ag_id=1842#ew_0_1102332,0.08,80,4.382026635,,
3605,ia,g_1842;em_12_149127;n_3849362-n_3849376;p_49;#=ew_69_204814;prefix=52649-;[0]=ew_0_1102351,L2Y03M,L2,151.562,151.482,https://labbcat.canterbury.ac.nz/maonze/transcript?ag_id=1842#ew_0_1102351,0.08,80,4.382026635,,
3646,ia,g_1884;em_12_155140;n_5260175-n_5260188;p_334;#=ew_69_237325;prefix=83472-;[0]=ew_0_1171564,R011M,PresentElder,205.865,205.785,https://labbcat.canterbury.ac.nz/maonze/transcript?ag_id=1884#ew_0_1171564,0.08,80,4.382026635,,
3724,ia,g_1909;em_12_156839;n_5285460-n_5285483;p_333;#=ew_69_240952;prefix=86610-;[0]=ew_0_1191644,R012M,PresentElder,130.019,129.939,https://labbcat.canterbury.ac.nz/maonze/transcript?ag_id=1909#ew_0_1191644,0.08,80,4.382026635,,
3872,ia,g_311;em_12_160616;n_5999376-n_5999380;p_81;#=ew_69_187177;prefix=36082-;[0]=ew_0_1240689,L1Y03M,L1,143.293,143.213,https://labbcat.canterbury.ac.nz/maonze/transcript?ag_id=311#ew_0_1240689,0.08,80,4.382026635,,
3890,ia,g_320;em_12_31394;n_55991-n_55993;p_89;#=ew_69_188277;prefix=37132-;[0]=ew_0_214506,L1Y04M,L1,128.839,128.759,https://labbcat.canterbury.ac.nz/maonze/transcript?ag_id=320#ew_0_214506,0.08,80,4.382026635,,
3913,ia,g_329;em_12_33193;n_57459-n_57460;p_85;#=ew_69_184729;prefix=34041-;[0]=ew_0_220221,L1Y02M,L1,167.597,167.517,https://labbcat.canterbury.ac.nz/maonze/transcript?ag_id=329#ew_0_220221,0.08,80,4.382026635,,
3926,ia,g_335;em_12_33325;n_57564-n_57565;p_85;#=ew_69_185620;prefix=34671-;[0]=ew_0_221915,L1Y02M,L1,138.187,138.107,https://labbcat.canterbury.ac.nz/maonze/transcript?ag_id=335#ew_0_221915,0.08,80,4.382026635,,
3952,ia,g_365;em_12_150200;n_4458951-n_4458970;p_92;#=ew_69_212923;prefix=60060-;[0]=ew_0_1119088,MU04M,Historical,213.062,212.982,https://labbcat.canterbury.ac.nz/maonze/transcript?ag_id=365#ew_0_1119088,0.08,80,4.382026635,,
3958,ia,g_366;em_12_150386;n_4519613-n_4519615;p_92;#=ew_69_212330;prefix=60172-;[0]=ew_0_1124106,MU04M,Historical,177.566,177.486,https://labbcat.canterbury.ac.nz/maonze/transcript?ag_id=366#ew_0_1124106,0.08,80,4.382026635,,
3995,ia,g_377;em_12_150228;n_61162-n_4462208;p_94;#=ew_69_214159;prefix=61882-;[0]=ew_0_1120264,MU05M,Historical,171.859,171.779,https://labbcat.canterbury.ac.nz/maonze/transcript?ag_id=377#ew_0_1120264,0.08,80,4.382026635,,
4088,ia,g_451;em_12_169862;n_6947088-n_6947089;p_110;#=ew_69_156444;prefix=07109-;[0]=ew_0_1327498,K003M,PresentElder,203.086,203.006,https://labbcat.canterbury.ac.nz/maonze/transcript?ag_id=451#ew_0_1327498,0.08,80,4.382026635,,
4150,ia,g_479;em_12_49256;n_71164-n_71165;p_121;#=ew_69_167994;prefix=17978-;[0]=ew_0_308188,K009M,PresentElder,128.655,128.575,https://labbcat.canterbury.ac.nz/maonze/transcript?ag_id=479#ew_0_308188,0.08,80,4.382026635,,
4211,ia,g_495;em_12_51273;n_72661-n_72662;p_122;#=ew_69_170755;prefix=20357-;[0]=ew_0_318624,K010M,PresentElder,229.816,229.736,https://labbcat.canterbury.ac.nz/maonze/transcript?ag_id=495#ew_0_318624,0.08,80,4.382026635,,
4233,ia,g_54;em_12_161899;n_6213646-n_6213647;p_32;#=ew_69_158339;prefix=08586-;[0]=ew_0_1259566,K004M,PresentElder,232.733,232.653,https://labbcat.canterbury.ac.nz/maonze/transcript?ag_id=54#ew_0_1259566,0.08,80,4.382026635,,
4239,ia,g_55;em_12_161969;n_6214569-n_6214570;p_32;#=ew_69_158864;prefix=08913-;[0]=ew_0_1259750,K004M,PresentElder,228.233,228.153,https://labbcat.canterbury.ac.nz/maonze/transcript?ag_id=55#ew_0_1259750,0.08,80,4.382026635,,
4278,ia,g_598;em_12_63957;n_83556-n_83557;p_140;#=ew_69_189527;prefix=38508-;[0]=ew_0_381428,L1Y05M,L1,132.27,132.19,https://labbcat.canterbury.ac.nz/maonze/transcript?ag_id=598#ew_0_381428,0.08,80,4.382026635,,
4309,ia,g_605;em_12_64391;n_83983-n_83984;p_140;#=ew_69_190963;prefix=39901-;[0]=ew_0_386310,L1Y05M,L1,174.693,174.613,https://labbcat.canterbury.ac.nz/maonze/transcript?ag_id=605#ew_0_386310,0.08,80,4.382026635,,
4323,ia,g_610;em_12_64676;n_84244-n_84245;p_142;#=ew_69_181997;prefix=31001-;[0]=ew_0_388809,L1Y01M,L1,67.394,67.314,https://labbcat.canterbury.ac.nz/maonze/transcript?ag_id=610#ew_0_388809,0.08,80,4.382026635,,
4372,ia,g_632;em_12_66161;n_85615-n_85616;p_143;#=ew_69_203395;prefix=51612-;[0]=ew_0_402016,L2Y02M,L2,229.203,229.123,https://labbcat.canterbury.ac.nz/maonze/transcript?ag_id=632#ew_0_402016,0.08,80,4.382026635,,
4396,ia,g_637;em_12_66626;n_85992-n_85993;p_145;#=ew_69_201021;prefix=49346-;[0]=ew_0_405710,L2Y01M,L2,86.674,86.594,https://labbcat.canterbury.ac.nz/maonze/transcript?ag_id=637#ew_0_405710,0.08,80,4.382026635,,
4437,ia,g_666;em_12_70535;n_89328-n_89329;p_148;#=ew_69_207799;prefix=55784-;[0]=ew_0_422693,L2Y05M,L2,251.625,251.545,https://labbcat.canterbury.ac.nz/maonze/transcript?ag_id=666#ew_0_422693,0.08,80,4.382026635,,
4534,ia,g_86;em_12_160569;n_5958131-n_5958140;p_37;#=ew_69_161431;prefix=11424-;[0]=ew_0_1236217,K005M,PresentElder,199.592,199.512,https://labbcat.canterbury.ac.nz/maonze/transcript?ag_id=86#ew_0_1236217,0.08,80,4.382026635,,
4630,ia,g_893;em_12_88417;n_102683-n_102684;p_174;#=ew_69_179575;prefix=28549-;[0]=ew_0_562833,L1H05M,L1,145.906,145.826,https://labbcat.canterbury.ac.nz/maonze/transcript?ag_id=893#ew_0_562833,0.08,80,4.382026635,,
4668,ia,g_904;em_12_159832;n_5773837-n_5773847;p_174;#=ew_69_178442;prefix=27583-;[0]=ew_0_1223788,L1H05M,L1,242.232,242.152,https://labbcat.canterbury.ac.nz/maonze/transcript?ag_id=904#ew_0_1223788,0.08,80,4.382026635,,
4686,ia,g_911;em_12_89314;n_103309-n_103310;p_173;#=ew_69_176730;prefix=26140-;[0]=ew_0_572395,L1H04M,L1,180.044,179.964,https://labbcat.canterbury.ac.nz/maonze/transcript?ag_id=911#ew_0_572395,0.08,80,4.382026635,,
4960,oa,g_1017;em_12_95889;n_16996-n_16997;p_188;#=ew_69_230678;prefix=77112-;[0]=ew_0_628186,R007M,PresentElder,141.531,141.451,https://labbcat.canterbury.ac.nz/maonze/transcript?ag_id=1017#ew_0_628186,0.08,80,4.382026635,,
5168,oa,g_12;em_12_935;n_31571-n_31572;p_28;#=ew_69_149599;prefix=00150-;[0]=ew_0_8264,K001M,PresentElder,217.417,217.337,https://labbcat.canterbury.ac.nz/maonze/transcript?ag_id=12#ew_0_8264,0.08,80,4.382026635,,
5348,oa,g_1525;em_12_126203;n_130229-n_6614581;p_287;#=ew_69_228856;prefix=75577-;[0]=ew_0_888280,R006M,PresentElder,199.537,199.457,https://labbcat.canterbury.ac.nz/maonze/transcript?ag_id=1525#ew_0_888280,0.08,80,4.382026635,,
5387,oa,g_1618;em_12_131829;n_134302-n_30521;p_299;#=ew_69_192376;prefix=40711-;[0]=ew_0_933621,L2H01M,L2,244.918,244.838,https://labbcat.canterbury.ac.nz/maonze/transcript?ag_id=1618#ew_0_933621,0.08,80,4.382026635,,
5388,oa,g_1619;em_12_131848;n_6993036-n_134319;p_299;#=ew_69_191968;prefix=40749-;[0]=ew_0_933805,L2H01M,L2,76.302,76.222,https://labbcat.canterbury.ac.nz/maonze/transcript?ag_id=1619#ew_0_933805,0.08,80,4.382026635,,
5520,oa,g_1686;em_12_135989;n_137483-n_137484;p_307;#=ew_69_199120;prefix=47406-;[0]=ew_0_965338,L2H05M,L2,192.383,192.303,https://labbcat.canterbury.ac.nz/maonze/transcript?ag_id=1686#ew_0_965338,0.08,80,4.382026635,,
6252,oa,g_630;em_12_65847;n_85323-n_85324;p_143;#=ew_69_203634;prefix=50992-;[0]=ew_0_399688,L2Y02M,L2,150.197,150.117,https://labbcat.canterbury.ac.nz/maonze/transcript?ag_id=630#ew_0_399688,0.08,80,4.382026635,,
6394,oa,g_86;em_12_160571;n_5958153-n_5958166;p_37;#=ew_69_161454;prefix=11436-;[0]=ew_0_1236882,K005M,PresentElder,216.24,216.16,https://labbcat.canterbury.ac.nz/maonze/transcript?ag_id=86#ew_0_1236882,0.08,80,4.382026635,,
6474,oa,g_894;em_12_88478;n_102734-n_102735;p_174;#=ew_69_179495;prefix=28416-;[0]=ew_0_563602,L1H05M,L1,208.525,208.445,https://labbcat.canterbury.ac.nz/maonze/transcript?ag_id=894#ew_0_563602,0.08,80,4.382026635,,
6683,ua,g_100;em_12_162725;n_6281964-n_6281970;p_41;#=ew_69_162749;prefix=13404-;[0]=ew_0_1271417,K007M,PresentElder,138.276,138.196,https://labbcat.canterbury.ac.nz/maonze/transcript?ag_id=100#ew_0_1271417,0.08,80,4.382026635,,
6693,ua,g_100;em_12_162762;n_6281955-n_6281959;p_41;#=ew_69_162742;prefix=13397-;[0]=ew_0_1272425,K007M,PresentElder,128.877,128.797,https://labbcat.canterbury.ac.nz/maonze/transcript?ag_id=100#ew_0_1272425,0.08,80,4.382026635,,
6805,ua,g_1024;em_12_96169;n_108614-n_17155;p_190;#=ew_69_233260;prefix=79191-;[0]=ew_0_631605,R009M,PresentElder,186.418,186.338,https://labbcat.canterbury.ac.nz/maonze/transcript?ag_id=1024#ew_0_631605,0.08,80,4.382026635,,
6828,ua,g_1029;em_12_96379;n_108740-n_108741;p_190;#=ew_69_233548;prefix=79905-;[0]=ew_0_634625,R009M,PresentElder,91.927,91.847,https://labbcat.canterbury.ac.nz/maonze/transcript?ag_id=1029#ew_0_634625,0.08,80,4.382026635,,
6836,ua,g_103;em_12_162967;n_6286033-n_6286039;p_41;#=ew_69_164726;prefix=14066-;[0]=ew_0_1273221,K007M,PresentElder,230.645,230.565,https://labbcat.canterbury.ac.nz/maonze/transcript?ag_id=103#ew_0_1273221,0.08,80,4.382026635,,
6860,ua,g_1033;em_12_96560;n_17278-n_108875;p_190;#=ew_69_233687;prefix=80544-;[0]=ew_0_637248,R009M,PresentElder,146.514,146.434,https://labbcat.canterbury.ac.nz/maonze/transcript?ag_id=1033#ew_0_637248,0.08,80,4.382026635,,
6865,ua,g_1033;em_12_96567;n_108879-n_108880;p_190;#=ew_69_233765;prefix=80579-;[0]=ew_0_637338,R009M,PresentElder,181.495,181.415,https://labbcat.canterbury.ac.nz/maonze/transcript?ag_id=1033#ew_0_637338,0.08,80,4.382026635,,
6866,ua,g_1033;em_12_96567;n_108879-n_108880;p_190;#=ew_69_233771;prefix=80582-;[0]=ew_0_637345,R009M,PresentElder,183.335,183.255,https://labbcat.canterbury.ac.nz/maonze/transcript?ag_id=1033#ew_0_637345,0.08,80,4.382026635,,
6987,ua,g_1048;em_12_97589;n_109487-n_17638;p_193;#=ew_69_236807;prefix=83074-;[0]=ew_0_647611,R010M,PresentElder,198.798,198.718,https://labbcat.canterbury.ac.nz/maonze/transcript?ag_id=1048#ew_0_647611,0.08,80,4.382026635,,
7162,ua,g_1087;em_12_100478;n_111573-n_111574;p_208;#=ew_69_247876;prefix=93412-;[0]=ew_0_668596,WU07M,Historical,175.561,175.481,https://labbcat.canterbury.ac.nz/maonze/transcript?ag_id=1087#ew_0_668596,0.08,80,4.382026635,,
7167,ua,g_1087;em_12_100493;n_111584-n_111585;p_208;#=ew_69_247934;prefix=93442-;[0]=ew_0_668740,WU07M,Historical,226.013,225.933,https://labbcat.canterbury.ac.nz/maonze/transcript?ag_id=1087#ew_0_668740,0.08,80,4.382026635,,
7194,ua,g_1090;em_12_100612;n_111655-n_111656;p_208;#=ew_69_248031;prefix=93692-;[0]=ew_0_669775,WU07M,Historical,116.171,116.091,https://labbcat.canterbury.ac.nz/maonze/transcript?ag_id=1090#ew_0_669775,0.08,80,4.382026635,,
7197,ua,g_1090;em_12_100632;n_111675-n_111676;p_208;#=ew_69_248070;prefix=93730-;[0]=ew_0_669937,WU07M,Historical,178.449,178.369,https://labbcat.canterbury.ac.nz/maonze/transcript?ag_id=1090#ew_0_669937,0.08,80,4.382026635,,
7367,ua,g_1238;em_12_111388;n_21622-n_30136;p_249;#=ew_69_180580;prefix=30216-;[0]=ew_0_744460,L1H06M,L1,249.649,249.569,https://labbcat.canterbury.ac.nz/maonze/transcript?ag_id=1238#ew_0_744460,0.08,80,4.382026635,,
7390,ua,g_1242;em_12_160294;n_5825666-n_21866;p_249;#=ew_69_181429;prefix=30693-;[0]=ew_0_1228916,L1H06M,L1,232.508,232.428,https://labbcat.canterbury.ac.nz/maonze/transcript?ag_id=1242#ew_0_1228916,0.08,80,4.382026635,,
7470,ua,g_1372;em_12_118264;n_123811-n_6613434;p_287;#=ew_69_227799;prefix=74734-;[0]=ew_0_814233,R006M,PresentElder,117.043,116.963,https://labbcat.canterbury.ac.nz/maonze/transcript?ag_id=1372#ew_0_814233,0.08,80,4.382026635,,
7484,ua,g_1374;em_12_118363;n_123906-n_123907;p_284;#=ew_69_210413;prefix=58299-;[0]=ew_0_815572,MU01M,Historical,201.715,201.635,https://labbcat.canterbury.ac.nz/maonze/transcript?ag_id=1374#ew_0_815572,0.08,80,4.382026635,,
7597,ua,g_1517;em_12_125804;n_129883-n_129884;p_276;#=ew_69_242243;prefix=88037-;[0]=ew_0_883569,WU03M,Historical,203.4,203.32,https://labbcat.canterbury.ac.nz/maonze/transcript?ag_id=1517#ew_0_883569,0.08,80,4.382026635,,
7696,ua,g_1541;em_12_127016;n_25633-n_25634;p_291;#=ew_69_216374;prefix=63748-;[0]=ew_0_896693,MU09M,Historical,193.782,193.702,https://labbcat.canterbury.ac.nz/maonze/transcript?ag_id=1541#ew_0_896693,0.08,80,4.382026635,,
7707,ua,g_1544;em_12_127208;n_25765-n_25766;p_291;#=ew_69_216578;prefix=63879-;[0]=ew_0_898563,MU09M,Historical,166.574,166.494,https://labbcat.canterbury.ac.nz/maonze/transcript?ag_id=1544#ew_0_898563,0.08,80,4.382026635,,
7733,ua,g_1618;em_12_131813;n_134290-n_134291;p_299;#=ew_69_192342;prefix=40677-;[0]=ew_0_933480,L2H01M,L2,181.149,181.069,https://labbcat.canterbury.ac.nz/maonze/transcript?ag_id=1618#ew_0_933480,0.08,80,4.382026635,,
7753,ua,g_1621;em_12_132041;n_26844-n_134473;p_299;#=ew_69_191904;prefix=41039-;[0]=ew_0_935229,L2H01M,L2,227.095,227.015,https://labbcat.canterbury.ac.nz/maonze/transcript?ag_id=1621#ew_0_935229,0.08,80,4.382026635,,
7754,ua,g_1621;em_12_132041;n_26844-n_134473;p_299;#=ew_69_191914;prefix=41041-;[0]=ew_0_935232,L2H01M,L2,228.835,228.755,https://labbcat.canterbury.ac.nz/maonze/transcript?ag_id=1621#ew_0_935232,0.08,80,4.382026635,,
7788,ua,g_1626;em_12_132400;n_134728-n_134729;p_299;#=ew_69_192842;prefix=41558-;[0]=ew_0_937597,L2H01M,L2,164.982,164.902,https://labbcat.canterbury.ac.nz/maonze/transcript?ag_id=1626#ew_0_937597,0.08,80,4.382026635,,
7892,ua,g_1648;em_12_133677;n_135833-n_135834;p_300;#=ew_69_193602;prefix=42389-;[0]=ew_0_946381,L2H02M,L2,130.131,130.051,https://labbcat.canterbury.ac.nz/maonze/transcript?ag_id=1648#ew_0_946381,0.08,80,4.382026635,,
7984,ua,g_1664;em_12_134764;n_136598-n_136599;p_302;#=ew_69_197371;prefix=46082-;[0]=ew_0_954509,L2H04M,L2,223.192,223.112,https://labbcat.canterbury.ac.nz/maonze/transcript?ag_id=1664#ew_0_954509,0.08,80,4.382026635,,
8116,ua,g_1748;em_12_139767;n_140464-n_140465;p_318;#=ew_69_231214;prefix=77841-;[0]=ew_0_1002251,R008M,PresentElder,171.805,171.725,https://labbcat.canterbury.ac.nz/maonze/transcript?ag_id=1748#ew_0_1002251,0.08,80,4.382026635,,
8123,ua,g_1749;em_12_139851;n_140535-n_140536;p_318;#=ew_69_231368;prefix=77954-;[0]=ew_0_1002680,R008M,PresentElder,206.179,206.099,https://labbcat.canterbury.ac.nz/maonze/transcript?ag_id=1749#ew_0_1002680,0.08,80,4.382026635,,
8150,ua,g_1752;em_12_140046;n_140702-n_140703;p_318;#=ew_69_231754;prefix=78270-;[0]=ew_0_1003703,R008M,PresentElder,118.424,118.344,https://labbcat.canterbury.ac.nz/maonze/transcript?ag_id=1752#ew_0_1003703,0.08,80,4.382026635,,
8162,ua,g_1839;em_12_148925;n_3846747-n_3846762;p_49;#=ew_69_204148;prefix=52247-;[0]=ew_0_1100148,L2Y03M,L2,209.71,209.63,https://labbcat.canterbury.ac.nz/maonze/transcript?ag_id=1839#ew_0_1100148,0.08,80,4.382026635,,
8326,ua,g_1902;em_12_156425;n_5279175-n_5279198;p_333;#=ew_69_239397;prefix=85319-;[0]=ew_0_1186564,R012M,PresentElder,160.716,160.636,https://labbcat.canterbury.ac.nz/maonze/transcript?ag_id=1902#ew_0_1186564,0.08,80,4.382026635,,
8331,ua,g_1903;em_12_156460;n_5279981-n_5280005;p_333;#=ew_69_239996;prefix=85589-;[0]=ew_0_1187409,R012M,PresentElder,171.244,171.164,https://labbcat.canterbury.ac.nz/maonze/transcript?ag_id=1903#ew_0_1187409,0.08,80,4.382026635,,
8357,ua,g_1905;em_12_156645;n_5282012-n_5282029;p_333;#=ew_69_239001;prefix=85927-;[0]=ew_0_1188519,R012M,PresentElder,180.376,180.296,https://labbcat.canterbury.ac.nz/maonze/transcript?ag_id=1905#ew_0_1188519,0.08,80,4.382026635,,
8369,ua,g_1908;em_12_156760;n_5284771-n_5284777;p_333;#=ew_69_241203;prefix=86380-;[0]=ew_0_1191416,R012M,PresentElder,251.067,250.987,https://labbcat.canterbury.ac.nz/maonze/transcript?ag_id=1908#ew_0_1191416,0.08,80,4.382026635,,
8383,ua,g_1909;em_12_156838;n_5285582-n_5285594;p_333;#=ew_69_241016;prefix=86639-;[0]=ew_0_1191662,R012M,PresentElder,169.306,169.226,https://labbcat.canterbury.ac.nz/maonze/transcript?ag_id=1909#ew_0_1191662,0.08,80,4.382026635,,
8397,ua,g_1910;em_12_156915;n_5286664-n_5286676;p_333;#=ew_69_240536;prefix=86949-;[0]=ew_0_1192975,R012M,PresentElder,152.187,152.107,https://labbcat.canterbury.ac.nz/maonze/transcript?ag_id=1910#ew_0_1192975,0.08,80,4.382026635,,
8399,ua,g_1910;em_12_156919;n_5286676-n_5286697;p_333;#=ew_69_240539;prefix=86951-;[0]=ew_0_1192683,R012M,PresentElder,158.429,158.349,https://labbcat.canterbury.ac.nz/maonze/transcript?ag_id=1910#ew_0_1192683,0.08,80,4.382026635,,
8400,ua,g_1910;em_12_156920;n_5286697-n_5286710;p_333;#=ew_69_240544;prefix=86955-;[0]=ew_0_1192816,R012M,PresentElder,163.471,163.391,https://labbcat.canterbury.ac.nz/maonze/transcript?ag_id=1910#ew_0_1192816,0.08,80,4.382026635,,
8406,ua,g_1910;em_12_156941;n_5286814-n_5286838;p_333;#=ew_69_240587;prefix=86770-;[0]=ew_0_1192556,R012M,PresentElder,203.143,203.063,https://labbcat.canterbury.ac.nz/maonze/transcript?ag_id=1910#ew_0_1192556,0.08,80,4.382026635,,
8407,ua,g_1910;em_12_156941;n_5286814-n_5286838;p_333;#=ew_69_240592;prefix=86772-;[0]=ew_0_1192593,R012M,PresentElder,203.793,203.713,https://labbcat.canterbury.ac.nz/maonze/transcript?ag_id=1910#ew_0_1192593,0.08,80,4.382026635,,
8487,ua,g_1945;em_12_165883;n_6848260-n_6848270;p_28;#=ew_69_151222;prefix=01606-;[0]=ew_0_1297685,K001M,PresentElder,141.22,141.14,https://labbcat.canterbury.ac.nz/maonze/transcript?ag_id=1945#ew_0_1297685,0.08,80,4.382026635,,
8508,ua,g_20;em_12_1625;n_32244-n_32245;p_19;#=ew_69_153794;prefix=03640-;[0]=ew_0_14074,K002M,PresentElder,161.949,161.869,https://labbcat.canterbury.ac.nz/maonze/transcript?ag_id=20#ew_0_14074,0.08,80,4.382026635,,
8522,ua,g_22;em_12_1817;n_32434-n_32435;p_19;#=ew_69_153443;prefix=04111-;[0]=ew_0_15558,K002M,PresentElder,100.394,100.314,https://labbcat.canterbury.ac.nz/maonze/transcript?ag_id=22#ew_0_15558,0.08,80,4.382026635,,
8558,ua,g_27;em_12_2230;n_32837-n_32838;p_19;#=ew_69_154825;prefix=05173-;[0]=ew_0_18885,K002M,PresentElder,130.484,130.404,https://labbcat.canterbury.ac.nz/maonze/transcript?ag_id=27#ew_0_18885,0.08,80,4.382026635,,
8606,ua,g_308;em_12_160741;n_5999874-n_5999884;p_81;#=ew_69_186229;prefix=35712-;[0]=ew_0_1240587,L1Y03M,L1,204.025,203.945,https://labbcat.canterbury.ac.nz/maonze/transcript?ag_id=308#ew_0_1240587,0.08,80,4.382026635,,
8607,ua,g_308;em_12_160743;n_5999840-n_5999847;p_81;#=ew_69_186207;prefix=35765-;[0]=ew_0_1238917,L1Y03M,L1,183.983,183.903,https://labbcat.canterbury.ac.nz/maonze/transcript?ag_id=308#ew_0_1238917,0.08,80,4.382026635,,
8630,ua,g_312;em_12_30423;n_55109-n_55110;p_81;#=ew_69_186962;prefix=36168-;[0]=ew_0_1240272,L1Y03M,L1,133.877,133.797,https://labbcat.canterbury.ac.nz/maonze/transcript?ag_id=312#ew_0_1240272,0.08,80,4.382026635,,
8634,ua,g_316;em_12_30742;n_55381-n_55383;p_89;#=ew_69_187524;prefix=36591-;[0]=ew_0_1097485,L1Y04M,L1,224.251,224.171,https://labbcat.canterbury.ac.nz/maonze/transcript?ag_id=316#ew_0_1097485,0.08,80,4.382026635,,
8658,ua,g_321;em_12_148604;n_3841351-n_5692;p_89;#=ew_69_188189;prefix=37368-;[0]=ew_0_1096976,L1Y04M,L1,219.632,219.552,https://labbcat.canterbury.ac.nz/maonze/transcript?ag_id=321#ew_0_1096976,0.08,80,4.382026635,,
8948,ua,g_447;em_12_169748;n_6945230-n_6945231;p_110;#=ew_69_155518;prefix=06055-;[0]=ew_0_1326498,K003M,PresentElder,75.147,75.067,https://labbcat.canterbury.ac.nz/maonze/transcript?ag_id=447#ew_0_1326498,0.08,80,4.382026635,,
9179,ua,g_492;em_12_50754;n_72327-n_72328;p_122;#=ew_69_170026;prefix=19921-;[0]=ew_0_316556,K010M,PresentElder,131.162,131.082,https://labbcat.canterbury.ac.nz/maonze/transcript?ag_id=492#ew_0_316556,0.08,80,4.382026635,,
9217,ua,g_52;em_12_3734;n_34067-n_34068;p_32;#=ew_69_157898;prefix=08059-;[0]=ew_0_34306,K004M,PresentElder,87.781,87.701,https://labbcat.canterbury.ac.nz/maonze/transcript?ag_id=52#ew_0_34306,0.08,80,4.382026635,,
9237,ua,g_54;em_12_161923;n_6213647-n_6213648;p_32;#=ew_69_158360;prefix=08596-;[0]=ew_0_1258950,K004M,PresentElder,242.953,242.873,https://labbcat.canterbury.ac.nz/maonze/transcript?ag_id=54#ew_0_1258950,0.08,80,4.382026635,,
9320,ua,g_603;em_12_64271;n_83865-n_83866;p_140;#=ew_69_190749;prefix=39429-;[0]=ew_0_1249945,L1Y05M,L1,175.513,175.433,https://labbcat.canterbury.ac.nz/maonze/transcript?ag_id=603#ew_0_1249945,0.08,80,4.382026635,,
9391,ua,g_612;em_12_64795;n_84361-n_84362;p_142;#=ew_69_182262;prefix=31317-;[0]=ew_0_390102,L1Y01M,L1,177.37,177.29,https://labbcat.canterbury.ac.nz/maonze/transcript?ag_id=612#ew_0_390102,0.08,80,4.382026635,,
9535,ua,g_632;em_12_66144;n_85600-n_85601;p_143;#=ew_69_203370;prefix=51587-;[0]=ew_0_401902,L2Y02M,L2,187.792,187.712,https://labbcat.canterbury.ac.nz/maonze/transcript?ag_id=632#ew_0_401902,0.08,80,4.382026635,,
9654,ua,g_655;em_12_68960;n_87946-n_87947;p_146;#=ew_69_206371;prefix=54349-;[0]=ew_0_416656,L2Y04M,L2,199.851,199.771,https://labbcat.canterbury.ac.nz/maonze/transcript?ag_id=655#ew_0_416656,0.08,80,4.382026635,,
9767,ua,g_77;em_12_5387;n_35482-n_35483;p_37;#=ew_69_160773;prefix=10413-;[0]=ew_0_52843,K005M,PresentElder,222.972,222.892,https://labbcat.canterbury.ac.nz/maonze/transcript?ag_id=77#ew_0_52843,0.08,80,4.382026635,,
9828,ua,g_849;em_12_85459;n_100475-n_100476;p_167;#=ew_69_171445;prefix=20823-;[0]=ew_0_540969,L1H01M,L1,129.906,129.826,https://labbcat.canterbury.ac.nz/maonze/transcript?ag_id=849#ew_0_540969,0.08,80,4.382026635,,
9880,ua,g_861;em_12_86291;n_14710-n_101231;p_168;#=ew_69_173302;prefix=22605-;[0]=ew_0_547530,L1H02M,L1,157.108,157.028,https://labbcat.canterbury.ac.nz/maonze/transcript?ag_id=861#ew_0_547530,0.08,80,4.382026635,,
9918,ua,g_866;em_12_159628;n_5715786-n_5715791;p_168;#=ew_69_173348;prefix=23484-;[0]=ew_0_1221407,L1H02M,L1,182.881,182.801,https://labbcat.canterbury.ac.nz/maonze/transcript?ag_id=866#ew_0_1221407,0.08,80,4.382026635,,
9978,ua,g_875;em_12_87258;n_101913-n_101914;p_169;#=ew_69_174885;prefix=24511-;[0]=ew_0_554933,L1H03M,L1,76.028,75.948,https://labbcat.canterbury.ac.nz/maonze/transcript?ag_id=875#ew_0_554933,0.08,80,4.382026635,,
10088,ua,g_895;em_12_88510;n_102761-n_15363;p_174;#=ew_69_178096;prefix=28202-;[0]=ew_0_564009,L1H05M,L1,131.37,131.29,https://labbcat.canterbury.ac.nz/maonze/transcript?ag_id=895#ew_0_564009,0.08,80,4.382026635,,
10102,ua,g_897;em_12_88625;n_102861-n_102862;p_174;#=ew_69_178684;prefix=27885-;[0]=ew_0_565350,L1H05M,L1,186.494,186.414,https://labbcat.canterbury.ac.nz/maonze/transcript?ag_id=897#ew_0_565350,0.08,80,4.382026635,,
10105,ua,g_897;em_12_88635;n_102871-n_102872;p_174;#=ew_69_178755;prefix=27919-;[0]=ew_0_565454,L1H05M,L1,232.359,232.279,https://labbcat.canterbury.ac.nz/maonze/transcript?ag_id=897#ew_0_565454,0.08,80,4.382026635,,
10123,ua,g_9;em_12_590;n_31238-n_31239;p_28;#=ew_69_150510;prefix=00788-;[0]=ew_0_5377,K001M,PresentElder,115.665,115.585,https://labbcat.canterbury.ac.nz/maonze/transcript?ag_id=9#ew_0_5377,0.08,80,4.382026635,,
10169,ua,g_906;em_12_89109;n_15486-n_6967224;p_173;#=ew_69_176930;prefix=26676-;[0]=ew_0_569748,L1H04M,L1,129.994,129.914,https://labbcat.canterbury.ac.nz/maonze/transcript?ag_id=906#ew_0_569748,0.08,80,4.382026635,,
10297,ua,g_930;em_12_90625;n_104440-n_104441;p_179;#=ew_69_218021;prefix=65250-;[0]=ew_0_582180,R001M,PresentElder,86.168,86.088,https://labbcat.canterbury.ac.nz/maonze/transcript?ag_id=930#ew_0_582180,0.08,80,4.382026635,,
10375,ua,g_942;em_12_91460;n_15904-n_105161;p_179;#=ew_69_219450;prefix=66794-;[0]=ew_0_587770,R001M,PresentElder,122.662,122.582,https://labbcat.canterbury.ac.nz/maonze/transcript?ag_id=942#ew_0_587770,0.08,80,4.382026635,,
10523,ua,g_97;em_12_162827;n_6282100-n_6282104;p_41;#=ew_69_163384;prefix=12740-;[0]=ew_0_1268669,K007M,PresentElder,236.978,236.898,https://labbcat.canterbury.ac.nz/maonze/transcript?ag_id=97#ew_0_1268669,0.08,80,4.382026635,,
10559,ua,g_973;em_12_93097;n_106440-n_6583043;p_184;#=ew_69_223909;prefix=70909-;[0]=ew_0_603828,R004M,PresentElder,166.836,166.756,https://labbcat.canterbury.ac.nz/maonze/transcript?ag_id=973#ew_0_603828,0.08,80,4.382026635,,
10639,ua,g_986;em_12_93901;n_106982-n_106983;p_182;#=ew_69_226337;prefix=72866-;[0]=ew_0_610437,R005M,PresentElder,156.866,156.786,https://labbcat.canterbury.ac.nz/maonze/transcript?ag_id=986#ew_0_610437,0.08,80,4.382026635,,
1175,ea,g_1943;em_12_165681;n_6845814-n_6845824;p_19;#=ew_69_151829;prefix=02579-;[0]=ew_0_1296083,K002M,PresentElder,46.801,46.721,https://labbcat.canterbury.ac.nz/maonze/transcript?ag_id=1943#ew_0_1296083,0.08,80,4.382026635,,
2893,ia,g_1018;em_12_163648;n_6670256-n_6670260;p_188;#=ew_69_230418;prefix=77209-;[0]=ew_0_1281934,R007M,PresentElder,46.569,46.489,https://labbcat.canterbury.ac.nz/maonze/transcript?ag_id=1018#ew_0_1281934,0.08,80,4.382026635,,
2936,ia,g_1029;em_12_96371;n_108734-n_108735;p_190;#=ew_69_233476;prefix=79879-;[0]=ew_0_634499,R009M,PresentElder,37.383,37.303,https://labbcat.canterbury.ac.nz/maonze/transcript?ag_id=1029#ew_0_634499,0.08,80,4.382026635,,
2951,ia,g_1030;em_12_96408;n_108763-n_17238;p_190;#=ew_69_233849;prefix=80029-;[0]=ew_0_635073,R009M,PresentElder,32.121,32.041,https://labbcat.canterbury.ac.nz/maonze/transcript?ag_id=1030#ew_0_635073,0.08,80,4.382026635,,
2974,ia,g_1033;em_12_96541;n_108859-n_108860;p_190;#=ew_69_233576;prefix=80491-;[0]=ew_0_636999,R009M,PresentElder,37.505,37.425,https://labbcat.canterbury.ac.nz/maonze/transcript?ag_id=1033#ew_0_636999,0.08,80,4.382026635,,
2986,ia,g_1037;em_12_96727;n_109004-n_109005;p_193;#=ew_69_234999;prefix=81327-;[0]=ew_0_639680,R010M,PresentElder,46.179,46.099,https://labbcat.canterbury.ac.nz/maonze/transcript?ag_id=1037#ew_0_639680,0.08,80,4.382026635,,
3448,ia,g_1630;em_12_132595;n_134862-n_134863;p_299;#=ew_69_193181;prefix=41911-;[0]=ew_0_938981,L2H01M,L2,47.551,47.471,https://labbcat.canterbury.ac.nz/maonze/transcript?ag_id=1630#ew_0_938981,0.08,80,4.382026635,,
4667,ia,g_903;em_12_88948;n_103112-n_6969722;p_174;#=ew_69_177840;prefix=27327-;[0]=ew_0_568010,L1H05M,L1,35.06,34.98,https://labbcat.canterbury.ac.nz/maonze/transcript?ag_id=903#ew_0_568010,0.08,80,4.382026635,,
4701,ia,g_927;em_12_90300;n_104119-n_104120;p_179;#=ew_69_217177;prefix=64662-;[0]=ew_0_580246,R001M,PresentElder,48.834,48.754,https://labbcat.canterbury.ac.nz/maonze/transcript?ag_id=927#ew_0_580246,0.08,80,4.382026635,,
4723,ia,g_934;em_12_90812;n_104615-n_104616;p_179;#=ew_69_217683;prefix=65440-;[0]=ew_0_583051,R001M,PresentElder,41.38,41.3,https://labbcat.canterbury.ac.nz/maonze/transcript?ag_id=934#ew_0_583051,0.08,80,4.382026635,,
4859,ia,g_979;em_12_93562;n_106721-n_106722;p_184;#=ew_69_224906;prefix=71829-;[0]=ew_0_606998,R004M,PresentElder,37.505,37.425,https://labbcat.canterbury.ac.nz/maonze/transcript?ag_id=979#ew_0_606998,0.08,80,4.382026635,,
5149,oa,g_1092;em_12_100682;n_111716-n_29990;p_208;#=ew_69_247923;prefix=93856-;[0]=ew_0_670326,WU07M,Historical,57.804,57.724,https://labbcat.canterbury.ac.nz/maonze/transcript?ag_id=1092#ew_0_670326,0.08,80,4.382026635,,
8231,ua,g_1857;em_12_150743;n_4612884-n_4612892;p_97;#=ew_69_215964;prefix=63396-;[0]=ew_0_1126822,MU07M,Historical,34.871,34.791,https://labbcat.canterbury.ac.nz/maonze/transcript?ag_id=1857#ew_0_1126822,0.08,80,4.382026635,,
8351,ua,g_1904;em_12_156582;n_5280497-n_5280514;p_333;#=ew_69_239474;prefix=85689-;[0]=ew_0_1187719,R012M,PresentElder,48.703,48.623,https://labbcat.canterbury.ac.nz/maonze/transcript?ag_id=1904#ew_0_1187719,0.08,80,4.382026635,,
8519,ua,g_22;em_12_1803;n_32420-n_32421;p_19;#=ew_69_153307;prefix=04070-;[0]=ew_0_15433,K002M,PresentElder,36.685,36.605,https://labbcat.canterbury.ac.nz/maonze/transcript?ag_id=22#ew_0_15433,0.08,80,4.382026635,,
8741,ua,g_336;em_12_33340;n_6002-n_57574;p_85;#=ew_69_184300;prefix=33504-;[0]=ew_0_222103,L1Y02M,L1,57.029,56.949,https://labbcat.canterbury.ac.nz/maonze/transcript?ag_id=336#ew_0_222103,0.08,80,4.382026635,,
8893,ua,g_383;em_12_38501;n_62299-n_62300;p_95;#=ew_69_214952;prefix=62155-;[0]=ew_0_246298,MU06M,Historical,62.883,62.803,https://labbcat.canterbury.ac.nz/maonze/transcript?ag_id=383#ew_0_246298,0.08,80,4.382026635,,
9190,ua,g_495;em_12_51175;n_72595-n_72596;p_122;#=ew_69_170652;prefix=20288-;[0]=ew_0_318265,K010M,PresentElder,58.456,58.376,https://labbcat.canterbury.ac.nz/maonze/transcript?ag_id=495#ew_0_318265,0.08,80,4.382026635,,
9618,ua,g_642;em_12_66984;n_86236-n_86237;p_145;#=ew_69_201093;prefix=50021-;[0]=ew_0_1107383,L2Y01M,L2,34.932,34.852,https://labbcat.canterbury.ac.nz/maonze/transcript?ag_id=642#ew_0_1107383,0.08,80,4.382026635,,
10168,ua,g_906;em_12_89086;n_15472-n_15473;p_173;#=ew_69_176898;prefix=26657-;[0]=ew_0_569601,L1H04M,L1,58.929,58.849,https://labbcat.canterbury.ac.nz/maonze/transcript?ag_id=906#ew_0_569601,0.08,80,4.382026635,,
10226,ua,g_912;em_12_89331;n_15619-n_103317;p_173;#=ew_69_176531;prefix=25985-;[0]=ew_0_572663,L1H04M,L1,60.834,60.754,https://labbcat.canterbury.ac.nz/maonze/transcript?ag_id=912#ew_0_572663,0.08,80,4.382026635,,
10525,ua,g_97;em_12_162864;n_6281824-n_6281935;p_41;#=ew_69_163053;prefix=12628-;[0]=ew_0_1268494,K007M,PresentElder,37.487,37.407,https://labbcat.canterbury.ac.nz/maonze/transcript?ag_id=97#ew_0_1268494,0.08,80,4.382026635,,
10670,ua,g_99;em_12_162822;n_6281831-n_6281835;p_41;#=ew_69_163300;prefix=13210-;[0]=ew_0_1269294,K007M,PresentElder,37.962,37.882,https://labbcat.canterbury.ac.nz/maonze/transcript?ag_id=99#ew_0_1269294,0.08,80,4.382026635,,
1656,ea,g_465;em_12_47902;n_69954-n_8003;p_120;#=ew_69_165601;prefix=15707-;[0]=ew_0_299652,K008M,PresentElder,28.135,28.055,https://labbcat.canterbury.ac.nz/maonze/transcript?ag_id=465#ew_0_299652,0.08,80,4.382026635,,
1961,ea,g_620;em_12_65103;n_84659-n_84660;p_142;#=ew_69_182288;prefix=32174-;[0]=ew_0_393522,L1Y01M,L1,24.669,24.589,https://labbcat.canterbury.ac.nz/maonze/transcript?ag_id=620#ew_0_393522,0.08,80,4.382026635,,
1993,ea,g_627;em_12_65371;n_84886-n_84887;p_142;#=ew_69_183728;prefix=32985-;[0]=ew_0_396840,L1Y01M,L1,16.934,16.854,https://labbcat.canterbury.ac.nz/maonze/transcript?ag_id=627#ew_0_396840,0.08,80,4.382026635,,
2811,ea,g_988;em_12_150862;n_4619755-n_4619760;p_182;#=ew_69_225665;prefix=73137-;[0]=ew_0_1127682,R005M,PresentElder,21.85,21.77,https://labbcat.canterbury.ac.nz/maonze/transcript?ag_id=988#ew_0_1127682,0.08,80,4.382026635,,
2926,ia,g_1027;em_12_96264;n_108678-n_108679;p_190;#=ew_69_232726;prefix=79526-;[0]=ew_0_633095,R009M,PresentElder,19.609,19.529,https://labbcat.canterbury.ac.nz/maonze/transcript?ag_id=1027#ew_0_633095,0.08,80,4.382026635,,
2950,ia,g_1030;em_12_96406;n_108761-n_108762;p_190;#=ew_69_233841;prefix=80021-;[0]=ew_0_635054,R009M,PresentElder,25.096,25.016,https://labbcat.canterbury.ac.nz/maonze/transcript?ag_id=1030#ew_0_635054,0.08,80,4.382026635,,
3099,ia,g_1086;em_12_100378;n_111479-n_111480;p_208;#=ew_69_247358;prefix=93168-;[0]=ew_0_667620,WU07M,Historical,29.292,29.212,https://labbcat.canterbury.ac.nz/maonze/transcript?ag_id=1086#ew_0_667620,0.08,80,4.382026635,,
3186,ia,g_1199;em_12_108503;n_117310-n_117311;p_244;#=ew_69_243103;prefix=88838-;[0]=ew_0_723535,WU04M,Historical,26.727,26.647,https://labbcat.canterbury.ac.nz/maonze/transcript?ag_id=1199#ew_0_723535,0.08,80,4.382026635,,
3884,ia,g_319;em_12_148585;n_3841593-n_3841615;p_89;#=ew_69_187768;prefix=37093-;[0]=ew_0_1095311,L1Y04M,L1,29.884,29.804,https://labbcat.canterbury.ac.nz/maonze/transcript?ag_id=319#ew_0_1095311,0.08,80,4.382026635,,
4462,ia,g_671;em_12_70689;n_89467-n_89468;p_148;#=ew_69_208614;prefix=56514-;[0]=ew_0_425424,L2Y05M,L2,19.481,19.401,https://labbcat.canterbury.ac.nz/maonze/transcript?ag_id=671#ew_0_425424,0.08,80,4.382026635,,
4642,ia,g_896;em_12_88539;n_102783-n_102784;p_174;#=ew_69_178072;prefix=27959-;[0]=ew_0_564326,L1H05M,L1,30.373,30.293,https://labbcat.canterbury.ac.nz/maonze/transcript?ag_id=896#ew_0_564326,0.08,80,4.382026635,,
4690,ia,g_913;em_12_89365;n_103329-n_103330;p_173;#=ew_69_176356;prefix=25868-;[0]=ew_0_573119,L1H04M,L1,31.498,31.418,https://labbcat.canterbury.ac.nz/maonze/transcript?ag_id=913#ew_0_573119,0.08,80,4.382026635,,
4916,ia,g_99;em_12_6920;n_36766-n_36767;p_41;#=ew_69_163258;prefix=13040-;[0]=ew_0_67471,K007M,PresentElder,17.858,17.778,https://labbcat.canterbury.ac.nz/maonze/transcript?ag_id=99#ew_0_67471,0.08,80,4.382026635,,
5258,oa,g_1383;em_12_118869;n_124369-n_124370;p_262;#=ew_69_248261;prefix=93910-;[0]=ew_0_819969,WU08M,Historical,28.728,28.648,https://labbcat.canterbury.ac.nz/maonze/transcript?ag_id=1383#ew_0_819969,0.08,80,4.382026635,,
6713,ua,g_101;em_12_7033;n_36877-n_36878;p_41;#=ew_69_162879;prefix=13517-;[0]=ew_0_69201,K007M,PresentElder,23.361,23.281,https://labbcat.canterbury.ac.nz/maonze/transcript?ag_id=101#ew_0_69201,0.08,80,4.382026635,,
8518,ua,g_22;em_12_1800;n_32417-n_32418;p_19;#=ew_69_153264;prefix=04058-;[0]=ew_0_1234083,K002M,PresentElder,19.073,18.993,https://labbcat.canterbury.ac.nz/maonze/transcript?ag_id=22#ew_0_1234083,0.08,80,4.382026635,,
8659,ua,g_321;em_12_31533;n_56118-n_56119;p_89;#=ew_69_188058;prefix=37247-;[0]=ew_0_214898,L1Y04M,L1,27.42,27.34,https://labbcat.canterbury.ac.nz/maonze/transcript?ag_id=321#ew_0_214898,0.08,80,4.382026635,,
8905,ua,g_385;em_12_38880;n_62676-n_62677;p_95;#=ew_69_215044;prefix=62501-;[0]=ew_0_247622,MU06M,Historical,21.704,21.624,https://labbcat.canterbury.ac.nz/maonze/transcript?ag_id=385#ew_0_247622,0.08,80,4.382026635,,
8996,ua,g_453;em_12_46892;n_69299-n_69300;p_110;#=ew_69_156950;prefix=07457-;[0]=ew_0_293694,K003M,PresentElder,18.73,18.65,https://labbcat.canterbury.ac.nz/maonze/transcript?ag_id=453#ew_0_293694,0.08,80,4.382026635,,
9294,ua,g_60;em_12_4152;n_34475-n_34476;p_32;#=ew_69_159113;prefix=09815-;[0]=ew_0_41114,K004M,PresentElder,18.966,18.886,https://labbcat.canterbury.ac.nz/maonze/transcript?ag_id=60#ew_0_41114,0.08,80,4.382026635,,
9361,ua,g_608;em_12_64580;n_84155-n_84156;p_140;#=ew_69_190398;prefix=40297-;[0]=ew_0_1249452,L1Y05M,L1,20.637,20.557,https://labbcat.canterbury.ac.nz/maonze/transcript?ag_id=608#ew_0_1249452,0.08,80,4.382026635,,
9374,ua,g_61;em_12_4192;n_34513-n_34514;p_32;#=ew_69_159234;prefix=09934-;[0]=ew_0_41663,K004M,PresentElder,18.972,18.892,https://labbcat.canterbury.ac.nz/maonze/transcript?ag_id=61#ew_0_41663,0.08,80,4.382026635,,
9430,ua,g_619;em_12_65065;n_84622-n_84623;p_142;#=ew_69_182554;prefix=32045-;[0]=ew_0_393065,L1Y01M,L1,18.422,18.342,https://labbcat.canterbury.ac.nz/maonze/transcript?ag_id=619#ew_0_393065,0.08,80,4.382026635,,
9661,ua,g_660;em_12_69962;n_88811-n_88812;p_146;#=ew_69_206467;prefix=54825-;[0]=ew_0_418986,L2Y04M,L2,23.582,23.502,https://labbcat.canterbury.ac.nz/maonze/transcript?ag_id=660#ew_0_418986,0.08,80,4.382026635,,
10597,ua,g_98;em_12_6871;n_36718-n_36719;p_41;#=ew_69_162434;prefix=12855-;[0]=ew_0_1269842,K007M,PresentElder,21.506,21.426,https://labbcat.canterbury.ac.nz/maonze/transcript?ag_id=98#ew_0_1269842,0.08,80,4.382026635,,
1078,ea,g_19;em_12_1471;n_32091-n_32092;p_19;#=ew_69_152382;prefix=02755-;[0]=ew_0_12854,K002M,PresentElder,9.801,9.721,https://labbcat.canterbury.ac.nz/maonze/transcript?ag_id=19#ew_0_12854,0.08,80,4.382026635,,
1139,ea,g_1911;em_12_157014;n_5287209-n_5287223;p_333;#=ew_69_240499;prefix=87037-;[0]=ew_0_1193921,R012M,PresentElder,14.966,14.886,https://labbcat.canterbury.ac.nz/maonze/transcript?ag_id=1911#ew_0_1193921,0.08,80,4.382026635,,
1320,ea,g_306;em_12_29801;n_54632-n_5999873;p_81;#=ew_69_185949;prefix=35240-;[0]=ew_0_205731,L1Y03M,L1,7.388,7.308,https://labbcat.canterbury.ac.nz/maonze/transcript?ag_id=306#ew_0_205731,0.08,80,4.382026635,,
1886,ea,g_603;em_12_64245;n_83839-n_83840;p_140;#=ew_69_190448;prefix=39300-;[0]=ew_0_384387,L1Y05M,L1,10.463,10.383,https://labbcat.canterbury.ac.nz/maonze/transcript?ag_id=603#ew_0_384387,0.08,80,4.382026635,,
1918,ea,g_610;em_12_64664;n_84232-n_84233;p_142;#=ew_69_181924;prefix=30960-;[0]=ew_0_388657,L1Y01M,L1,14.078,13.998,https://labbcat.canterbury.ac.nz/maonze/transcript?ag_id=610#ew_0_388657,0.08,80,4.382026635,,
2196,ea,g_8;em_12_447;n_31101-n_31102;p_28;#=ew_69_149569;prefix=01022-;[0]=ew_0_4265,K001M,PresentElder,5.642,5.562,https://labbcat.canterbury.ac.nz/maonze/transcript?ag_id=8#ew_0_4265,0.08,80,4.382026635,,
3134,ia,g_1092;em_12_100665;n_111699-n_111700;p_208;#=ew_69_247857;prefix=93820-;[0]=ew_0_670194,WU07M,Historical,7.306,7.226,https://labbcat.canterbury.ac.nz/maonze/transcript?ag_id=1092#ew_0_670194,0.08,80,4.382026635,,
3544,ia,g_1669;em_12_134940;n_136749-n_136750;p_302;#=ew_69_198400;prefix=46676-;[0]=ew_0_956641,L2H04M,L2,13.393,13.313,https://labbcat.canterbury.ac.nz/maonze/transcript?ag_id=1669#ew_0_956641,0.08,80,4.382026635,,
3815,ia,g_22;em_12_1797;n_32414-n_32415;p_19;#=ew_69_153251;prefix=04053-;[0]=ew_0_15384,K002M,PresentElder,12.224,12.144,https://labbcat.canterbury.ac.nz/maonze/transcript?ag_id=22#ew_0_15384,0.08,80,4.382026635,,
4326,ia,g_612;em_12_64749;n_84315-n_84316;p_142;#=ew_69_182027;prefix=31204-;[0]=ew_0_389611,L1Y01M,L1,6.203,6.123,https://labbcat.canterbury.ac.nz/maonze/transcript?ag_id=612#ew_0_389611,0.08,80,4.382026635,,
4506,ia,g_852;em_12_85623;n_100634-n_100635;p_167;#=ew_69_170837;prefix=21182-;[0]=ew_0_542405,L1H01M,L1,11.162,11.082,https://labbcat.canterbury.ac.nz/maonze/transcript?ag_id=852#ew_0_542405,0.08,80,4.382026635,,
5680,oa,g_1900;em_12_156183;n_5276652-n_5276673;p_333;#=ew_69_238285;prefix=85064-;[0]=ew_0_1184472,R012M,PresentElder,14.103,14.023,https://labbcat.canterbury.ac.nz/maonze/transcript?ag_id=1900#ew_0_1184472,0.08,80,4.382026635,,
6786,ua,g_102;em_12_7072;n_744-n_6285812;p_41;#=ew_69_163173;prefix=13705-;[0]=ew_0_69875,K007M,PresentElder,4.74,4.66,https://labbcat.canterbury.ac.nz/maonze/transcript?ag_id=102#ew_0_69875,0.08,80,4.382026635,,
7090,ua,g_1079;em_12_99945;n_111119-n_111120;p_208;#=ew_69_245920;prefix=92202-;[0]=ew_0_663705,WU07M,Historical,15.339,15.259,https://labbcat.canterbury.ac.nz/maonze/transcript?ag_id=1079#ew_0_663705,0.08,80,4.382026635,,
7099,ua,g_1081;em_12_100055;n_111213-n_111214;p_208;#=ew_69_246801;prefix=92400-;[0]=ew_0_664606,WU07M,Historical,11.696,11.616,https://labbcat.canterbury.ac.nz/maonze/transcript?ag_id=1081#ew_0_664606,0.08,80,4.382026635,,
7143,ua,g_1084;em_12_100261;n_18420-n_111371;p_208;#=ew_69_246434;prefix=92917-;[0]=ew_0_666566,WU07M,Historical,4.8,4.72,https://labbcat.canterbury.ac.nz/maonze/transcript?ag_id=1084#ew_0_666566,0.08,80,4.382026635,,
7179,ua,g_109;em_12_7470;n_37271-n_37272;p_41;#=ew_69_165105;prefix=15130-;[0]=ew_0_1273887,K007M,PresentElder,8.206,8.126,https://labbcat.canterbury.ac.nz/maonze/transcript?ag_id=109#ew_0_1273887,0.08,80,4.382026635,,
7198,ua,g_1091;em_12_100636;n_111678-n_111679;p_208;#=ew_69_247485;prefix=93743-;[0]=ew_0_669960,WU07M,Historical,7.327,7.247,https://labbcat.canterbury.ac.nz/maonze/transcript?ag_id=1091#ew_0_669960,0.08,80,4.382026635,,
7359,ua,g_1236;em_12_111179;n_21432-n_21433;p_249;#=ew_69_180396;prefix=29973-;[0]=ew_0_742825,L1H06M,L1,7.938,7.858,https://labbcat.canterbury.ac.nz/maonze/transcript?ag_id=1236#ew_0_742825,0.08,80,4.382026635,,
7360,ua,g_1236;em_12_111179;n_21432-n_21433;p_249;#=ew_69_180397;prefix=29974-;[0]=ew_0_742828,L1H06M,L1,9.238,9.158,https://labbcat.canterbury.ac.nz/maonze/transcript?ag_id=1236#ew_0_742828,0.08,80,4.382026635,,
7392,ua,g_1243;em_12_111661;n_5825619-n_21869;p_249;#=ew_69_181162;prefix=30713-;[0]=ew_0_1226013,L1H06M,L1,11.218,11.138,https://labbcat.canterbury.ac.nz/maonze/transcript?ag_id=1243#ew_0_1226013,0.08,80,4.382026635,,
8315,ua,g_1901;em_12_156309;n_5278622-n_5277678;p_333;#=ew_69_239034;prefix=85189-;[0]=ew_0_1185281,R012M,PresentElder,15.478,15.398,https://labbcat.canterbury.ac.nz/maonze/transcript?ag_id=1901#ew_0_1185281,0.08,80,4.382026635,,
8517,ua,g_22;em_12_1795;n_32412-n_32413;p_19;#=ew_69_153224;prefix=04048-;[0]=ew_0_15367,K002M,PresentElder,5.463,5.383,https://labbcat.canterbury.ac.nz/maonze/transcript?ag_id=22#ew_0_15367,0.08,80,4.382026635,,
8817,ua,g_351;em_12_33818;n_57942-n_7017860;p_87;#=ew_69_210984;prefix=59530-;[0]=ew_0_227761,MU03M,Historical,15.95,15.87,https://labbcat.canterbury.ac.nz/maonze/transcript?ag_id=351#ew_0_227761,0.08,80,4.382026635,,
10325,ua,g_938;em_12_91107;n_104883-n_104884;p_179;#=ew_69_218593;prefix=66006-;[0]=ew_0_584989,R001M,PresentElder,5.183,5.103,https://labbcat.canterbury.ac.nz/maonze/transcript?ag_id=938#ew_0_584989,0.08,80,4.382026635,,
8710,ua,g_328;em_12_33131;n_5959-n_57413;p_85;#=ew_69_184475;prefix=33579-;[0]=ew_0_219436,L1Y02M,L1,0.96,0.88,https://labbcat.canterbury.ac.nz/maonze/transcript?ag_id=328#ew_0_219436,0.08,80,4.382026635,,
93,ea,g_103;em_12_162949;n_6285774-n_6285825;p_41;#=ew_69_164299;prefix=14083-;[0]=ew_0_1274854,K007M,PresentElder,16.624,16.544,https://labbcat.canterbury.ac.nz/maonze/transcript?ag_id=103#ew_0_1274854,0.08,80,4.382026635,,
94,ea,g_103;em_12_162985;n_6285929-n_6285934;p_41;#=ew_69_164476;prefix=14150-;[0]=ew_0_1272644,K007M,PresentElder,123.657,123.577,https://labbcat.canterbury.ac.nz/maonze/transcript?ag_id=103#ew_0_1272644,0.08,80,4.382026635,,
196,ea,g_106;em_12_7296;n_37130-n_37134;p_41;#=ew_69_164002;prefix=14511-;[0]=ew_0_1272002,K007M,PresentElder,118.874,118.794,https://labbcat.canterbury.ac.nz/maonze/transcript?ag_id=106#ew_0_1272002,0.08,80,4.382026635,,
204,ea,g_107;em_12_163111;n_6288582-n_6288584;p_41;#=ew_69_164155;prefix=14845-;[0]=ew_0_1271972,K007M,PresentElder,88.691,88.611,https://labbcat.canterbury.ac.nz/maonze/transcript?ag_id=107#ew_0_1271972,0.08,80,4.382026635,,
227,ea,g_1076;em_12_99809;n_111002-n_111003;p_208;#=ew_69_246075;prefix=91905-;[0]=ew_0_662529,WU07M,Historical,67.981,67.901,https://labbcat.canterbury.ac.nz/maonze/transcript?ag_id=1076#ew_0_662529,0.08,80,4.382026635,,
276,ea,g_109;em_12_7495;n_37288-n_795;p_41;#=ew_69_165166;prefix=15188-;[0]=ew_0_75282,K007M,PresentElder,71.06,70.98,https://labbcat.canterbury.ac.nz/maonze/transcript?ag_id=109#ew_0_75282,0.08,80,4.382026635,,
428,ea,g_1239;em_12_160363;n_5826326-n_5826343;p_249;#=ew_69_180627;prefix=30261-;[0]=ew_0_1227030,L1H06M,L1,108.488,108.408,https://labbcat.canterbury.ac.nz/maonze/transcript?ag_id=1239#ew_0_1227030,0.08,80,4.382026635,,
592,ea,g_1526;em_12_126224;n_130241-n_130242;p_287;#=ew_69_228885;prefix=75635-;[0]=ew_0_888542,R006M,PresentElder,40.632,40.552,https://labbcat.canterbury.ac.nz/maonze/transcript?ag_id=1526#ew_0_888542,0.08,80,4.382026635,,
807,ea,g_1663;em_12_134690;n_136527-n_136528;p_302;#=ew_69_197330;prefix=45875-;[0]=ew_0_953762,L2H04M,L2,127.56,127.48,https://labbcat.canterbury.ac.nz/maonze/transcript?ag_id=1663#ew_0_953762,0.08,80,4.382026635,,
843,ea,g_1669;em_12_134952;n_136757-n_136758;p_302;#=ew_69_198494;prefix=46739-;[0]=ew_0_956817,L2H04M,L2,90.996,90.916,https://labbcat.canterbury.ac.nz/maonze/transcript?ag_id=1669#ew_0_956817,0.08,80,4.382026635,,
882,ea,g_1676;em_12_135270;n_137009-n_137010;p_307;#=ew_69_200225;prefix=48568-;[0]=ew_0_960179,L2H05M,L2,108.748,108.668,https://labbcat.canterbury.ac.nz/maonze/transcript?ag_id=1676#ew_0_960179,0.08,80,4.382026635,,
1024,ea,g_1853;em_12_150403;n_4568931-n_4568945;p_148;#=ew_69_207967;prefix=55872-;[0]=ew_0_1124547,L2Y05M,L2,78.245,78.165,https://labbcat.canterbury.ac.nz/maonze/transcript?ag_id=1853#ew_0_1124547,0.08,80,4.382026635,,
1060,ea,g_1895;em_12_155813;n_5270265-n_5270284;p_334;#=ew_69_238491;prefix=84415-;[0]=ew_0_1180056,R011M,PresentElder,34.969,34.889,https://labbcat.canterbury.ac.nz/maonze/transcript?ag_id=1895#ew_0_1180056,0.08,80,4.382026635,,
1079,ea,g_19;em_12_1496;n_32116-n_32117;p_19;#=ew_69_152451;prefix=02824-;[0]=ew_0_13077,K002M,PresentElder,103.521,103.441,https://labbcat.canterbury.ac.nz/maonze/transcript?ag_id=19#ew_0_13077,0.08,80,4.382026635,,
1156,ea,g_1941;em_12_165420;n_6840683-n_6840696;p_112;#=ew_69_161883;prefix=11948-;[0]=ew_0_1294437,K006M,PresentElder,118.829,118.749,https://labbcat.canterbury.ac.nz/maonze/transcript?ag_id=1941#ew_0_1294437,0.08,80,4.382026635,,
1187,ea,g_1944;em_12_165816;n_6846871-n_6846878;p_28;#=ew_69_150133;prefix=01339-;[0]=ew_0_1296832,K001M,PresentElder,78.959,78.879,https://labbcat.canterbury.ac.nz/maonze/transcript?ag_id=1944#ew_0_1296832,0.08,80,4.382026635,,
1316,ea,g_306;em_12_160907;n_5999968-n_5999972;p_81;#=ew_69_186071;prefix=35354-;[0]=ew_0_1240772,L1Y03M,L1,74.589,74.509,https://labbcat.canterbury.ac.nz/maonze/transcript?ag_id=306#ew_0_1240772,0.08,80,4.382026635,,
1463,ea,g_335;em_12_33321;n_57560-n_57561;p_85;#=ew_69_185599;prefix=34662-;[0]=ew_0_221870,L1Y02M,L1,119.578,119.498,https://labbcat.canterbury.ac.nz/maonze/transcript?ag_id=335#ew_0_221870,0.08,80,4.382026635,,
1509,ea,g_366;em_12_35405;n_4458660-n_59243;p_92;#=ew_69_212284;prefix=60127-;[0]=ew_0_1123997,MU04M,Historical,64.96,64.88,https://labbcat.canterbury.ac.nz/maonze/transcript?ag_id=366#ew_0_1123997,0.08,80,4.382026635,,
1534,ea,g_370;em_12_35986;n_59811-n_59812;p_92;#=ew_69_213883;prefix=60851-;[0]=ew_0_238899,MU04M,Historical,60.046,59.966,https://labbcat.canterbury.ac.nz/maonze/transcript?ag_id=370#ew_0_238899,0.08,80,4.382026635,,
1755,ea,g_493;em_12_50874;n_72414-n_72415;p_122;#=ew_69_169570;prefix=20038-;[0]=ew_0_317099,K010M,PresentElder,82.285,82.205,https://labbcat.canterbury.ac.nz/maonze/transcript?ag_id=493#ew_0_317099,0.08,80,4.382026635,,
1826,ea,g_54;em_12_161935;n_6213625-n_6213626;p_32;#=ew_69_158227;prefix=08658-;[0]=ew_0_1259568,K004M,PresentElder,119.47,119.39,https://labbcat.canterbury.ac.nz/maonze/transcript?ag_id=54#ew_0_1259568,0.08,80,4.382026635,,
1845,ea,g_57;em_12_162070;n_6216365-n_6948673;p_32;#=ew_69_158867;prefix=09305-;[0]=ew_0_1261436,K004M,PresentElder,121.097,121.017,https://labbcat.canterbury.ac.nz/maonze/transcript?ag_id=57#ew_0_1261436,0.08,80,4.382026635,,
1855,ea,g_58;em_12_162172;n_6217244-n_6217228;p_32;#=ew_69_159660;prefix=09436-;[0]=ew_0_1262820,K004M,PresentElder,73.806,73.726,https://labbcat.canterbury.ac.nz/maonze/transcript?ag_id=58#ew_0_1262820,0.08,80,4.382026635,,
1958,ea,g_618;em_12_65047;n_84605-n_84606;p_142;#=ew_69_182804;prefix=31984-;[0]=ew_0_392833,L1Y01M,L1,109.513,109.433,https://labbcat.canterbury.ac.nz/maonze/transcript?ag_id=618#ew_0_392833,0.08,80,4.382026635,,
2197,ea,g_8;em_12_450;n_31104-n_31105;p_28;#=ew_69_149581;prefix=01032-;[0]=ew_0_4292,K001M,PresentElder,16.904,16.824,https://labbcat.canterbury.ac.nz/maonze/transcript?ag_id=8#ew_0_4292,0.08,80,4.382026635,,
2207,ea,g_80;em_12_5519;n_35598-n_35599;p_37;#=ew_69_160126;prefix=10528-;[0]=ew_0_55026,K005M,PresentElder,82.074,81.994,https://labbcat.canterbury.ac.nz/maonze/transcript?ag_id=80#ew_0_55026,0.08,80,4.382026635,,
2218,ea,g_83;em_12_5652;n_35710-n_35711;p_37;#=ew_69_160448;prefix=10924-;[0]=ew_0_56834,K005M,PresentElder,74.389,74.309,https://labbcat.canterbury.ac.nz/maonze/transcript?ag_id=83#ew_0_56834,0.08,80,4.382026635,,
2225,ea,g_848;em_12_85383;n_100400-n_100401;p_167;#=ew_69_170827;prefix=20657-;[0]=ew_0_540325,L1H01M,L1,84.313,84.233,https://labbcat.canterbury.ac.nz/maonze/transcript?ag_id=848#ew_0_540325,0.08,80,4.382026635,,
2470,ea,g_901;em_12_88822;n_15402-n_103033;p_173;#=ew_69_177112;prefix=26850-;[0]=ew_0_567042,L1H04M,L1,46.605,46.525,https://labbcat.canterbury.ac.nz/maonze/transcript?ag_id=901#ew_0_567042,0.08,80,4.382026635,,
2526,ea,g_928;em_12_90413;n_104231-n_104232;p_179;#=ew_69_217803;prefix=64876-;[0]=ew_0_580922,R001M,PresentElder,125.041,124.961,https://labbcat.canterbury.ac.nz/maonze/transcript?ag_id=928#ew_0_580922,0.08,80,4.382026635,,
2541,ea,g_936;em_12_90957;n_104745-n_104746;p_179;#=ew_69_218250;prefix=65682-;[0]=ew_0_583892,R001M,PresentElder,78.824,78.744,https://labbcat.canterbury.ac.nz/maonze/transcript?ag_id=936#ew_0_583892,0.08,80,4.382026635,,
2648,ea,g_959;em_12_92192;n_105786-n_105787;p_183;#=ew_69_221978;prefix=68871-;[0]=ew_0_595925,R003M,PresentElder,89.138,89.058,https://labbcat.canterbury.ac.nz/maonze/transcript?ag_id=959#ew_0_595925,0.08,80,4.382026635,,
2672,ea,g_966;em_12_92646;n_106093-n_16158;p_183;#=ew_69_222668;prefix=69963-;[0]=ew_0_600148,R003M,PresentElder,62.37,62.29,https://labbcat.canterbury.ac.nz/maonze/transcript?ag_id=966#ew_0_600148,0.08,80,4.382026635,,
2684,ea,g_97;em_12_162831;n_6281978-n_6281983;p_41;#=ew_69_163131;prefix=12795-;[0]=ew_0_1269993,K007M,PresentElder,99.257,99.177,https://labbcat.canterbury.ac.nz/maonze/transcript?ag_id=97#ew_0_1269993,0.08,80,4.382026635,,
2757,ea,g_979;em_12_93559;n_106718-n_106719;p_184;#=ew_69_224891;prefix=71816-;[0]=ew_0_606962,R004M,PresentElder,27.029,26.949,https://labbcat.canterbury.ac.nz/maonze/transcript?ag_id=979#ew_0_606962,0.08,80,4.382026635,,
2875,ia,g_1011;em_12_95480;n_108345-n_108346;p_188;#=ew_69_229550;prefix=76552-;[0]=ew_0_625380,R007M,PresentElder,106.836,106.756,https://labbcat.canterbury.ac.nz/maonze/transcript?ag_id=1011#ew_0_625380,0.08,80,4.382026635,,
2927,ia,g_1027;em_12_96273;n_17190-n_108680;p_190;#=ew_69_232786;prefix=79552-;[0]=ew_0_633189,R009M,PresentElder,46.461,46.381,https://labbcat.canterbury.ac.nz/maonze/transcript?ag_id=1027#ew_0_633189,0.08,80,4.382026635,,
2952,ia,g_1030;em_12_96410;n_17239-n_108764;p_190;#=ew_69_233858;prefix=80038-;[0]=ew_0_635091,R009M,PresentElder,36.867,36.787,https://labbcat.canterbury.ac.nz/maonze/transcript?ag_id=1030#ew_0_635091,0.08,80,4.382026635,,
2985,ia,g_1035;em_12_96636;n_108932-n_108933;p_190;#=ew_69_234575;prefix=80931-;[0]=ew_0_638492,R009M,PresentElder,106.782,106.702,https://labbcat.canterbury.ac.nz/maonze/transcript?ag_id=1035#ew_0_638492,0.08,80,4.382026635,,
2990,ia,g_1037;em_12_96747;n_6745847-n_6745851;p_193;#=ew_69_235156;prefix=81371-;[0]=ew_0_639876,R010M,PresentElder,121.687,121.607,https://labbcat.canterbury.ac.nz/maonze/transcript?ag_id=1037#ew_0_639876,0.08,80,4.382026635,,
3004,ia,g_104;em_12_7201;n_37042-n_37043;p_41;#=ew_69_164356;prefix=14216-;[0]=ew_0_71749,K007M,PresentElder,83.892,83.812,https://labbcat.canterbury.ac.nz/maonze/transcript?ag_id=104#ew_0_71749,0.08,80,4.382026635,,
3100,ia,g_1086;em_12_100384;n_111485-n_111486;p_208;#=ew_69_247376;prefix=93185-;[0]=ew_0_667674,WU07M,Historical,59.36,59.28,https://labbcat.canterbury.ac.nz/maonze/transcript?ag_id=1086#ew_0_667674,0.08,80,4.382026635,,
3103,ia,g_1086;em_12_100390;n_111491-n_111492;p_208;#=ew_69_247399;prefix=93205-;[0]=ew_0_667733,WU07M,Historical,81.205,81.125,https://labbcat.canterbury.ac.nz/maonze/transcript?ag_id=1086#ew_0_667733,0.08,80,4.382026635,,
3121,ia,g_1088;em_12_100523;n_18447-n_111606;p_208;#=ew_69_247615;prefix=93507-;[0]=ew_0_669046,WU07M,Historical,109.685,109.605,https://labbcat.canterbury.ac.nz/maonze/transcript?ag_id=1088#ew_0_669046,0.08,80,4.382026635,,
3133,ia,g_1091;em_12_100658;n_18491-n_111697;p_208;#=ew_69_247558;prefix=93791-;[0]=ew_0_670122,WU07M,Historical,87.188,87.108,https://labbcat.canterbury.ac.nz/maonze/transcript?ag_id=1091#ew_0_670122,0.08,80,4.382026635,,
3172,ia,g_117;em_12_8479;n_38036-n_38037;p_43;#=ew_69_211500;prefix=58620-;[0]=ew_0_82223,MU02M,Historical,52.44,52.36,https://labbcat.canterbury.ac.nz/maonze/transcript?ag_id=117#ew_0_82223,0.08,80,4.382026635,,
3188,ia,g_1199;em_12_108523;n_117330-n_117331;p_244;#=ew_69_243232;prefix=88879-;[0]=ew_0_723646,WU04M,Historical,79.563,79.483,https://labbcat.canterbury.ac.nz/maonze/transcript?ag_id=1199#ew_0_723646,0.08,80,4.382026635,,
3209,ia,g_1202;em_12_108853;n_117655-n_117656;p_244;#=ew_69_242816;prefix=89448-;[0]=ew_0_725365,WU04M,Historical,64.251,64.171,https://labbcat.canterbury.ac.nz/maonze/transcript?ag_id=1202#ew_0_725365,0.08,80,4.382026635,,
3299,ia,g_1385;em_12_118933;n_124427-n_124428;p_262;#=ew_69_248554;prefix=94164-;[0]=ew_0_820971,WU08M,Historical,57.321,57.241,https://labbcat.canterbury.ac.nz/maonze/transcript?ag_id=1385#ew_0_820971,0.08,80,4.382026635,,
3328,ia,g_1392;em_12_119182;n_124654-n_124655;p_262;#=ew_69_249255;prefix=95136-;[0]=ew_0_824536,WU08M,Historical,121.138,121.058,https://labbcat.canterbury.ac.nz/maonze/transcript?ag_id=1392#ew_0_824536,0.08,80,4.382026635,,
3473,ia,g_1642;em_12_133278;n_135487-n_135488;p_288;#=ew_69_196343;prefix=45008-;[0]=ew_0_943352,L2H03M,L2,19.243,19.163,https://labbcat.canterbury.ac.nz/maonze/transcript?ag_id=1642#ew_0_943352,0.08,80,4.382026635,,
3484,ia,g_1647;em_12_133570;n_135751-n_135752;p_300;#=ew_69_193309;prefix=42199-;[0]=ew_0_945611,L2H02M,L2,47.896,47.816,https://labbcat.canterbury.ac.nz/maonze/transcript?ag_id=1647#ew_0_945611,0.08,80,4.382026635,,
3510,ia,g_1658;em_12_134483;n_136394-n_136395;p_300;#=ew_69_195104;prefix=43671-;[0]=ew_0_951552,L2H02M,L2,114.972,114.892,https://labbcat.canterbury.ac.nz/maonze/transcript?ag_id=1658#ew_0_951552,0.08,80,4.382026635,,
3621,ia,g_1853;em_12_150397;n_4568845-n_4568863;p_148;#=ew_69_207931;prefix=55852-;[0]=ew_0_1124478,L2Y05M,L2,39.552,39.472,https://labbcat.canterbury.ac.nz/maonze/transcript?ag_id=1853#ew_0_1124478,0.08,80,4.382026635,,
3639,ia,g_1881;em_12_154847;n_5256658-n_5256682;p_334;#=ew_69_236874;prefix=83168-;[0]=ew_0_1168440,R011M,PresentElder,30.226,30.146,https://labbcat.canterbury.ac.nz/maonze/transcript?ag_id=1881#ew_0_1168440,0.08,80,4.382026635,,
3656,ia,g_1888;em_12_155416;n_5263307-n_5263327;p_334;#=ew_69_237649;prefix=83907-;[0]=ew_0_1174179,R011M,PresentElder,18.06,17.98,https://labbcat.canterbury.ac.nz/maonze/transcript?ag_id=1888#ew_0_1174179,0.08,80,4.382026635,,
3672,ia,g_1896;em_12_155888;n_5271324-n_5271349;p_334;#=ew_69_238338;prefix=84517-;[0]=ew_0_1181719,R011M,PresentElder,22.65,22.57,https://labbcat.canterbury.ac.nz/maonze/transcript?ag_id=1896#ew_0_1181719,0.08,80,4.382026635,,
3673,ia,g_1896;em_12_155888;n_5271324-n_5271349;p_334;#=ew_69_238342;prefix=84520-;[0]=ew_0_1181607,R011M,PresentElder,24.99,24.91,https://labbcat.canterbury.ac.nz/maonze/transcript?ag_id=1896#ew_0_1181607,0.08,80,4.382026635,,
3690,ia,g_19;em_12_1492;n_32112-n_32113;p_19;#=ew_69_152439;prefix=02812-;[0]=ew_0_13049,K002M,PresentElder,88.541,88.461,https://labbcat.canterbury.ac.nz/maonze/transcript?ag_id=19#ew_0_13049,0.08,80,4.382026635,,
3735,ia,g_1910;em_12_156907;n_5286429-n_5286441;p_333;#=ew_69_240459;prefix=86932-;[0]=ew_0_1192978,R012M,PresentElder,89.877,89.797,https://labbcat.canterbury.ac.nz/maonze/transcript?ag_id=1910#ew_0_1192978,0.08,80,4.382026635,,
3782,ia,g_1944;em_12_165736;n_6846775-n_6846783;p_28;#=ew_69_150079;prefix=01318-;[0]=ew_0_1296692,K001M,PresentElder,42.035,41.955,https://labbcat.canterbury.ac.nz/maonze/transcript?ag_id=1944#ew_0_1296692,0.08,80,4.382026635,,
3783,ia,g_1944;em_12_165743;n_6846754-n_6846764;p_28;#=ew_69_150055;prefix=01311-;[0]=ew_0_1297107,K001M,PresentElder,35.397,35.317,https://labbcat.canterbury.ac.nz/maonze/transcript?ag_id=1944#ew_0_1297107,0.08,80,4.382026635,,
3801,ia,g_20;em_12_1612;n_32231-n_32232;p_19;#=ew_69_153777;prefix=03623-;[0]=ew_0_14002,K002M,PresentElder,120.169,120.089,https://labbcat.canterbury.ac.nz/maonze/transcript?ag_id=20#ew_0_14002,0.08,80,4.382026635,,
3855,ia,g_306;em_12_160913;n_6000026-n_6000345;p_81;#=ew_69_186193;prefix=35385-;[0]=ew_0_1240982,L1Y03M,L1,119.378,119.298,https://labbcat.canterbury.ac.nz/maonze/transcript?ag_id=306#ew_0_1240982,0.08,80,4.382026635,,
3879,ia,g_317;em_12_148839;n_3841600-n_3841623;p_89;#=ew_69_187650;prefix=36705-;[0]=ew_0_1096509,L1Y04M,L1,127.092,127.012,https://labbcat.canterbury.ac.nz/maonze/transcript?ag_id=317#ew_0_1096509,0.08,80,4.382026635,,
3882,ia,g_318;em_12_148545;n_3841415-n_3841444;p_89;#=ew_69_187870;prefix=36856-;[0]=ew_0_1095208,L1Y04M,L1,119.682,119.602,https://labbcat.canterbury.ac.nz/maonze/transcript?ag_id=318#ew_0_1095208,0.08,80,4.382026635,,
3889,ia,g_320;em_12_31353;n_55950-n_3841138;p_89;#=ew_69_188251;prefix=37107-;[0]=ew_0_214396,L1Y04M,L1,82.202,82.122,https://labbcat.canterbury.ac.nz/maonze/transcript?ag_id=320#ew_0_214396,0.08,80,4.382026635,,
3933,ia,g_340;em_12_33464;n_57682-n_57683;p_85;#=ew_69_185696;prefix=34821-;[0]=ew_0_223822,L1Y02M,L1,91.491,91.411,https://labbcat.canterbury.ac.nz/maonze/transcript?ag_id=340#ew_0_223822,0.08,80,4.382026635,,
3934,ia,g_340;em_12_33465;n_57683-n_57684;p_85;#=ew_69_185698;prefix=34823-;[0]=ew_0_223834,L1Y02M,L1,96.872,96.792,https://labbcat.canterbury.ac.nz/maonze/transcript?ag_id=340#ew_0_223834,0.08,80,4.382026635,,
4097,ia,g_452;em_12_46766;n_69210-n_69211;p_110;#=ew_69_157195;prefix=07265-;[0]=ew_0_292721,K003M,PresentElder,59.216,59.136,https://labbcat.canterbury.ac.nz/maonze/transcript?ag_id=452#ew_0_292721,0.08,80,4.382026635,,
4143,ia,g_476;em_12_49113;n_71034-n_71035;p_121;#=ew_69_166989;prefix=17394-;[0]=ew_0_1258503,K009M,PresentElder,46.664,46.584,https://labbcat.canterbury.ac.nz/maonze/transcript?ag_id=476#ew_0_1258503,0.08,80,4.382026635,,
4212,ia,g_496;em_12_51386;n_8701-n_8702;p_122;#=ew_69_170450;prefix=20411-;[0]=ew_0_319113,K010M,PresentElder,85.164,85.084,https://labbcat.canterbury.ac.nz/maonze/transcript?ag_id=496#ew_0_319113,0.08,80,4.382026635,,
4264,ia,g_59;em_12_162189;n_6219091-n_6219092;p_32;#=ew_69_159420;prefix=09740-;[0]=ew_0_1263328,K004M,PresentElder,54.116,54.036,https://labbcat.canterbury.ac.nz/maonze/transcript?ag_id=59#ew_0_1263328,0.08,80,4.382026635,,
4272,ia,g_59;em_12_162241;n_6219097-n_6219098;p_32;#=ew_69_159460;prefix=09686-;[0]=ew_0_1263383,K004M,PresentElder,96.056,95.976,https://labbcat.canterbury.ac.nz/maonze/transcript?ag_id=59#ew_0_1263383,0.08,80,4.382026635,,
4304,ia,g_604;em_12_64319;n_83912-n_83913;p_140;#=ew_69_191262;prefix=39610-;[0]=ew_0_385353,L1Y05M,L1,112.719,112.639,https://labbcat.canterbury.ac.nz/maonze/transcript?ag_id=604#ew_0_385353,0.08,80,4.382026635,,
4316,ia,g_608;em_12_64592;n_84167-n_6081909;p_140;#=ew_69_190535;prefix=40349-;[0]=ew_0_388038,L1Y05M,L1,75.74,75.66,https://labbcat.canterbury.ac.nz/maonze/transcript?ag_id=608#ew_0_388038,0.08,80,4.382026635,,
4328,ia,g_614;em_12_64872;n_84436-n_84437;p_142;#=ew_69_181971;prefix=31510-;[0]=ew_0_1244807,L1Y01M,L1,89.27,89.19,https://labbcat.canterbury.ac.nz/maonze/transcript?ag_id=614#ew_0_1244807,0.08,80,4.382026635,,
4329,ia,g_614;em_12_64875;n_84439-n_84440;p_142;#=ew_69_181986;prefix=31518-;[0]=ew_0_1246497,L1Y01M,L1,98.462,98.382,https://labbcat.canterbury.ac.nz/maonze/transcript?ag_id=614#ew_0_1246497,0.08,80,4.382026635,,
4332,ia,g_615;em_12_64925;n_84488-n_84489;p_142;#=ew_69_182571;prefix=31648-;[0]=ew_0_391424,L1Y01M,L1,121.205,121.125,https://labbcat.canterbury.ac.nz/maonze/transcript?ag_id=615#ew_0_391424,0.08,80,4.382026635,,
4367,ia,g_631;em_12_65972;n_85441-n_85442;p_143;#=ew_69_202247;prefix=51241-;[0]=ew_0_400614,L2Y02M,L2,73.199,73.119,https://labbcat.canterbury.ac.nz/maonze/transcript?ag_id=631#ew_0_400614,0.08,80,4.382026635,,
4461,ia,g_671;em_12_150060;n_4423356-n_4423353;p_148;#=ew_69_208717;prefix=56586-;[0]=ew_0_1116031,L2Y05M,L2,112.583,112.503,https://labbcat.canterbury.ac.nz/maonze/transcript?ag_id=671#ew_0_1116031,0.08,80,4.382026635,,
4469,ia,g_672;em_12_70731;n_89500-n_7016363;p_148;#=ew_69_208350;prefix=56679-;[0]=ew_0_426129,L2Y05M,L2,46.498,46.418,https://labbcat.canterbury.ac.nz/maonze/transcript?ag_id=672#ew_0_426129,0.08,80,4.382026635,,
4502,ia,g_85;em_12_5741;n_35791-n_35792;p_37;#=ew_69_161231;prefix=11207-;[0]=ew_0_1093237,K005M,PresentElder,65.98,65.9,https://labbcat.canterbury.ac.nz/maonze/transcript?ag_id=85#ew_0_1093237,0.08,80,4.382026635,,
4520,ia,g_856;em_12_85938;n_100929-n_100930;p_167;#=ew_69_171880;prefix=21836-;[0]=ew_0_544953,L1H01M,L1,72.719,72.639,https://labbcat.canterbury.ac.nz/maonze/transcript?ag_id=856#ew_0_544953,0.08,80,4.382026635,,
4546,ia,g_863;em_12_86404;n_101309-n_14742;p_168;#=ew_69_172936;prefix=22865-;[0]=ew_0_548512,L1H02M,L1,43.481,43.401,https://labbcat.canterbury.ac.nz/maonze/transcript?ag_id=863#ew_0_548512,0.08,80,4.382026635,,
4618,ia,g_892;em_12_88356;n_102627-n_102628;p_174;#=ew_69_179411;prefix=28698-;[0]=ew_0_562114,L1H05M,L1,110.975,110.895,https://labbcat.canterbury.ac.nz/maonze/transcript?ag_id=892#ew_0_562114,0.08,80,4.382026635,,
4636,ia,g_894;em_12_88455;n_102715-n_102716;p_174;#=ew_69_179223;prefix=28331-;[0]=ew_0_563295,L1H05M,L1,85.806,85.726,https://labbcat.canterbury.ac.nz/maonze/transcript?ag_id=894#ew_0_563295,0.08,80,4.382026635,,
4749,ia,g_939;em_12_91197;n_104970-n_104971;p_179;#=ew_69_218997;prefix=66225-;[0]=ew_0_585744,R001M,PresentElder,37.157,37.077,https://labbcat.canterbury.ac.nz/maonze/transcript?ag_id=939#ew_0_585744,0.08,80,4.382026635,,
4837,ia,g_971;em_12_92941;n_106317-n_106318;p_184;#=ew_69_223587;prefix=70590-;[0]=ew_0_602590,R004M,PresentElder,125.357,125.277,https://labbcat.canterbury.ac.nz/maonze/transcript?ag_id=971#ew_0_602590,0.08,80,4.382026635,,
4853,ia,g_978;em_12_93495;n_6612091-n_16420;p_184;#=ew_69_225073;prefix=71693-;[0]=ew_0_606537,R004M,PresentElder,85.868,85.788,https://labbcat.canterbury.ac.nz/maonze/transcript?ag_id=978#ew_0_606537,0.08,80,4.382026635,,
4862,ia,g_98;em_12_162697;n_6281684-n_6281743;p_41;#=ew_69_162493;prefix=13025-;[0]=ew_0_1269307,K007M,PresentElder,117.438,117.358,https://labbcat.canterbury.ac.nz/maonze/transcript?ag_id=98#ew_0_1269307,0.08,80,4.382026635,,
4895,ia,g_988;em_12_93981;n_107047-n_107048;p_182;#=ew_69_225718;prefix=73184-;[0]=ew_0_611406,R005M,PresentElder,94.922,94.842,https://labbcat.canterbury.ac.nz/maonze/transcript?ag_id=988#ew_0_611406,0.08,80,4.382026635,,
4896,ia,g_988;em_12_93982;n_107048-n_107049;p_182;#=ew_69_225730;prefix=73196-;[0]=ew_0_611438,R005M,PresentElder,108.992,108.912,https://labbcat.canterbury.ac.nz/maonze/transcript?ag_id=988#ew_0_611438,0.08,80,4.382026635,,
5013,oa,g_1030;em_12_96414;n_108767-n_108768;p_190;#=ew_69_233893;prefix=80063-;[0]=ew_0_635154,R009M,PresentElder,60.114,60.034,https://labbcat.canterbury.ac.nz/maonze/transcript?ag_id=1030#ew_0_635154,0.08,80,4.382026635,,
5031,oa,g_1036;em_12_96665;n_108959-n_108960;p_193;#=ew_69_234902;prefix=81136-;[0]=ew_0_638992,R010M,PresentElder,56.986,56.906,https://labbcat.canterbury.ac.nz/maonze/transcript?ag_id=1036#ew_0_638992,0.08,80,4.382026635,,
5092,oa,g_1075;em_12_99743;n_110941-n_110942;p_208;#=ew_69_245429;prefix=91789-;[0]=ew_0_661936,WU07M,Historical,61.286,61.206,https://labbcat.canterbury.ac.nz/maonze/transcript?ag_id=1075#ew_0_661936,0.08,80,4.382026635,,
5118,oa,g_1084;em_12_100289;n_111394-n_111395;p_208;#=ew_69_246486;prefix=92967-;[0]=ew_0_666791,WU07M,Historical,102.475,102.395,https://labbcat.canterbury.ac.nz/maonze/transcript?ag_id=1084#ew_0_666791,0.08,80,4.382026635,,
5134,oa,g_1088;em_12_100510;n_111596-n_111597;p_208;#=ew_69_247596;prefix=93489-;[0]=ew_0_668899,WU07M,Historical,50.056,49.976,https://labbcat.canterbury.ac.nz/maonze/transcript?ag_id=1088#ew_0_668899,0.08,80,4.382026635,,
5214,oa,g_1235;em_12_111133;n_21390-n_21391;p_249;#=ew_69_180913;prefix=29915-;[0]=ew_0_742452,L1H06M,L1,107.703,107.623,https://labbcat.canterbury.ac.nz/maonze/transcript?ag_id=1235#ew_0_742452,0.08,80,4.382026635,,
5262,oa,g_1384;em_12_118899;n_124395-n_124396;p_262;#=ew_69_248188;prefix=94038-;[0]=ew_0_820451,WU08M,Historical,17.955,17.875,https://labbcat.canterbury.ac.nz/maonze/transcript?ag_id=1384#ew_0_820451,0.08,80,4.382026635,,
5331,oa,g_1523;em_12_126106;n_130142-n_6614360;p_287;#=ew_69_228255;prefix=75163-;[0]=ew_0_886784,R006M,PresentElder,50.372,50.292,https://labbcat.canterbury.ac.nz/maonze/transcript?ag_id=1523#ew_0_886784,0.08,80,4.382026635,,
5437,oa,g_1647;em_12_133572;n_135753-n_135754;p_300;#=ew_69_193314;prefix=42204-;[0]=ew_0_945619,L2H02M,L2,50.262,50.182,https://labbcat.canterbury.ac.nz/maonze/transcript?ag_id=1647#ew_0_945619,0.08,80,4.382026635,,
5672,oa,g_19;em_12_1495;n_32115-n_32116;p_19;#=ew_69_152448;prefix=02821-;[0]=ew_0_13066,K002M,PresentElder,98.123,98.043,https://labbcat.canterbury.ac.nz/maonze/transcript?ag_id=19#ew_0_13066,0.08,80,4.382026635,,
5745,oa,g_1913;em_12_157117;n_5289501-n_5289518;p_333;#=ew_69_240203;prefix=87326-;[0]=ew_0_1195657,R012M,PresentElder,36.611,36.531,https://labbcat.canterbury.ac.nz/maonze/transcript?ag_id=1913#ew_0_1195657,0.08,80,4.382026635,,
5912,oa,g_336;em_12_33345;n_57578-n_57579;p_85;#=ew_69_184371;prefix=33531-;[0]=ew_0_222174,L1Y02M,L1,96.225,96.145,https://labbcat.canterbury.ac.nz/maonze/transcript?ag_id=336#ew_0_222174,0.08,80,4.382026635,,
5939,oa,g_365;em_12_35234;n_59074-n_59075;p_92;#=ew_69_212790;prefix=59961-;[0]=ew_0_235929,MU04M,Historical,65.07,64.99,https://labbcat.canterbury.ac.nz/maonze/transcript?ag_id=365#ew_0_235929,0.08,80,4.382026635,,
5964,oa,g_370;em_12_35983;n_59808-n_59809;p_92;#=ew_69_213870;prefix=60838-;[0]=ew_0_238870,MU04M,Historical,48.314,48.234,https://labbcat.canterbury.ac.nz/maonze/transcript?ag_id=370#ew_0_238870,0.08,80,4.382026635,,
5989,oa,g_375;em_12_36925;n_60732-n_60733;p_92;#=ew_69_213295;prefix=61536-;[0]=ew_0_242741,MU04M,Historical,110.648,110.568,https://labbcat.canterbury.ac.nz/maonze/transcript?ag_id=375#ew_0_242741,0.08,80,4.382026635,,
5993,oa,g_376;em_12_160442;n_5885692-n_5885696;p_94;#=ew_69_214311;prefix=61753-;[0]=ew_0_1234615,MU05M,Historical,108.201,108.121,https://labbcat.canterbury.ac.nz/maonze/transcript?ag_id=376#ew_0_1234615,0.08,80,4.382026635,,
6037,oa,g_449;em_12_46399;n_68877-n_68878;p_110;#=ew_69_154672;prefix=06561-;[0]=ew_0_289721,K003M,PresentElder,86.833,86.753,https://labbcat.canterbury.ac.nz/maonze/transcript?ag_id=449#ew_0_289721,0.08,80,4.382026635,,
6476,oa,g_897;em_12_88598;n_102834-n_102835;p_174;#=ew_69_178482;prefix=27780-;[0]=ew_0_565010,L1H05M,L1,47.649,47.569,https://labbcat.canterbury.ac.nz/maonze/transcript?ag_id=897#ew_0_565010,0.08,80,4.382026635,,
6647,oa,g_979;em_12_93575;n_106734-n_6611464;p_184;#=ew_69_224963;prefix=71884-;[0]=ew_0_607172,R004M,PresentElder,95.837,95.757,https://labbcat.canterbury.ac.nz/maonze/transcript?ag_id=979#ew_0_607172,0.08,80,4.382026635,,
6662,oa,g_99;em_12_162770;n_6281846-n_6281850;p_41;#=ew_69_163333;prefix=13225-;[0]=ew_0_1269395,K007M,PresentElder,58.373,58.293,https://labbcat.canterbury.ac.nz/maonze/transcript?ag_id=99#ew_0_1269395,0.08,80,4.382026635,,
6663,oa,g_99;em_12_162830;n_6281879-n_6281775;p_41;#=ew_69_163494;prefix=13261-;[0]=ew_0_1268682,K007M,PresentElder,96.56,96.48,https://labbcat.canterbury.ac.nz/maonze/transcript?ag_id=99#ew_0_1268682,0.08,80,4.382026635,,
6682,ua,g_100;em_12_162704;n_6281934-n_6281805;p_41;#=ew_69_162707;prefix=13490-;[0]=ew_0_1271205,K007M,PresentElder,97.987,97.907,https://labbcat.canterbury.ac.nz/maonze/transcript?ag_id=100#ew_0_1271205,0.08,80,4.382026635,,
6725,ua,g_1010;em_12_95405;n_108306-n_16701;p_188;#=ew_69_230060;prefix=76417-;[0]=ew_0_624863,R007M,PresentElder,89.643,89.563,https://labbcat.canterbury.ac.nz/maonze/transcript?ag_id=1010#ew_0_624863,0.08,80,4.382026635,,
6774,ua,g_102;em_12_162928;n_6285954-n_6285959;p_41;#=ew_69_163449;prefix=13789-;[0]=ew_0_1271256,K007M,PresentElder,105.127,105.047,https://labbcat.canterbury.ac.nz/maonze/transcript?ag_id=102#ew_0_1271256,0.08,80,4.382026635,,
6775,ua,g_102;em_12_162928;n_6285954-n_6285959;p_41;#=ew_69_163450;prefix=13790-;[0]=ew_0_1270554,K007M,PresentElder,106.017,105.937,https://labbcat.canterbury.ac.nz/maonze/transcript?ag_id=102#ew_0_1270554,0.08,80,4.382026635,,
6799,ua,g_1024;em_12_163727;n_6702383-n_6702387;p_190;#=ew_69_232973;prefix=79039-;[0]=ew_0_1282899,R009M,PresentElder,21.064,20.984,https://labbcat.canterbury.ac.nz/maonze/transcript?ag_id=1024#ew_0_1282899,0.08,80,4.382026635,,
6872,ua,g_1034;em_12_96579;n_108890-n_108891;p_190;#=ew_69_233972;prefix=80657-;[0]=ew_0_637544,R009M,PresentElder,26.066,25.986,https://labbcat.canterbury.ac.nz/maonze/transcript?ag_id=1034#ew_0_637544,0.08,80,4.382026635,,
6883,ua,g_1035;em_12_96630;n_108928-n_108929;p_190;#=ew_69_234539;prefix=80895-;[0]=ew_0_638407,R009M,PresentElder,67.888,67.808,https://labbcat.canterbury.ac.nz/maonze/transcript?ag_id=1035#ew_0_638407,0.08,80,4.382026635,,
6899,ua,g_1037;em_12_96740;n_17321-n_109010;p_193;#=ew_69_235102;prefix=81355-;[0]=ew_0_639809,R010M,PresentElder,89.182,89.102,https://labbcat.canterbury.ac.nz/maonze/transcript?ag_id=1037#ew_0_639809,0.08,80,4.382026635,,
6983,ua,g_1048;em_12_97545;n_109467-n_109468;p_193;#=ew_69_236676;prefix=82974-;[0]=ew_0_647128,R010M,PresentElder,37.964,37.884,https://labbcat.canterbury.ac.nz/maonze/transcript?ag_id=1048#ew_0_647128,0.08,80,4.382026635,,
7003,ua,g_1051;em_12_97731;n_109559-n_109560;p_203;#=ew_69_241722;prefix=87792-;[0]=ew_0_648933,WU02M,Historical,109.716,109.636,https://labbcat.canterbury.ac.nz/maonze/transcript?ag_id=1051#ew_0_648933,0.08,80,4.382026635,,
7070,ua,g_1076;em_12_99802;n_110995-n_110996;p_208;#=ew_69_246033;prefix=91896-;[0]=ew_0_662468,WU07M,Historical,44.736,44.656,https://labbcat.canterbury.ac.nz/maonze/transcript?ag_id=1076#ew_0_662468,0.08,80,4.382026635,,
7101,ua,g_1081;em_12_100061;n_18374-n_111218;p_208;#=ew_69_246848;prefix=92416-;[0]=ew_0_664655,WU07M,Historical,30.59,30.51,https://labbcat.canterbury.ac.nz/maonze/transcript?ag_id=1081#ew_0_664655,0.08,80,4.382026635,,
7107,ua,g_1081;em_12_100070;n_18380-n_111221;p_208;#=ew_69_246916;prefix=92439-;[0]=ew_0_664742,WU07M,Historical,65.728,65.648,https://labbcat.canterbury.ac.nz/maonze/transcript?ag_id=1081#ew_0_664742,0.08,80,4.382026635,,
7129,ua,g_1082;em_12_151846;n_4699045-n_4699046;p_208;#=ew_69_247117;prefix=92681-;[0]=ew_0_1134037,WU07M,Historical,124.122,124.042,https://labbcat.canterbury.ac.nz/maonze/transcript?ag_id=1082#ew_0_1134037,0.08,80,4.382026635,,
7133,ua,g_1083;em_12_100201;n_18403-n_111328;p_208;#=ew_69_246952;prefix=92792-;[0]=ew_0_666030,WU07M,Historical,55.174,55.094,https://labbcat.canterbury.ac.nz/maonze/transcript?ag_id=1083#ew_0_666030,0.08,80,4.382026635,,
7145,ua,g_1084;em_12_100272;n_111381-n_111382;p_208;#=ew_69_246453;prefix=92936-;[0]=ew_0_666649,WU07M,Historical,39.314,39.234,https://labbcat.canterbury.ac.nz/maonze/transcript?ag_id=1084#ew_0_666649,0.08,80,4.382026635,,
7147,ua,g_1084;em_12_100276;n_111385-n_111386;p_208;#=ew_69_246458;prefix=92941-;[0]=ew_0_666681,WU07M,Historical,53.004,52.924,https://labbcat.canterbury.ac.nz/maonze/transcript?ag_id=1084#ew_0_666681,0.08,80,4.382026635,,
7186,ua,g_109;em_12_7490;n_792-n_37286;p_41;#=ew_69_165148;prefix=15171-;[0]=ew_0_75235,K007M,PresentElder,57.131,57.051,https://labbcat.canterbury.ac.nz/maonze/transcript?ag_id=109#ew_0_75235,0.08,80,4.382026635,,
7193,ua,g_1090;em_12_100605;n_111648-n_111649;p_208;#=ew_69_248018;prefix=93679-;[0]=ew_0_669719,WU07M,Historical,85.844,85.764,https://labbcat.canterbury.ac.nz/maonze/transcript?ag_id=1090#ew_0_669719,0.08,80,4.382026635,,
7318,ua,g_1211;em_12_109744;n_118490-n_118491;p_244;#=ew_69_244941;prefix=90708-;[0]=ew_0_730468,WU04M,Historical,90.509,90.429,https://labbcat.canterbury.ac.nz/maonze/transcript?ag_id=1211#ew_0_730468,0.08,80,4.382026635,,
7319,ua,g_1212;em_12_109789;n_118517-n_118518;p_244;#=ew_69_244722;prefix=90814-;[0]=ew_0_730900,WU04M,Historical,21.938,21.858,https://labbcat.canterbury.ac.nz/maonze/transcript?ag_id=1212#ew_0_730900,0.08,80,4.382026635,,
7339,ua,g_1232;em_12_110915;n_21194-n_5824542;p_249;#=ew_69_179903;prefix=29630-;[0]=ew_0_740711,L1H06M,L1,57.339,57.259,https://labbcat.canterbury.ac.nz/maonze/transcript?ag_id=1232#ew_0_740711,0.08,80,4.382026635,,
7397,ua,g_1244;em_12_160366;n_5828399-n_21925;p_249;#=ew_69_181489;prefix=30823-;[0]=ew_0_1229059,L1H06M,L1,68.947,68.867,https://labbcat.canterbury.ac.nz/maonze/transcript?ag_id=1244#ew_0_1229059,0.08,80,4.382026635,,
7569,ua,g_1512;em_12_125533;n_25160-n_25161;p_276;#=ew_69_242310;prefix=88376-;[0]=ew_0_881221,WU03M,Historical,77.518,77.438,https://labbcat.canterbury.ac.nz/maonze/transcript?ag_id=1512#ew_0_881221,0.08,80,4.382026635,,
7687,ua,g_1536;em_12_126741;n_130533-n_25530;p_200;#=ew_69_216263;prefix=63586-;[0]=ew_0_894126,MU08M,Historical,51.602,51.522,https://labbcat.canterbury.ac.nz/maonze/transcript?ag_id=1536#ew_0_894126,0.08,80,4.382026635,,
7737,ua,g_1619;em_12_131839;n_134311-n_26804;p_299;#=ew_69_191948;prefix=40730-;[0]=ew_0_933700,L2H01M,L2,32.378,32.298,https://labbcat.canterbury.ac.nz/maonze/transcript?ag_id=1619#ew_0_933700,0.08,80,4.382026635,,
7932,ua,g_1654;em_12_134218;n_136216-n_136217;p_300;#=ew_69_194643;prefix=43226-;[0]=ew_0_949568,L2H02M,L2,118.182,118.102,https://labbcat.canterbury.ac.nz/maonze/transcript?ag_id=1654#ew_0_949568,0.08,80,4.382026635,,
8008,ua,g_1668;em_12_134910;n_136721-n_136722;p_302;#=ew_69_198310;prefix=46566-;[0]=ew_0_956268,L2H04M,L2,100.572,100.492,https://labbcat.canterbury.ac.nz/maonze/transcript?ag_id=1668#ew_0_956268,0.08,80,4.382026635,,
8027,ua,g_1670;em_12_134979;n_27477-n_27478;p_302;#=ew_69_198093;prefix=46866-;[0]=ew_0_957278,L2H04M,L2,29.569,29.489,https://labbcat.canterbury.ac.nz/maonze/transcript?ag_id=1670#ew_0_957278,0.08,80,4.382026635,,
8029,ua,g_1670;em_12_134986;n_136780-n_136781;p_302;#=ew_69_198150;prefix=46896-;[0]=ew_0_957375,L2H04M,L2,75.191,75.111,https://labbcat.canterbury.ac.nz/maonze/transcript?ag_id=1670#ew_0_957375,0.08,80,4.382026635,,
8040,ua,g_1671;em_12_135025;n_136817-n_136818;p_302;#=ew_69_198797;prefix=47047-;[0]=ew_0_1277031,L2H04M,L2,118.047,117.967,https://labbcat.canterbury.ac.nz/maonze/transcript?ag_id=1671#ew_0_1277031,0.08,80,4.382026635,,
8041,ua,g_1671;em_12_163205;n_6399586-n_6399599;p_302;#=ew_69_198762;prefix=47013-;[0]=ew_0_1277143,L2H04M,L2,62.232,62.152,https://labbcat.canterbury.ac.nz/maonze/transcript?ag_id=1671#ew_0_1277143,0.08,80,4.382026635,,
8056,ua,g_1677;em_12_135333;n_137066-n_137067;p_307;#=ew_69_199761;prefix=48396-;[0]=ew_0_960634,L2H05M,L2,75.101,75.021,https://labbcat.canterbury.ac.nz/maonze/transcript?ag_id=1677#ew_0_960634,0.08,80,4.382026635,,
8059,ua,g_1678;em_12_135394;n_137116-n_137117;p_307;#=ew_69_199853;prefix=48288-;[0]=ew_0_961109,L2H05M,L2,55.887,55.807,https://labbcat.canterbury.ac.nz/maonze/transcript?ag_id=1678#ew_0_961109,0.08,80,4.382026635,,
8165,ua,g_1840;em_12_148946;n_3847038-n_3847061;p_49;#=ew_69_204429;prefix=52305-;[0]=ew_0_1100391,L2Y03M,L2,34.537,34.457,https://labbcat.canterbury.ac.nz/maonze/transcript?ag_id=1840#ew_0_1100391,0.08,80,4.382026635,,
8184,ua,g_1845;em_12_149278;n_3851399-n_3851420;p_49;#=ew_69_204946;prefix=53025-;[0]=ew_0_1104096,L2Y03M,L2,36.14,36.06,https://labbcat.canterbury.ac.nz/maonze/transcript?ag_id=1845#ew_0_1104096,0.08,80,4.382026635,,
8202,ua,g_1847;em_12_149398;n_3853042-n_3853050;p_49;#=ew_69_205358;prefix=53279-;[0]=ew_0_1105484,L2Y03M,L2,45.202,45.122,https://labbcat.canterbury.ac.nz/maonze/transcript?ag_id=1847#ew_0_1105484,0.08,80,4.382026635,,
8292,ua,g_1898;em_12_156054;n_5274723-n_5274740;p_333;#=ew_69_238162;prefix=84919-;[0]=ew_0_1182883,R012M,PresentElder,22.612,22.532,https://labbcat.canterbury.ac.nz/maonze/transcript?ag_id=1898#ew_0_1182883,0.08,80,4.382026635,,
8349,ua,g_1904;em_12_156550;n_5280467-n_5280488;p_333;#=ew_69_239434;prefix=85677-;[0]=ew_0_1187824,R012M,PresentElder,32.638,32.558,https://labbcat.canterbury.ac.nz/maonze/transcript?ag_id=1904#ew_0_1187824,0.08,80,4.382026635,,
8374,ua,g_1908;em_12_156788;n_5284281-n_5284298;p_333;#=ew_69_240966;prefix=86456-;[0]=ew_0_1190868,R012M,PresentElder,90.82,90.74,https://labbcat.canterbury.ac.nz/maonze/transcript?ag_id=1908#ew_0_1190868,0.08,80,4.382026635,,
8386,ua,g_1909;em_12_156863;n_5285106-n_5285128;p_333;#=ew_69_240801;prefix=86710-;[0]=ew_0_1191922,R012M,PresentElder,9.883,9.803,https://labbcat.canterbury.ac.nz/maonze/transcript?ag_id=1909#ew_0_1191922,0.08,80,4.382026635,,
8398,ua,g_1910;em_12_156917;n_5286232-n_5286256;p_333;#=ew_69_240397;prefix=86872-;[0]=ew_0_1193009,R012M,PresentElder,24.028,23.948,https://labbcat.canterbury.ac.nz/maonze/transcript?ag_id=1910#ew_0_1193009,0.08,80,4.382026635,,
8417,ua,g_1912;em_12_157020;n_5288486-n_5288505;p_333;#=ew_69_240109;prefix=87216-;[0]=ew_0_1194518,R012M,PresentElder,64.175,64.095,https://labbcat.canterbury.ac.nz/maonze/transcript?ag_id=1912#ew_0_1194518,0.08,80,4.382026635,,
8431,ua,g_1913;em_12_157144;n_5289529-n_5289543;p_333;#=ew_69_240214;prefix=87335-;[0]=ew_0_1195659,R012M,PresentElder,42.21,42.13,https://labbcat.canterbury.ac.nz/maonze/transcript?ag_id=1913#ew_0_1195659,0.08,80,4.382026635,,
8435,ua,g_1920;em_12_161225;n_6079115-n_6079136;p_142;#=ew_69_183399;prefix=32682-;[0]=ew_0_1247827,L1Y01M,L1,88.692,88.612,https://labbcat.canterbury.ac.nz/maonze/transcript?ag_id=1920#ew_0_1247827,0.08,80,4.382026635,,
8467,ua,g_1943;em_12_165669;n_6845854-n_6845869;p_19;#=ew_69_151841;prefix=02585-;[0]=ew_0_1296279,K002M,PresentElder,63.473,63.393,https://labbcat.canterbury.ac.nz/maonze/transcript?ag_id=1943#ew_0_1296279,0.08,80,4.382026635,,
8556,ua,g_27;em_12_2229;n_32836-n_32837;p_19;#=ew_69_154816;prefix=05164-;[0]=ew_0_18870,K002M,PresentElder,124.84,124.76,https://labbcat.canterbury.ac.nz/maonze/transcript?ag_id=27#ew_0_18870,0.08,80,4.382026635,,
8580,ua,g_305;em_12_29735;n_54580-n_54581;p_81;#=ew_69_186549;prefix=35031-;[0]=ew_0_1266178,L1Y03M,L1,56.41,56.33,https://labbcat.canterbury.ac.nz/maonze/transcript?ag_id=305#ew_0_1266178,0.08,80,4.382026635,,
8641,ua,g_318;em_12_148547;n_3841470-n_3841498;p_89;#=ew_69_187876;prefix=36861-;[0]=ew_0_1095436,L1Y04M,L1,125.67,125.59,https://labbcat.canterbury.ac.nz/maonze/transcript?ag_id=318#ew_0_1095436,0.08,80,4.382026635,,
8648,ua,g_319;em_12_31127;n_55744-n_3841173;p_89;#=ew_69_187800;prefix=36951-;[0]=ew_0_213620,L1Y04M,L1,47.734,47.654,https://labbcat.canterbury.ac.nz/maonze/transcript?ag_id=319#ew_0_213620,0.08,80,4.382026635,,
8649,ua,g_319;em_12_31138;n_55755-n_55756;p_89;#=ew_69_187829;prefix=36963-;[0]=ew_0_213657,L1Y04M,L1,63.637,63.557,https://labbcat.canterbury.ac.nz/maonze/transcript?ag_id=319#ew_0_213657,0.08,80,4.382026635,,
8681,ua,g_323;em_12_32125;n_5761-n_5762;p_89;#=ew_69_188836;prefix=37629-;[0]=ew_0_1095231,L1Y04M,L1,49.293,49.213,https://labbcat.canterbury.ac.nz/maonze/transcript?ag_id=323#ew_0_1095231,0.08,80,4.382026635,,
8695,ua,g_325;em_12_32731;n_57099-n_57100;p_89;#=ew_69_188528;prefix=37914-;[0]=ew_0_1094913,L1Y04M,L1,72.413,72.333,https://labbcat.canterbury.ac.nz/maonze/transcript?ag_id=325#ew_0_1094913,0.08,80,4.382026635,,
8704,ua,g_326;em_12_148494;n_3841601-n_3841627;p_89;#=ew_69_188695;prefix=38138-;[0]=ew_0_1095318,L1Y04M,L1,122.217,122.137,https://labbcat.canterbury.ac.nz/maonze/transcript?ag_id=326#ew_0_1095318,0.08,80,4.382026635,,
8771,ua,g_341;em_12_33496;n_57709-n_57710;p_85;#=ew_69_184454;prefix=33767-;[0]=ew_0_224257,L1Y02M,L1,113.949,113.869,https://labbcat.canterbury.ac.nz/maonze/transcript?ag_id=341#ew_0_224257,0.08,80,4.382026635,,
8895,ua,g_383;em_12_38502;n_62300-n_62301;p_95;#=ew_69_214956;prefix=62159-;[0]=ew_0_246304,MU06M,Historical,65.11,65.03,https://labbcat.canterbury.ac.nz/maonze/transcript?ag_id=383#ew_0_246304,0.08,80,4.382026635,,
8901,ua,g_384;em_12_150295;n_4464030-n_62507;p_95;#=ew_69_214816;prefix=62387-;[0]=ew_0_1121620,MU06M,Historical,54.068,53.988,https://labbcat.canterbury.ac.nz/maonze/transcript?ag_id=384#ew_0_1121620,0.08,80,4.382026635,,
8999,ua,g_455;em_12_158504;n_5392150-n_5391843;p_112;#=ew_69_161122;prefix=11670-;[0]=ew_0_1209993,K006M,PresentElder,126.899,126.819,https://labbcat.canterbury.ac.nz/maonze/transcript?ag_id=455#ew_0_1209993,0.08,80,4.382026635,,
9066,ua,g_470;em_12_48612;n_70574-n_70575;p_120;#=ew_69_166479;prefix=16512-;[0]=ew_0_1090300,K008M,PresentElder,88.893,88.813,https://labbcat.canterbury.ac.nz/maonze/transcript?ag_id=470#ew_0_1090300,0.08,80,4.382026635,,
9105,ua,g_482;em_12_49405;n_8170-n_71290;p_121;#=ew_69_168866;prefix=18507-;[0]=ew_0_309870,K009M,PresentElder,48.007,47.927,https://labbcat.canterbury.ac.nz/maonze/transcript?ag_id=482#ew_0_309870,0.08,80,4.382026635,,
9106,ua,g_482;em_12_49442;n_71322-n_71323;p_121;#=ew_69_168989;prefix=18560-;[0]=ew_0_310016,K009M,PresentElder,124.048,123.968,https://labbcat.canterbury.ac.nz/maonze/transcript?ag_id=482#ew_0_310016,0.08,80,4.382026635,,
9171,ua,g_491;em_12_50581;n_72187-n_72188;p_122;#=ew_69_169692;prefix=19759-;[0]=ew_0_1098545,K010M,PresentElder,98.745,98.665,https://labbcat.canterbury.ac.nz/maonze/transcript?ag_id=491#ew_0_1098545,0.08,80,4.382026635,,
9210,ua,g_50;em_12_3660;n_34002-n_34003;p_32;#=ew_69_157519;prefix=07780-;[0]=ew_0_33149,K004M,PresentElder,23.479,23.399,https://labbcat.canterbury.ac.nz/maonze/transcript?ag_id=50#ew_0_33149,0.08,80,4.382026635,,
9211,ua,g_500;em_12_51874;n_73154-n_73155;p_97;#=ew_69_215503;prefix=63066-;[0]=ew_0_1122536,MU07M,Historical,75.864,75.784,https://labbcat.canterbury.ac.nz/maonze/transcript?ag_id=500#ew_0_1122536,0.08,80,4.382026635,,
9230,ua,g_53;em_12_3788;n_34120-n_5387851;p_32;#=ew_69_157721;prefix=08322-;[0]=ew_0_35314,K004M,PresentElder,79.685,79.605,https://labbcat.canterbury.ac.nz/maonze/transcript?ag_id=53#ew_0_35314,0.08,80,4.382026635,,
9246,ua,g_55;em_12_161998;n_6214543-n_6214544;p_32;#=ew_69_158651;prefix=08832-;[0]=ew_0_1259724,K004M,PresentElder,81.091,81.011,https://labbcat.canterbury.ac.nz/maonze/transcript?ag_id=55#ew_0_1259724,0.08,80,4.382026635,,
9250,ua,g_56;em_12_162045;n_6215583-n_6215584;p_32;#=ew_69_158478;prefix=09111-;[0]=ew_0_1260938,K004M,PresentElder,117.972,117.892,https://labbcat.canterbury.ac.nz/maonze/transcript?ag_id=56#ew_0_1260938,0.08,80,4.382026635,,
9315,ua,g_603;em_12_64251;n_83845-n_83846;p_140;#=ew_69_190597;prefix=39337-;[0]=ew_0_384491,L1Y05M,L1,54.488,54.408,https://labbcat.canterbury.ac.nz/maonze/transcript?ag_id=603#ew_0_384491,0.08,80,4.382026635,,
9377,ua,g_610;em_12_64678;n_84246-n_84247;p_142;#=ew_69_182019;prefix=31013-;[0]=ew_0_1243890,L1Y01M,L1,79.489,79.409,https://labbcat.canterbury.ac.nz/maonze/transcript?ag_id=610#ew_0_1243890,0.08,80,4.382026635,,
9459,ua,g_625;em_12_65301;n_84821-n_84822;p_142;#=ew_69_183181;prefix=32747-;[0]=ew_0_395967,L1Y01M,L1,66.239,66.159,https://labbcat.canterbury.ac.nz/maonze/transcript?ag_id=625#ew_0_395967,0.08,80,4.382026635,,
9481,ua,g_626;em_12_65346;n_84865-n_84866;p_142;#=ew_69_183693;prefix=32899-;[0]=ew_0_1246178,L1Y01M,L1,71.116,71.036,https://labbcat.canterbury.ac.nz/maonze/transcript?ag_id=626#ew_0_1246178,0.08,80,4.382026635,,
9513,ua,g_630;em_12_65821;n_85297-n_85298;p_143;#=ew_69_203571;prefix=50934-;[0]=ew_0_399514,L2Y02M,L2,94.986,94.906,https://labbcat.canterbury.ac.nz/maonze/transcript?ag_id=630#ew_0_399514,0.08,80,4.382026635,,
9523,ua,g_631;em_12_65975;n_85444-n_85445;p_143;#=ew_69_202260;prefix=51253-;[0]=ew_0_400648,L2Y02M,L2,82.08,82,https://labbcat.canterbury.ac.nz/maonze/transcript?ag_id=631#ew_0_400648,0.08,80,4.382026635,,
9565,ua,g_636;em_12_66518;n_85915-n_85916;p_145;#=ew_69_201314;prefix=49130-;[0]=ew_0_404860,L2Y01M,L2,51.111,51.031,https://labbcat.canterbury.ac.nz/maonze/transcript?ag_id=636#ew_0_404860,0.08,80,4.382026635,,
9598,ua,g_640;em_12_66816;n_86135-n_86136;p_145;#=ew_69_201468;prefix=49646-;[0]=ew_0_407712,L2Y01M,L2,20.436,20.356,https://labbcat.canterbury.ac.nz/maonze/transcript?ag_id=640#ew_0_407712,0.08,80,4.382026635,,
9656,ua,g_657;em_12_69295;n_88227-n_88228;p_146;#=ew_69_206637;prefix=54507-;[0]=ew_0_417468,L2Y04M,L2,23.776,23.696,https://labbcat.canterbury.ac.nz/maonze/transcript?ag_id=657#ew_0_417468,0.08,80,4.382026635,,
9756,ua,g_672;em_12_70740;n_89509-n_89510;p_148;#=ew_69_208396;prefix=56722-;[0]=ew_0_426285,L2Y05M,L2,116.747,116.667,https://labbcat.canterbury.ac.nz/maonze/transcript?ag_id=672#ew_0_426285,0.08,80,4.382026635,,
9892,ua,g_862;em_12_86334;n_101255-n_101256;p_168;#=ew_69_172780;prefix=22721-;[0]=ew_0_547950,L1H02M,L1,80.094,80.014,https://labbcat.canterbury.ac.nz/maonze/transcript?ag_id=862#ew_0_547950,0.08,80,4.382026635,,
9906,ua,g_864;em_12_86492;n_101369-n_101370;p_168;#=ew_69_173674;prefix=23024-;[0]=ew_0_549225,L1H02M,L1,59.66,59.58,https://labbcat.canterbury.ac.nz/maonze/transcript?ag_id=864#ew_0_549225,0.08,80,4.382026635,,
9920,ua,g_866;em_12_159633;n_5715642-n_5715653;p_168;#=ew_69_173219;prefix=23419-;[0]=ew_0_1221093,L1H02M,L1,107.099,107.019,https://labbcat.canterbury.ac.nz/maonze/transcript?ag_id=866#ew_0_1221093,0.08,80,4.382026635,,
9985,ua,g_876;em_12_87317;n_101956-n_14985;p_169;#=ew_69_175039;prefix=24596-;[0]=ew_0_555269,L1H03M,L1,35.094,35.014,https://labbcat.canterbury.ac.nz/maonze/transcript?ag_id=876#ew_0_555269,0.08,80,4.382026635,,
10085,ua,g_895;em_12_88499;n_102750-n_102751;p_174;#=ew_69_178014;prefix=28153-;[0]=ew_0_563842,L1H05M,L1,69.32,69.24,https://labbcat.canterbury.ac.nz/maonze/transcript?ag_id=895#ew_0_563842,0.08,80,4.382026635,,
10112,ua,g_898;em_12_88653;n_102888-n_102889;p_174;#=ew_69_178600;prefix=27636-;[0]=ew_0_565688,L1H05M,L1,67.119,67.039,https://labbcat.canterbury.ac.nz/maonze/transcript?ag_id=898#ew_0_565688,0.08,80,4.382026635,,
10154,ua,g_904;em_12_159836;n_5773803-n_5773813;p_174;#=ew_69_178345;prefix=27491-;[0]=ew_0_1224343,L1H05M,L1,107.584,107.504,https://labbcat.canterbury.ac.nz/maonze/transcript?ag_id=904#ew_0_1224343,0.08,80,4.382026635,,
10187,ua,g_908;em_12_89178;n_15523-n_103260;p_173;#=ew_69_176968;prefix=26427-;[0]=ew_0_570562,L1H04M,L1,34.832,34.752,https://labbcat.canterbury.ac.nz/maonze/transcript?ag_id=908#ew_0_570562,0.08,80,4.382026635,,
10257,ua,g_926;em_12_90232;n_104052-n_104053;p_179;#=ew_69_217465;prefix=64517-;[0]=ew_0_579782,R001M,PresentElder,123.263,123.183,https://labbcat.canterbury.ac.nz/maonze/transcript?ag_id=926#ew_0_579782,0.08,80,4.382026635,,
10353,ua,g_940;em_12_91300;n_105052-n_105053;p_179;#=ew_69_219256;prefix=66453-;[0]=ew_0_586573,R001M,PresentElder,118.265,118.185,https://labbcat.canterbury.ac.nz/maonze/transcript?ag_id=940#ew_0_586573,0.08,80,4.382026635,,
10414,ua,g_949;em_12_91713;n_105381-n_105382;p_181;#=ew_69_220399;prefix=67528-;[0]=ew_0_590424,R002M,PresentElder,24.616,24.536,https://labbcat.canterbury.ac.nz/maonze/transcript?ag_id=949#ew_0_590424,0.08,80,4.382026635,,
10599,ua,g_98;em_12_6884;n_36731-n_36732;p_41;#=ew_69_162480;prefix=12900-;[0]=ew_0_66910,K007M,PresentElder,91.878,91.798,https://labbcat.canterbury.ac.nz/maonze/transcript?ag_id=98#ew_0_66910,0.08,80,4.382026635,,
10608,ua,g_982;em_12_93744;n_106850-n_106851;p_184;#=ew_69_225353;prefix=72209-;[0]=ew_0_608699,R004M,PresentElder,119.611,119.531,https://labbcat.canterbury.ac.nz/maonze/transcript?ag_id=982#ew_0_608699,0.08,80,4.382026635,,
10662,ua,g_99;em_12_162768;n_6281864-n_6281869;p_41;#=ew_69_163458;prefix=13251-;[0]=ew_0_1268282,K007M,PresentElder,79.953,79.873,https://labbcat.canterbury.ac.nz/maonze/transcript?ag_id=99#ew_0_1268282,0.08,80,4.382026635,,
143,ea,g_1039;em_12_96968;n_109162-n_109163;p_193;#=ew_69_235708;prefix=81827-;[0]=ew_0_641850,R010M,PresentElder,246.38,246.3,https://labbcat.canterbury.ac.nz/maonze/transcript?ag_id=1039#ew_0_641850,0.08,80,4.382026635,,
206,ea,g_107;em_12_163121;n_6288624-n_6288626;p_41;#=ew_69_164259;prefix=14716-;[0]=ew_0_1272581,K007M,PresentElder,174.076,173.996,https://labbcat.canterbury.ac.nz/maonze/transcript?ag_id=107#ew_0_1272581,0.08,80,4.382026635,,
257,ea,g_1084;em_12_100297;n_111402-n_111403;p_208;#=ew_69_246518;prefix=92997-;[0]=ew_0_666871,WU07M,Historical,130.117,130.037,https://labbcat.canterbury.ac.nz/maonze/transcript?ag_id=1084#ew_0_666871,0.08,80,4.382026635,,
280,ea,g_109;em_12_7529;n_810-n_37307;p_41;#=ew_69_165262;prefix=15278-;[0]=ew_0_75572,K007M,PresentElder,169.249,169.169,https://labbcat.canterbury.ac.nz/maonze/transcript?ag_id=109#ew_0_75572,0.08,80,4.382026635,,
321,ea,g_1199;em_12_108580;n_117387-n_117388;p_244;#=ew_69_243465;prefix=88977-;[0]=ew_0_723973,WU04M,Historical,213.414,213.334,https://labbcat.canterbury.ac.nz/maonze/transcript?ag_id=1199#ew_0_723973,0.08,80,4.382026635,,
391,ea,g_1230;em_12_110793;n_21080-n_21081;p_249;#=ew_69_180166;prefix=29478-;[0]=ew_0_739757,L1H06M,L1,160.629,160.549,https://labbcat.canterbury.ac.nz/maonze/transcript?ag_id=1230#ew_0_739757,0.08,80,4.382026635,,
407,ea,g_1235;em_12_160105;n_5825257-n_5825271;p_249;#=ew_69_180963;prefix=29961-;[0]=ew_0_1227493,L1H06M,L1,251.087,251.007,https://labbcat.canterbury.ac.nz/maonze/transcript?ag_id=1235#ew_0_1227493,0.08,80,4.382026635,,
441,ea,g_1243;em_12_160321;n_6973735-n_21905;p_249;#=ew_69_181335;prefix=30774-;[0]=ew_0_1225981,L1H06M,L1,234.397,234.317,https://labbcat.canterbury.ac.nz/maonze/transcript?ag_id=1243#ew_0_1225981,0.08,80,4.382026635,,
669,ea,g_1624;em_12_132261;n_134635-n_6993285;p_299;#=ew_69_193129;prefix=41352-;[0]=ew_0_936668,L2H01M,L2,173.957,173.877,https://labbcat.canterbury.ac.nz/maonze/transcript?ag_id=1624#ew_0_936668,0.08,80,4.382026635,,
912,ea,g_1682;em_12_135698;n_137329-n_27645;p_307;#=ew_69_199435;prefix=47713-;[0]=ew_0_963199,L2H05M,L2,131.402,131.322,https://labbcat.canterbury.ac.nz/maonze/transcript?ag_id=1682#ew_0_963199,0.08,80,4.382026635,,
955,ea,g_1840;em_12_149012;n_3847871-n_3847882;p_49;#=ew_69_204769;prefix=52454-;[0]=ew_0_1101095,L2Y03M,L2,338.805,338.725,https://labbcat.canterbury.ac.nz/maonze/transcript?ag_id=1840#ew_0_1101095,0.08,80,4.382026635,,
1105,ea,g_1906;em_12_156686;n_5283253-n_5283267;p_333;#=ew_69_239500;prefix=86097-;[0]=ew_0_1189398,R012M,PresentElder,214.32,214.24,https://labbcat.canterbury.ac.nz/maonze/transcript?ag_id=1906#ew_0_1189398,0.08,80,4.382026635,,
1230,ea,g_22;em_12_1831;n_32448-n_32449;p_19;#=ew_69_153533;prefix=04146-;[0]=ew_0_15663,K002M,PresentElder,148.856,148.776,https://labbcat.canterbury.ac.nz/maonze/transcript?ag_id=22#ew_0_15663,0.08,80,4.382026635,,
1291,ea,g_27;em_12_2254;n_32861-n_32862;p_19;#=ew_69_154923;prefix=05271-;[0]=ew_0_19148,K002M,PresentElder,240.523,240.443,https://labbcat.canterbury.ac.nz/maonze/transcript?ag_id=27#ew_0_19148,0.08,80,4.382026635,,
1295,ea,g_27;em_12_2264;n_32871-n_32872;p_19;#=ew_69_154970;prefix=05318-;[0]=ew_0_19254,K002M,PresentElder,285.919,285.839,https://labbcat.canterbury.ac.nz/maonze/transcript?ag_id=27#ew_0_19254,0.08,80,4.382026635,,
1299,ea,g_27;em_12_2279;n_32886-n_32887;p_19;#=ew_69_155022;prefix=05370-;[0]=ew_0_19404,K002M,PresentElder,356.191,356.111,https://labbcat.canterbury.ac.nz/maonze/transcript?ag_id=27#ew_0_19404,0.08,80,4.382026635,,
1404,ea,g_323;em_12_148752;n_3842321-n_3842336;p_89;#=ew_69_188968;prefix=37757-;[0]=ew_0_1097810,L1Y04M,L1,291.5,291.42,https://labbcat.canterbury.ac.nz/maonze/transcript?ag_id=323#ew_0_1097810,0.08,80,4.382026635,,
1473,ea,g_338;em_12_33419;n_57642-n_29234;p_85;#=ew_69_185220;prefix=34382-;[0]=ew_0_223186,L1Y02M,L1,179.611,179.531,https://labbcat.canterbury.ac.nz/maonze/transcript?ag_id=338#ew_0_223186,0.08,80,4.382026635,,
1624,ea,g_453;em_12_46986;n_69356-n_69357;p_110;#=ew_69_157094;prefix=07497-;[0]=ew_0_294328,K003M,PresentElder,288.281,288.201,https://labbcat.canterbury.ac.nz/maonze/transcript?ag_id=453#ew_0_294328,0.08,80,4.382026635,,
1675,ea,g_469;em_12_48544;n_70523-n_70525;p_120;#=ew_69_166411;prefix=16445-;[0]=ew_0_1090862,K008M,PresentElder,234.063,233.983,https://labbcat.canterbury.ac.nz/maonze/transcript?ag_id=469#ew_0_1090862,0.08,80,4.382026635,,
1680,ea,g_470;em_12_48636;n_70590-n_70591;p_120;#=ew_69_166501;prefix=16534-;[0]=ew_0_1090317,K008M,PresentElder,133.242,133.162,https://labbcat.canterbury.ac.nz/maonze/transcript?ag_id=470#ew_0_1090317,0.08,80,4.382026635,,
1689,ea,g_474;em_12_49018;n_70951-n_70952;p_121;#=ew_69_167229;prefix=17080-;[0]=ew_0_305068,K009M,PresentElder,222.884,222.804,https://labbcat.canterbury.ac.nz/maonze/transcript?ag_id=474#ew_0_305068,0.08,80,4.382026635,,
1740,ea,g_490;em_12_50517;n_72134-n_72135;p_122;#=ew_69_170398;prefix=19711-;[0]=ew_0_315452,K010M,PresentElder,284.272,284.192,https://labbcat.canterbury.ac.nz/maonze/transcript?ag_id=490#ew_0_315452,0.08,80,4.382026635,,
1804,ea,g_52;em_12_3766;n_34099-n_34100;p_32;#=ew_69_158128;prefix=08213-;[0]=ew_0_34887,K004M,PresentElder,296.294,296.214,https://labbcat.canterbury.ac.nz/maonze/transcript?ag_id=52#ew_0_34887,0.08,80,4.382026635,,
1888,ea,g_603;em_12_64271;n_83865-n_83866;p_140;#=ew_69_190751;prefix=39431-;[0]=ew_0_384772,L1Y05M,L1,177.303,177.223,https://labbcat.canterbury.ac.nz/maonze/transcript?ag_id=603#ew_0_384772,0.08,80,4.382026635,,
2056,ea,g_634;em_12_66370;n_85806-n_85807;p_143;#=ew_69_204003;prefix=52070-;[0]=ew_0_403742,L2Y02M,L2,156.88,156.8,https://labbcat.canterbury.ac.nz/maonze/transcript?ag_id=634#ew_0_403742,0.08,80,4.382026635,,
2204,ea,g_8;em_12_513;n_31167-n_31168;p_28;#=ew_69_149921;prefix=01179-;[0]=ew_0_4795,K001M,PresentElder,225.355,225.275,https://labbcat.canterbury.ac.nz/maonze/transcript?ag_id=8#ew_0_4795,0.08,80,4.382026635,,
2216,ea,g_82;em_12_5630;n_35689-n_35690;p_37;#=ew_69_160425;prefix=10801-;[0]=ew_0_1093363,K005M,PresentElder,243.765,243.685,https://labbcat.canterbury.ac.nz/maonze/transcript?ag_id=82#ew_0_1093363,0.08,80,4.382026635,,
2277,ea,g_855;em_12_85917;n_100910-n_100911;p_167;#=ew_69_172244;prefix=21777-;[0]=ew_0_544740,L1H01M,L1,240.463,240.383,https://labbcat.canterbury.ac.nz/maonze/transcript?ag_id=855#ew_0_544740,0.08,80,4.382026635,,
2570,ea,g_940;em_12_91332;n_105066-n_15871;p_179;#=ew_69_219315;prefix=66509-;[0]=ew_0_586793,R001M,PresentElder,198.41,198.33,https://labbcat.canterbury.ac.nz/maonze/transcript?ag_id=940#ew_0_586793,0.08,80,4.382026635,,
2896,ia,g_102;em_12_162986;n_6286059-n_6286062;p_41;#=ew_69_163650;prefix=13871-;[0]=ew_0_1273768,K007M,PresentElder,190.1,190.02,https://labbcat.canterbury.ac.nz/maonze/transcript?ag_id=102#ew_0_1273768,0.08,80,4.382026635,,
2907,ia,g_1023;em_12_171425;n_7051693-n_29919;p_190;#=ew_69_232836;prefix=79024-;[0]=ew_0_1344310,R009M,PresentElder,232.896,232.816,https://labbcat.canterbury.ac.nz/maonze/transcript?ag_id=1023#ew_0_1344310,0.08,80,4.382026635,,
2932,ia,g_1028;em_12_171455;n_7052006-n_7052007;p_190;#=ew_69_233253;prefix=79794-;[0]=ew_0_1344715,R009M,PresentElder,166.884,166.804,https://labbcat.canterbury.ac.nz/maonze/transcript?ag_id=1028#ew_0_1344715,0.08,80,4.382026635,,
2948,ia,g_103;em_12_162987;n_6286016-n_6286021;p_41;#=ew_69_164693;prefix=14049-;[0]=ew_0_1273497,K007M,PresentElder,211.974,211.894,https://labbcat.canterbury.ac.nz/maonze/transcript?ag_id=103#ew_0_1273497,0.08,80,4.382026635,,
2983,ia,g_1034;em_12_96605;n_108910-n_108911;p_190;#=ew_69_234307;prefix=80753-;[0]=ew_0_637946,R009M,PresentElder,183.719,183.639,https://labbcat.canterbury.ac.nz/maonze/transcript?ag_id=1034#ew_0_637946,0.08,80,4.382026635,,
3090,ia,g_1082;em_12_100174;n_111306-n_111307;p_208;#=ew_69_247317;prefix=92736-;[0]=ew_0_665808,WU07M,Historical,218.849,218.769,https://labbcat.canterbury.ac.nz/maonze/transcript?ag_id=1082#ew_0_665808,0.08,80,4.382026635,,
3127,ia,g_1089;em_12_100572;n_111629-n_111630;p_208;#=ew_69_247820;prefix=93598-;[0]=ew_0_669448,WU07M,Historical,134.51,134.43,https://labbcat.canterbury.ac.nz/maonze/transcript?ag_id=1089#ew_0_669448,0.08,80,4.382026635,,
3131,ia,g_1090;em_12_100626;n_111669-n_111670;p_208;#=ew_69_248065;prefix=93725-;[0]=ew_0_669896,WU07M,Historical,162.628,162.548,https://labbcat.canterbury.ac.nz/maonze/transcript?ag_id=1090#ew_0_669896,0.08,80,4.382026635,,
3159,ia,g_116;em_12_8355;n_37913-n_37914;p_43;#=ew_69_211953;prefix=59044-;[0]=ew_0_80933,MU02M,Historical,168.753,168.673,https://labbcat.canterbury.ac.nz/maonze/transcript?ag_id=116#ew_0_80933,0.08,80,4.382026635,,
3194,ia,g_12;em_12_958;n_31594-n_31595;p_28;#=ew_69_149720;prefix=00203-;[0]=ew_0_8461,K001M,PresentElder,294.209,294.129,https://labbcat.canterbury.ac.nz/maonze/transcript?ag_id=12#ew_0_8461,0.08,80,4.382026635,,
3235,ia,g_1211;em_12_109754;n_20704-n_118496;p_244;#=ew_69_244988;prefix=90726-;[0]=ew_0_730573,WU04M,Historical,129.956,129.876,https://labbcat.canterbury.ac.nz/maonze/transcript?ag_id=1211#ew_0_730573,0.08,80,4.382026635,,
3609,ia,g_1845;em_12_149333;n_3852150-n_3852168;p_49;#=ew_69_205081;prefix=53126-;[0]=ew_0_1104725,L2Y03M,L2,313.255,313.175,https://labbcat.canterbury.ac.nz/maonze/transcript?ag_id=1845#ew_0_1104725,0.08,80,4.382026635,,
3676,ia,g_1897;em_12_155964;n_5274570-n_5274589;p_333;#=ew_69_238811;prefix=84824-;[0]=ew_0_1182297,R012M,PresentElder,263.228,263.148,https://labbcat.canterbury.ac.nz/maonze/transcript?ag_id=1897#ew_0_1182297,0.08,80,4.382026635,,
3689,ia,g_1899;em_12_156147;n_7054281-n_5276152;p_333;#=ew_69_238109;prefix=85049-;[0]=ew_0_1184371,R012M,PresentElder,161.92,161.84,https://labbcat.canterbury.ac.nz/maonze/transcript?ag_id=1899#ew_0_1184371,0.08,80,4.382026635,,
3691,ia,g_19;em_12_1530;n_32150-n_32151;p_19;#=ew_69_152744;prefix=02952-;[0]=ew_0_13440,K002M,PresentElder,253.944,253.864,https://labbcat.canterbury.ac.nz/maonze/transcript?ag_id=19#ew_0_13440,0.08,80,4.382026635,,
3751,ia,g_1913;em_12_157159;n_5290436-n_5290453;p_333;#=ew_69_240360;prefix=87295-;[0]=ew_0_1195759,R012M,PresentElder,307.017,306.937,https://labbcat.canterbury.ac.nz/maonze/transcript?ag_id=1913#ew_0_1195759,0.08,80,4.382026635,,
3795,ia,g_1946;em_12_165963;n_6849595-n_6849618;p_121;#=ew_69_167692;prefix=17258-;[0]=ew_0_1298801,K009M,PresentElder,150.652,150.572,https://labbcat.canterbury.ac.nz/maonze/transcript?ag_id=1946#ew_0_1298801,0.08,80,4.382026635,,
3804,ia,g_20;em_12_1623;n_32242-n_32243;p_19;#=ew_69_153792;prefix=03638-;[0]=ew_0_14064,K002M,PresentElder,157.362,157.282,https://labbcat.canterbury.ac.nz/maonze/transcript?ag_id=20#ew_0_14064,0.08,80,4.382026635,,
3808,ia,g_20;em_12_1683;n_32302-n_32303;p_19;#=ew_69_154033;prefix=03805-;[0]=ew_0_14517,K002M,PresentElder,372.825,372.745,https://labbcat.canterbury.ac.nz/maonze/transcript?ag_id=20#ew_0_14517,0.08,80,4.382026635,,
3831,ia,g_24;em_12_2058;n_32673-n_32674;p_19;#=ew_69_154531;prefix=04728-;[0]=ew_0_17515,K002M,PresentElder,322.679,322.599,https://labbcat.canterbury.ac.nz/maonze/transcript?ag_id=24#ew_0_17515,0.08,80,4.382026635,,
3834,ia,g_24;em_12_2065;n_32680-n_32681;p_19;#=ew_69_154556;prefix=04753-;[0]=ew_0_17576,K002M,PresentElder,347.717,347.637,https://labbcat.canterbury.ac.nz/maonze/transcript?ag_id=24#ew_0_17576,0.08,80,4.382026635,,
3899,ia,g_322;em_12_148695;n_3841857-n_56501;p_89;#=ew_69_189178;prefix=37532-;[0]=ew_0_1097421,L1Y04M,L1,207.093,207.013,https://labbcat.canterbury.ac.nz/maonze/transcript?ag_id=322#ew_0_1097421,0.08,80,4.382026635,,
3901,ia,g_322;em_12_31935;n_56472-n_56474;p_89;#=ew_69_189154;prefix=37509-;[0]=ew_0_216064,L1Y04M,L1,185.146,185.066,https://labbcat.canterbury.ac.nz/maonze/transcript?ag_id=322#ew_0_216064,0.08,80,4.382026635,,
4087,ia,g_451;em_12_169853;n_6947089-n_7634;p_110;#=ew_69_156447;prefix=07112-;[0]=ew_0_1327504,K003M,PresentElder,206.539,206.459,https://labbcat.canterbury.ac.nz/maonze/transcript?ag_id=451#ew_0_1327504,0.08,80,4.382026635,,
4121,ia,g_465;em_12_47961;n_70005-n_70006;p_120;#=ew_69_165712;prefix=15805-;[0]=ew_0_300014,K008M,PresentElder,180.45,180.37,https://labbcat.canterbury.ac.nz/maonze/transcript?ag_id=465#ew_0_300014,0.08,80,4.382026635,,
4133,ia,g_468;em_12_48419;n_70419-n_70420;p_120;#=ew_69_166310;prefix=16333-;[0]=ew_0_302220,K008M,PresentElder,266.452,266.372,https://labbcat.canterbury.ac.nz/maonze/transcript?ag_id=468#ew_0_302220,0.08,80,4.382026635,,
4216,ia,g_497;em_12_51598;n_72925-n_72926;p_122;#=ew_69_170687;prefix=20588-;[0]=ew_0_319858,K010M,PresentElder,288.4,288.32,https://labbcat.canterbury.ac.nz/maonze/transcript?ag_id=497#ew_0_319858,0.08,80,4.382026635,,
4222,ia,g_5;em_12_197;n_30862-n_14;p_28;#=ew_69_150979;prefix=01841-;[0]=ew_0_2339,K001M,PresentElder,189.666,189.586,https://labbcat.canterbury.ac.nz/maonze/transcript?ag_id=5#ew_0_2339,0.08,80,4.382026635,,
4251,ia,g_55;em_12_162020;n_6214567-n_6214568;p_32;#=ew_69_158856;prefix=08909-;[0]=ew_0_1260375,K004M,PresentElder,218.093,218.013,https://labbcat.canterbury.ac.nz/maonze/transcript?ag_id=55#ew_0_1260375,0.08,80,4.382026635,,
4260,ia,g_58;em_12_162165;n_6217274-n_6217232;p_32;#=ew_69_159841;prefix=09520-;[0]=ew_0_1327837,K004M,PresentElder,280.101,280.021,https://labbcat.canterbury.ac.nz/maonze/transcript?ag_id=58#ew_0_1327837,0.08,80,4.382026635,,
4261,ia,g_58;em_12_162180;n_6217258-n_6217259;p_32;#=ew_69_159744;prefix=09442-;[0]=ew_0_1263194,K004M,PresentElder,184.575,184.495,https://labbcat.canterbury.ac.nz/maonze/transcript?ag_id=58#ew_0_1263194,0.08,80,4.382026635,,
4291,ia,g_600;em_12_64115;n_83712-n_83713;p_140;#=ew_69_189929;prefix=38888-;[0]=ew_0_382917,L1Y05M,L1,266.537,266.457,https://labbcat.canterbury.ac.nz/maonze/transcript?ag_id=600#ew_0_382917,0.08,80,4.382026635,,
4342,ia,g_618;em_12_65059;n_84617-n_84618;p_142;#=ew_69_182906;prefix=32026-;[0]=ew_0_392995,L1Y01M,L1,172.39,172.31,https://labbcat.canterbury.ac.nz/maonze/transcript?ag_id=618#ew_0_392995,0.08,80,4.382026635,,
4384,ia,g_635;em_12_66463;n_85877-n_85878;p_145;#=ew_69_200728;prefix=49039-;[0]=ew_0_404458,L2Y01M,L2,219.778,219.698,https://labbcat.canterbury.ac.nz/maonze/transcript?ag_id=635#ew_0_404458,0.08,80,4.382026635,,
4432,ia,g_665;em_12_70499;n_89293-n_89294;p_148;#=ew_69_207916;prefix=55616-;[0]=ew_0_422125,L2Y05M,L2,259.3,259.22,https://labbcat.canterbury.ac.nz/maonze/transcript?ag_id=665#ew_0_422125,0.08,80,4.382026635,,
4452,ia,g_669;em_12_70648;n_89430-n_89431;p_148;#=ew_69_208898;prefix=56340-;[0]=ew_0_424666,L2Y05M,L2,264.808,264.728,https://labbcat.canterbury.ac.nz/maonze/transcript?ag_id=669#ew_0_424666,0.08,80,4.382026635,,
4458,ia,g_670;em_12_70678;n_89459-n_89460;p_148;#=ew_69_208572;prefix=56472-;[0]=ew_0_425231,L2Y05M,L2,231.921,231.841,https://labbcat.canterbury.ac.nz/maonze/transcript?ag_id=670#ew_0_425231,0.08,80,4.382026635,,
4481,ia,g_77;em_12_5383;n_35478-n_35479;p_37;#=ew_69_160759;prefix=10400-;[0]=ew_0_1093790,K005M,PresentElder,204.666,204.586,https://labbcat.canterbury.ac.nz/maonze/transcript?ag_id=77#ew_0_1093790,0.08,80,4.382026635,,
4488,ia,g_8;em_12_530;n_31184-n_31185;p_28;#=ew_69_150053;prefix=01227-;[0]=ew_0_4950,K001M,PresentElder,276.316,276.236,https://labbcat.canterbury.ac.nz/maonze/transcript?ag_id=8#ew_0_4950,0.08,80,4.382026635,,
4489,ia,g_8;em_12_532;n_31186-n_31187;p_28;#=ew_69_150078;prefix=01234-;[0]=ew_0_4962,K001M,PresentElder,281.027,280.947,https://labbcat.canterbury.ac.nz/maonze/transcript?ag_id=8#ew_0_4962,0.08,80,4.382026635,,
4595,ia,g_882;em_12_87808;n_102262-n_102263;p_169;#=ew_69_175927;prefix=25233-;[0]=ew_0_558193,L1H03M,L1,248.898,248.818,https://labbcat.canterbury.ac.nz/maonze/transcript?ag_id=882#ew_0_558193,0.08,80,4.382026635,,
4676,ia,g_906;em_12_89115;n_103231-n_103232;p_173;#=ew_69_176948;prefix=26688-;[0]=ew_0_569804,L1H04M,L1,157.022,156.942,https://labbcat.canterbury.ac.nz/maonze/transcript?ag_id=906#ew_0_569804,0.08,80,4.382026635,,
4786,ia,g_954;em_12_91984;n_105605-n_105606;p_181;#=ew_69_221424;prefix=68145-;[0]=ew_0_593927,R002M,PresentElder,198.492,198.412,https://labbcat.canterbury.ac.nz/maonze/transcript?ag_id=954#ew_0_593927,0.08,80,4.382026635,,
4844,ia,g_972;em_12_93036;n_106397-n_106398;p_184;#=ew_69_224042;prefix=70783-;[0]=ew_0_603350,R004M,PresentElder,220.618,220.538,https://labbcat.canterbury.ac.nz/maonze/transcript?ag_id=972#ew_0_603350,0.08,80,4.382026635,,
4845,ia,g_972;em_12_93039;n_106400-n_106401;p_184;#=ew_69_224087;prefix=70794-;[0]=ew_0_603381,R004M,PresentElder,229.545,229.465,https://labbcat.canterbury.ac.nz/maonze/transcript?ag_id=972#ew_0_603381,0.08,80,4.382026635,,
4879,ia,g_985;em_12_93871;n_106953-n_106954;p_182;#=ew_69_226441;prefix=72729-;[0]=ew_0_610012,R005M,PresentElder,229.545,229.465,https://labbcat.canterbury.ac.nz/maonze/transcript?ag_id=985#ew_0_610012,0.08,80,4.382026635,,
5050,oa,g_1040;em_12_97039;n_17414-n_109202;p_193;#=ew_69_234809;prefix=82020-;[0]=ew_0_642458,R010M,PresentElder,195.153,195.073,https://labbcat.canterbury.ac.nz/maonze/transcript?ag_id=1040#ew_0_642458,0.08,80,4.382026635,,
5303,oa,g_14;em_12_1128;n_31762-n_31763;p_19;#=ew_69_151884;prefix=03206-;[0]=ew_0_9733,K002M,PresentElder,221.678,221.598,https://labbcat.canterbury.ac.nz/maonze/transcript?ag_id=14#ew_0_9733,0.08,80,4.382026635,,
5310,oa,g_1515;em_12_125707;n_25227-n_129810;p_276;#=ew_69_242177;prefix=88175-;[0]=ew_0_882676,WU03M,Historical,219.636,219.556,https://labbcat.canterbury.ac.nz/maonze/transcript?ag_id=1515#ew_0_882676,0.08,80,4.382026635,,
5586,oa,g_1842;em_12_149165;n_3849809-n_3849820;p_49;#=ew_69_204983;prefix=52726-;[0]=ew_0_1102724,L2Y03M,L2,305.411,305.331,https://labbcat.canterbury.ac.nz/maonze/transcript?ag_id=1842#ew_0_1102724,0.08,80,4.382026635,,
5625,oa,g_1883;em_12_154987;n_5259039-n_5259049;p_334;#=ew_69_237057;prefix=83283-;[0]=ew_0_1170069,R011M,PresentElder,165.451,165.371,https://labbcat.canterbury.ac.nz/maonze/transcript?ag_id=1883#ew_0_1170069,0.08,80,4.382026635,,
5653,oa,g_1896;em_12_155886;n_5271791-n_5271803;p_334;#=ew_69_238416;prefix=84597-;[0]=ew_0_1180983,R011M,PresentElder,156.623,156.543,https://labbcat.canterbury.ac.nz/maonze/transcript?ag_id=1896#ew_0_1180983,0.08,80,4.382026635,,
5675,oa,g_19;em_12_1530;n_32150-n_32151;p_19;#=ew_69_152730;prefix=02947-;[0]=ew_0_13432,K002M,PresentElder,252.064,251.984,https://labbcat.canterbury.ac.nz/maonze/transcript?ag_id=19#ew_0_13432,0.08,80,4.382026635,,
5715,oa,g_1908;em_12_156758;n_5285044-n_5285063;p_333;#=ew_69_241316;prefix=86308-;[0]=ew_0_1191446,R012M,PresentElder,341.164,341.084,https://labbcat.canterbury.ac.nz/maonze/transcript?ag_id=1908#ew_0_1191446,0.08,80,4.382026635,,
5814,oa,g_25;em_12_2139;n_32748-n_32749;p_19;#=ew_69_154080;prefix=04920-;[0]=ew_0_18120,K002M,PresentElder,187.743,187.663,https://labbcat.canterbury.ac.nz/maonze/transcript?ag_id=25#ew_0_18120,0.08,80,4.382026635,,
5874,oa,g_320;em_12_31475;n_56066-n_56067;p_89;#=ew_69_188338;prefix=37192-;[0]=ew_0_214758,L1Y04M,L1,228.427,228.347,https://labbcat.canterbury.ac.nz/maonze/transcript?ag_id=320#ew_0_214758,0.08,80,4.382026635,,
6102,oa,g_485;em_12_49767;n_71584-n_71585;p_121;#=ew_69_168446;prefix=19167-;[0]=ew_0_1258008,K009M,PresentElder,241.202,241.122,https://labbcat.canterbury.ac.nz/maonze/transcript?ag_id=485#ew_0_1258008,0.08,80,4.382026635,,
6117,oa,g_493;em_12_50956;n_8546-n_72463;p_122;#=ew_69_169642;prefix=20108-;[0]=ew_0_317417,K010M,PresentElder,255.016,254.936,https://labbcat.canterbury.ac.nz/maonze/transcript?ag_id=493#ew_0_317417,0.08,80,4.382026635,,
6118,oa,g_493;em_12_50969;n_72469-n_72470;p_122;#=ew_69_169658;prefix=20123-;[0]=ew_0_317464,K010M,PresentElder,287.429,287.349,https://labbcat.canterbury.ac.nz/maonze/transcript?ag_id=493#ew_0_317464,0.08,80,4.382026635,,
6274,oa,g_633;em_12_66281;n_85730-n_85731;p_143;#=ew_69_203092;prefix=51853-;[0]=ew_0_402997,L2Y02M,L2,200.159,200.079,https://labbcat.canterbury.ac.nz/maonze/transcript?ag_id=633#ew_0_402997,0.08,80,4.382026635,,
6352,oa,g_82;em_12_5630;n_35689-n_35690;p_37;#=ew_69_160422;prefix=10800-;[0]=ew_0_56424,K005M,PresentElder,242.765,242.685,https://labbcat.canterbury.ac.nz/maonze/transcript?ag_id=82#ew_0_56424,0.08,80,4.382026635,,
6745,ua,g_1013;em_12_95638;n_108446-n_108447;p_188;#=ew_69_229908;prefix=76809-;[0]=ew_0_626519,R007M,PresentElder,159.571,159.491,https://labbcat.canterbury.ac.nz/maonze/transcript?ag_id=1013#ew_0_626519,0.08,80,4.382026635,,
6750,ua,g_1014;em_12_95721;n_16847-n_16848;p_188;#=ew_69_229676;prefix=76879-;[0]=ew_0_626945,R007M,PresentElder,147.1,147.02,https://labbcat.canterbury.ac.nz/maonze/transcript?ag_id=1014#ew_0_626945,0.08,80,4.382026635,,
6914,ua,g_1038;em_12_96857;n_109089-n_109090;p_193;#=ew_69_235433;prefix=81647-;[0]=ew_0_640918,R010M,PresentElder,207.743,207.663,https://labbcat.canterbury.ac.nz/maonze/transcript?ag_id=1038#ew_0_640918,0.08,80,4.382026635,,
7006,ua,g_106;em_12_7307;n_37141-n_37142;p_41;#=ew_69_164040;prefix=14549-;[0]=ew_0_73166,K007M,PresentElder,179.605,179.525,https://labbcat.canterbury.ac.nz/maonze/transcript?ag_id=106#ew_0_73166,0.08,80,4.382026635,,
7275,ua,g_117;em_12_8545;n_38102-n_38103;p_43;#=ew_69_211741;prefix=58846-;[0]=ew_0_83007,MU02M,Historical,329.892,329.812,https://labbcat.canterbury.ac.nz/maonze/transcript?ag_id=117#ew_0_83007,0.08,80,4.382026635,,
7283,ua,g_1199;em_12_108575;n_117382-n_117383;p_244;#=ew_69_243441;prefix=88967-;[0]=ew_0_723941,WU04M,Historical,199.522,199.442,https://labbcat.canterbury.ac.nz/maonze/transcript?ag_id=1199#ew_0_723941,0.08,80,4.382026635,,
7371,ua,g_1239;em_12_111441;n_21671-n_21672;p_249;#=ew_69_180670;prefix=30302-;[0]=ew_0_744922,L1H06M,L1,181.952,181.872,https://labbcat.canterbury.ac.nz/maonze/transcript?ag_id=1239#ew_0_744922,0.08,80,4.382026635,,
7391,ua,g_1242;em_12_160309;n_5825706-n_5825721;p_249;#=ew_69_181439;prefix=30703-;[0]=ew_0_1230084,L1H06M,L1,247.737,247.657,https://labbcat.canterbury.ac.nz/maonze/transcript?ag_id=1242#ew_0_1230084,0.08,80,4.382026635,,
7401,ua,g_13;em_12_1021;n_31656-n_31657;p_19;#=ew_69_152692;prefix=03427-;[0]=ew_0_8954,K002M,PresentElder,178.171,178.091,https://labbcat.canterbury.ac.nz/maonze/transcript?ag_id=13#ew_0_8954,0.08,80,4.382026635,,
7407,ua,g_13;em_12_1069;n_31704-n_31705;p_19;#=ew_69_152903;prefix=03527-;[0]=ew_0_9287,K002M,PresentElder,343.253,343.173,https://labbcat.canterbury.ac.nz/maonze/transcript?ag_id=13#ew_0_9287,0.08,80,4.382026635,,
7576,ua,g_1513;em_12_125602;n_25197-n_129739;p_276;#=ew_69_241998;prefix=88331-;[0]=ew_0_881742,WU03M,Historical,166.099,166.019,https://labbcat.canterbury.ac.nz/maonze/transcript?ag_id=1513#ew_0_881742,0.08,80,4.382026635,,
7598,ua,g_1517;em_12_125822;n_129899-n_25250;p_276;#=ew_69_242287;prefix=88080-;[0]=ew_0_883708,WU03M,Historical,276.514,276.434,https://labbcat.canterbury.ac.nz/maonze/transcript?ag_id=1517#ew_0_883708,0.08,80,4.382026635,,
7684,ua,g_1533;em_12_171334;n_7026214-n_25416;p_200;#=ew_69_216098;prefix=63543-;[0]=ew_0_1342092,MU08M,Historical,200.04,199.96,https://labbcat.canterbury.ac.nz/maonze/transcript?ag_id=1533#ew_0_1342092,0.08,80,4.382026635,,
7719,ua,g_16;em_12_1262;n_31889-n_31890;p_19;#=ew_69_152277;prefix=02276-;[0]=ew_0_10997,K002M,PresentElder,178.051,177.971,https://labbcat.canterbury.ac.nz/maonze/transcript?ag_id=16#ew_0_10997,0.08,80,4.382026635,,
7732,ua,g_1618;em_12_131806;n_134285-n_134286;p_299;#=ew_69_192326;prefix=40662-;[0]=ew_0_933418,L2H01M,L2,158.742,158.662,https://labbcat.canterbury.ac.nz/maonze/transcript?ag_id=1618#ew_0_933418,0.08,80,4.382026635,,
7798,ua,g_1629;em_12_132557;n_134831-n_134832;p_299;#=ew_69_193039;prefix=41847-;[0]=ew_0_938742,L2H01M,L2,193.827,193.747,https://labbcat.canterbury.ac.nz/maonze/transcript?ag_id=1629#ew_0_938742,0.08,80,4.382026635,,
7844,ua,g_1639;em_12_133141;n_135359-n_135360;p_288;#=ew_69_196794;prefix=44706-;[0]=ew_0_942201,L2H03M,L2,177.457,177.377,https://labbcat.canterbury.ac.nz/maonze/transcript?ag_id=1639#ew_0_942201,0.08,80,4.382026635,,
7944,ua,g_1655;em_12_134334;n_136283-n_136284;p_300;#=ew_69_194506;prefix=43387-;[0]=ew_0_950327,L2H02M,L2,217.469,217.389,https://labbcat.canterbury.ac.nz/maonze/transcript?ag_id=1655#ew_0_950327,0.08,80,4.382026635,,
8194,ua,g_1845;em_12_149328;n_3852077-n_3852093;p_49;#=ew_69_205073;prefix=53118-;[0]=ew_0_1104670,L2Y03M,L2,289.399,289.319,https://labbcat.canterbury.ac.nz/maonze/transcript?ag_id=1845#ew_0_1104670,0.08,80,4.382026635,,
8205,ua,g_1847;em_12_149440;n_3853646-n_3853655;p_49;#=ew_69_205520;prefix=53375-;[0]=ew_0_1106004,L2Y03M,L2,236.771,236.691,https://labbcat.canterbury.ac.nz/maonze/transcript?ag_id=1847#ew_0_1106004,0.08,80,4.382026635,,
8230,ua,g_1856;em_12_150702;n_4612201-n_4612205;p_97;#=ew_69_215943;prefix=63331-;[0]=ew_0_1126193,MU07M,Historical,198.879,198.799,https://labbcat.canterbury.ac.nz/maonze/transcript?ag_id=1856#ew_0_1126193,0.08,80,4.382026635,,
8239,ua,g_1882;em_12_154904;n_5258473-n_5258491;p_334;#=ew_69_236981;prefix=83190-;[0]=ew_0_1169693,R011M,PresentElder,306.8,306.72,https://labbcat.canterbury.ac.nz/maonze/transcript?ag_id=1882#ew_0_1169693,0.08,80,4.382026635,,
8276,ua,g_1896;em_12_155907;n_5271938-n_5271960;p_334;#=ew_69_238467;prefix=84489-;[0]=ew_0_1181315,R011M,PresentElder,203.791,203.711,https://labbcat.canterbury.ac.nz/maonze/transcript?ag_id=1896#ew_0_1181315,0.08,80,4.382026635,,
8342,ua,g_1903;em_12_156507;n_5280073-n_5280097;p_333;#=ew_69_240019;prefix=85610-;[0]=ew_0_1186797,R012M,PresentElder,194.218,194.138,https://labbcat.canterbury.ac.nz/maonze/transcript?ag_id=1903#ew_0_1186797,0.08,80,4.382026635,,
8468,ua,g_1943;em_12_165692;n_6846536-n_6846554;p_19;#=ew_69_152179;prefix=02745-;[0]=ew_0_1295873,K002M,PresentElder,321.387,321.307,https://labbcat.canterbury.ac.nz/maonze/transcript?ag_id=1943#ew_0_1295873,0.08,80,4.382026635,,
8497,ua,g_1946;em_12_165966;n_6849795-n_6849806;p_121;#=ew_69_167823;prefix=17310-;[0]=ew_0_1298352,K009M,PresentElder,216.498,216.418,https://labbcat.canterbury.ac.nz/maonze/transcript?ag_id=1946#ew_0_1298352,0.08,80,4.382026635,,
8511,ua,g_20;em_12_1676;n_32295-n_32296;p_19;#=ew_69_153991;prefix=03784-;[0]=ew_0_14468,K002M,PresentElder,351.881,351.801,https://labbcat.canterbury.ac.nz/maonze/transcript?ag_id=20#ew_0_14468,0.08,80,4.382026635,,
8512,ua,g_20;em_12_1681;n_32300-n_32301;p_19;#=ew_69_154013;prefix=03795-;[0]=ew_0_14500,K002M,PresentElder,363.722,363.642,https://labbcat.canterbury.ac.nz/maonze/transcript?ag_id=20#ew_0_14500,0.08,80,4.382026635,,
8514,ua,g_21;em_12_1749;n_32367-n_32368;p_19;#=ew_69_153220;prefix=03934-;[0]=ew_0_14987,K002M,PresentElder,157.202,157.122,https://labbcat.canterbury.ac.nz/maonze/transcript?ag_id=21#ew_0_14987,0.08,80,4.382026635,,
8515,ua,g_21;em_12_1754;n_32372-n_32373;p_19;#=ew_69_153241;prefix=03941-;[0]=ew_0_15020,K002M,PresentElder,176.039,175.959,https://labbcat.canterbury.ac.nz/maonze/transcript?ag_id=21#ew_0_15020,0.08,80,4.382026635,,
8516,ua,g_21;em_12_1765;n_32383-n_32384;p_19;#=ew_69_153291;prefix=03962-;[0]=ew_0_15104,K002M,PresentElder,226.815,226.735,https://labbcat.canterbury.ac.nz/maonze/transcript?ag_id=21#ew_0_15104,0.08,80,4.382026635,,
8536,ua,g_24;em_12_2067;n_32682-n_32683;p_19;#=ew_69_154562;prefix=04759-;[0]=ew_0_17594,K002M,PresentElder,352.806,352.726,https://labbcat.canterbury.ac.nz/maonze/transcript?ag_id=24#ew_0_17594,0.08,80,4.382026635,,
8544,ua,g_25;em_12_2142;n_32751-n_32752;p_19;#=ew_69_154095;prefix=04926-;[0]=ew_0_18140,K002M,PresentElder,196.378,196.298,https://labbcat.canterbury.ac.nz/maonze/transcript?ag_id=25#ew_0_18140,0.08,80,4.382026635,,
8618,ua,g_311;em_12_160652;n_5999592-n_5999596;p_81;#=ew_69_187252;prefix=36060-;[0]=ew_0_1238598,L1Y03M,L1,254.658,254.578,https://labbcat.canterbury.ac.nz/maonze/transcript?ag_id=311#ew_0_1238598,0.08,80,4.382026635,,
8662,ua,g_321;em_12_31637;n_56214-n_3841300;p_89;#=ew_69_188139;prefix=37324-;[0]=ew_0_1096530,L1Y04M,L1,157.059,156.979,https://labbcat.canterbury.ac.nz/maonze/transcript?ag_id=321#ew_0_1096530,0.08,80,4.382026635,,
8686,ua,g_323;em_12_32339;n_56793-n_3841456;p_89;#=ew_69_188943;prefix=37728-;[0]=ew_0_217119,L1Y04M,L1,250.117,250.037,https://labbcat.canterbury.ac.nz/maonze/transcript?ag_id=323#ew_0_217119,0.08,80,4.382026635,,
8811,ua,g_349;em_12_33775;n_57901-n_7017935;p_87;#=ew_69_211412;prefix=59858-;[0]=ew_0_227383,MU03M,Historical,228.696,228.616,https://labbcat.canterbury.ac.nz/maonze/transcript?ag_id=349#ew_0_227383,0.08,80,4.382026635,,
8898,ua,g_383;em_12_38618;n_62416-n_62417;p_95;#=ew_69_215169;prefix=62291-;[0]=ew_0_246769,MU06M,Historical,252.015,251.935,https://labbcat.canterbury.ac.nz/maonze/transcript?ag_id=383#ew_0_246769,0.08,80,4.382026635,,
8968,ua,g_450;em_12_169809;n_6946200-n_6946201;p_110;#=ew_69_156766;prefix=06772-;[0]=ew_0_1327016,K003M,PresentElder,235.361,235.281,https://labbcat.canterbury.ac.nz/maonze/transcript?ag_id=450#ew_0_1327016,0.08,80,4.382026635,,
9007,ua,g_455;em_12_158561;n_5392160-n_5392169;p_112;#=ew_69_161130;prefix=11677-;[0]=ew_0_1210731,K006M,PresentElder,152.914,152.834,https://labbcat.canterbury.ac.nz/maonze/transcript?ag_id=455#ew_0_1210731,0.08,80,4.382026635,,
9011,ua,g_456;em_12_159652;n_5716841-n_5716842;p_112;#=ew_69_161730;prefix=11832-;[0]=ew_0_1221431,K006M,PresentElder,274.929,274.849,https://labbcat.canterbury.ac.nz/maonze/transcript?ag_id=456#ew_0_1221431,0.08,80,4.382026635,,
9046,ua,g_466;em_12_48117;n_70140-n_70141;p_120;#=ew_69_165579;prefix=16029-;[0]=ew_0_1091515,K008M,PresentElder,247.259,247.179,https://labbcat.canterbury.ac.nz/maonze/transcript?ag_id=466#ew_0_1091515,0.08,80,4.382026635,,
9107,ua,g_482;em_12_49482;n_71352-n_71353;p_121;#=ew_69_169132;prefix=18620-;[0]=ew_0_310226,K009M,PresentElder,208.242,208.162,https://labbcat.canterbury.ac.nz/maonze/transcript?ag_id=482#ew_0_310226,0.08,80,4.382026635,,
9192,ua,g_495;em_12_51279;n_72665-n_72666;p_122;#=ew_69_170764;prefix=20366-;[0]=ew_0_318649,K010M,PresentElder,239.807,239.727,https://labbcat.canterbury.ac.nz/maonze/transcript?ag_id=495#ew_0_318649,0.08,80,4.382026635,,
9309,ua,g_602;em_12_64221;n_83816-n_83817;p_140;#=ew_69_190269;prefix=39215-;[0]=ew_0_384109,L1Y05M,L1,218.974,218.894,https://labbcat.canterbury.ac.nz/maonze/transcript?ag_id=602#ew_0_384109,0.08,80,4.382026635,,
9338,ua,g_604;em_12_64350;n_83943-n_83944;p_140;#=ew_69_191508;prefix=39744-;[0]=ew_0_385759,L1Y05M,L1,271.959,271.879,https://labbcat.canterbury.ac.nz/maonze/transcript?ag_id=604#ew_0_385759,0.08,80,4.382026635,,
9339,ua,g_604;em_12_64355;n_83948-n_83949;p_140;#=ew_69_191533;prefix=39767-;[0]=ew_0_385828,L1Y05M,L1,296.448,296.368,https://labbcat.canterbury.ac.nz/maonze/transcript?ag_id=604#ew_0_385828,0.08,80,4.382026635,,
9498,ua,g_628;em_12_65564;n_85068-n_85069;p_143;#=ew_69_202723;prefix=50583-;[0]=ew_0_1250686,L2Y02M,L2,267.941,267.861,https://labbcat.canterbury.ac.nz/maonze/transcript?ag_id=628#ew_0_1250686,0.08,80,4.382026635,,
9544,ua,g_633;em_12_66281;n_85730-n_85731;p_143;#=ew_69_203090;prefix=51852-;[0]=ew_0_1251707,L2Y02M,L2,199.539,199.459,https://labbcat.canterbury.ac.nz/maonze/transcript?ag_id=633#ew_0_1251707,0.08,80,4.382026635,,
9548,ua,g_633;em_12_66314;n_85759-n_85760;p_143;#=ew_69_203291;prefix=51934-;[0]=ew_0_403275,L2Y02M,L2,297.015,296.935,https://labbcat.canterbury.ac.nz/maonze/transcript?ag_id=633#ew_0_403275,0.08,80,4.382026635,,
9563,ua,g_635;em_12_66486;n_85890-n_10545;p_145;#=ew_69_200769;prefix=49077-;[0]=ew_0_1108436,L2Y01M,L2,299.606,299.526,https://labbcat.canterbury.ac.nz/maonze/transcript?ag_id=635#ew_0_1108436,0.08,80,4.382026635,,
9627,ua,g_645;em_12_67185;n_86395-n_86396;p_145;#=ew_69_202024;prefix=50203-;[0]=ew_0_1108887,L2Y01M,L2,151.065,150.985,https://labbcat.canterbury.ac.nz/maonze/transcript?ag_id=645#ew_0_1108887,0.08,80,4.382026635,,
9660,ua,g_659;em_12_69822;n_11071-n_11072;p_146;#=ew_69_206466;prefix=54776-;[0]=ew_0_418678,L2Y04M,L2,138.266,138.186,https://labbcat.canterbury.ac.nz/maonze/transcript?ag_id=659#ew_0_418678,0.08,80,4.382026635,,
9714,ua,g_668;em_12_70593;n_89382-n_89383;p_148;#=ew_69_208234;prefix=56123-;[0]=ew_0_423721,L2Y05M,L2,139.908,139.828,https://labbcat.canterbury.ac.nz/maonze/transcript?ag_id=668#ew_0_423721,0.08,80,4.382026635,,
9730,ua,g_669;em_12_70633;n_89415-n_89416;p_148;#=ew_69_208836;prefix=56290-;[0]=ew_0_424400,L2Y05M,L2,142.058,141.978,https://labbcat.canterbury.ac.nz/maonze/transcript?ag_id=669#ew_0_424400,0.08,80,4.382026635,,
9734,ua,g_669;em_12_70650;n_89432-n_89433;p_148;#=ew_69_208909;prefix=56348-;[0]=ew_0_424712,L2Y05M,L2,279.96,279.88,https://labbcat.canterbury.ac.nz/maonze/transcript?ag_id=669#ew_0_424712,0.08,80,4.382026635,,
9751,ua,g_671;em_12_70724;n_89494-n_29567;p_148;#=ew_69_208848;prefix=56651-;[0]=ew_0_426008,L2Y05M,L2,281.784,281.704,https://labbcat.canterbury.ac.nz/maonze/transcript?ag_id=671#ew_0_426008,0.08,80,4.382026635,,
10020,ua,g_881;em_12_87737;n_102214-n_15140;p_169;#=ew_69_175245;prefix=25117-;[0]=ew_0_1225705,L1H03M,L1,218.011,217.931,https://labbcat.canterbury.ac.nz/maonze/transcript?ag_id=881#ew_0_1225705,0.08,80,4.382026635,,
10132,ua,g_9;em_12_673;n_31321-n_31322;p_28;#=ew_69_150730;prefix=01002-;[0]=ew_0_6062,K001M,PresentElder,379.868,379.788,https://labbcat.canterbury.ac.nz/maonze/transcript?ag_id=9#ew_0_6062,0.08,80,4.382026635,,
10231,ua,g_912;em_12_89354;n_103323-n_15636;p_173;#=ew_69_176597;prefix=26041-;[0]=ew_0_572961,L1H04M,L1,199.545,199.465,https://labbcat.canterbury.ac.nz/maonze/transcript?ag_id=912#ew_0_572961,0.08,80,4.382026635,,
10314,ua,g_936;em_12_90988;n_104774-n_104775;p_179;#=ew_69_218425;prefix=65773-;[0]=ew_0_584174,R001M,PresentElder,170.795,170.715,https://labbcat.canterbury.ac.nz/maonze/transcript?ag_id=936#ew_0_584174,0.08,80,4.382026635,,
10336,ua,g_938;em_12_91171;n_104945-n_104946;p_179;#=ew_69_218932;prefix=66165-;[0]=ew_0_585557,R001M,PresentElder,212.742,212.662,https://labbcat.canterbury.ac.nz/maonze/transcript?ag_id=938#ew_0_585557,0.08,80,4.382026635,,
10436,ua,g_951;em_12_91840;n_105478-n_105479;p_181;#=ew_69_220289;prefix=67958-;[0]=ew_0_592103,R002M,PresentElder,172.361,172.281,https://labbcat.canterbury.ac.nz/maonze/transcript?ag_id=951#ew_0_592103,0.08,80,4.382026635,,
10461,ua,g_958;em_12_92139;n_105734-n_105735;p_183;#=ew_69_221627;prefix=68759-;[0]=ew_0_595501,R003M,PresentElder,159.409,159.329,https://labbcat.canterbury.ac.nz/maonze/transcript?ag_id=958#ew_0_595501,0.08,80,4.382026635,,
10620,ua,g_984;em_12_93825;n_106916-n_106917;p_182;#=ew_69_225625;prefix=72531-;[0]=ew_0_609445,R005M,PresentElder,194.712,194.632,https://labbcat.canterbury.ac.nz/maonze/transcript?ag_id=984#ew_0_609445,0.08,80,4.382026635,,
10688,ua,g_991;em_12_94114;n_4619696-n_16558;p_182;#=ew_69_226743;prefix=73632-;[0]=ew_0_612978,R005M,PresentElder,163.386,163.306,https://labbcat.canterbury.ac.nz/maonze/transcript?ag_id=991#ew_0_612978,0.08,80,4.382026635,,
130,ea,g_1038;em_12_163786;n_6745982-n_6745985;p_193;#=ew_69_235555;prefix=81689-;[0]=ew_0_1283200,R010M,PresentElder,256.208,256.138,https://labbcat.canterbury.ac.nz/maonze/transcript?ag_id=1038#ew_0_1283200,0.07,70,4.248495242,,
287,ea,g_1090;em_12_100633;n_111676-n_29988;p_208;#=ew_69_248075;prefix=93735-;[0]=ew_0_669948,WU07M,Historical,182.217,182.147,https://labbcat.canterbury.ac.nz/maonze/transcript?ag_id=1090#ew_0_669948,0.07,70,4.248495242,,
1103,ea,g_1906;em_12_156663;n_5283329-n_5283349;p_333;#=ew_69_239577;prefix=86121-;[0]=ew_0_1189839,R012M,PresentElder,238.454,238.384,https://labbcat.canterbury.ac.nz/maonze/transcript?ag_id=1906#ew_0_1189839,0.07,70,4.248495242,,
2904,ia,g_1022;em_12_96076;n_108547-n_7051607;p_190;#=ew_69_232268;prefix=78851-;[0]=ew_0_630213,R009M,PresentElder,133.919,133.849,https://labbcat.canterbury.ac.nz/maonze/transcript?ag_id=1022#ew_0_630213,0.07,70,4.248495242,,
2930,ia,g_1027;em_12_96308;n_108698-n_108699;p_190;#=ew_69_232947;prefix=79671-;[0]=ew_0_633708,R009M,PresentElder,217.573,217.503,https://labbcat.canterbury.ac.nz/maonze/transcript?ag_id=1027#ew_0_633708,0.07,70,4.248495242,,
2944,ia,g_1029;em_12_96389;n_108750-n_17232;p_190;#=ew_69_233684;prefix=79956-;[0]=ew_0_634799,R009M,PresentElder,159.508,159.438,https://labbcat.canterbury.ac.nz/maonze/transcript?ag_id=1029#ew_0_634799,0.07,70,4.248495242,,
4795,ia,g_955;em_12_92026;n_105644-n_105645;p_181;#=ew_69_221458;prefix=68362-;[0]=ew_0_594594,R002M,PresentElder,216.056,215.986,https://labbcat.canterbury.ac.nz/maonze/transcript?ag_id=955#ew_0_594594,0.07,70,4.248495242,,
4924,ia,g_993;em_12_94203;n_107238-n_107239;p_182;#=ew_69_227266;prefix=73823-;[0]=ew_0_614099,R005M,PresentElder,186.973,186.903,https://labbcat.canterbury.ac.nz/maonze/transcript?ag_id=993#ew_0_614099,0.07,70,4.248495242,,
4949,oa,g_1012;em_12_95578;n_108397-n_108398;p_188;#=ew_69_230133;prefix=76694-;[0]=ew_0_626001,R007M,PresentElder,181.252,181.182,https://labbcat.canterbury.ac.nz/maonze/transcript?ag_id=1012#ew_0_626001,0.07,70,4.248495242,,
5737,oa,g_1911;em_12_156987;n_5287888-n_5287904;p_333;#=ew_69_240719;prefix=87003-;[0]=ew_0_1194166,R012M,PresentElder,207.604,207.534,https://labbcat.canterbury.ac.nz/maonze/transcript?ag_id=1911#ew_0_1194166,0.07,70,4.248495242,,
6953,ua,g_1043;em_12_97362;n_109307-n_109308;p_193;#=ew_69_235799;prefix=82396-;[0]=ew_0_644826,R010M,PresentElder,187.073,187.003,https://labbcat.canterbury.ac.nz/maonze/transcript?ag_id=1043#ew_0_644826,0.07,70,4.248495242,,
7061,ua,g_1075;em_12_99760;n_110958-n_4698917;p_208;#=ew_69_245498;prefix=91822-;[0]=ew_0_662110,WU07M,Historical,129.211,129.141,https://labbcat.canterbury.ac.nz/maonze/transcript?ag_id=1075#ew_0_662110,0.07,70,4.248495242,,
7141,ua,g_1083;em_12_100253;n_111367-n_18416;p_208;#=ew_69_247290;prefix=92903-;[0]=ew_0_666483,WU07M,Historical,243.604,243.534,https://labbcat.canterbury.ac.nz/maonze/transcript?ag_id=1083#ew_0_666483,0.07,70,4.248495242,,
7376,ua,g_1239;em_12_160351;n_5826499-n_5826513;p_249;#=ew_69_180720;prefix=30332-;[0]=ew_0_1228664,L1H06M,L1,229.133,229.063,https://labbcat.canterbury.ac.nz/maonze/transcript?ag_id=1239#ew_0_1228664,0.07,70,4.248495242,,
7774,ua,g_1624;em_12_132269;n_134639-n_26906;p_299;#=ew_69_193136;prefix=41359-;[0]=ew_0_936738,L2H01M,L2,197.377,197.307,https://labbcat.canterbury.ac.nz/maonze/transcript?ag_id=1624#ew_0_936738,0.07,70,4.248495242,,
7775,ua,g_1624;em_12_132271;n_26907-n_26908;p_299;#=ew_69_193139;prefix=41362-;[0]=ew_0_936753,L2H01M,L2,205.461,205.391,https://labbcat.canterbury.ac.nz/maonze/transcript?ag_id=1624#ew_0_936753,0.07,70,4.248495242,,
7886,ua,g_1647;em_12_133611;n_27106-n_135781;p_300;#=ew_69_193389;prefix=42274-;[0]=ew_0_945914,L2H02M,L2,167.532,167.462,https://labbcat.canterbury.ac.nz/maonze/transcript?ag_id=1647#ew_0_945914,0.07,70,4.248495242,,
7926,ua,g_1652;em_12_134072;n_27239-n_136109;p_300;#=ew_69_194922;prefix=42985-;[0]=ew_0_948668,L2H02M,L2,166.33,166.26,https://labbcat.canterbury.ac.nz/maonze/transcript?ag_id=1652#ew_0_948668,0.07,70,4.248495242,,
8158,ua,g_1756;em_12_140359;n_140970-n_28595;p_318;#=ew_69_231970;prefix=78708-;[0]=ew_0_1005416,R008M,PresentElder,150.116,150.046,https://labbcat.canterbury.ac.nz/maonze/transcript?ag_id=1756#ew_0_1005416,0.07,70,4.248495242,,
8245,ua,g_1884;em_12_155070;n_5259984-n_5259992;p_334;#=ew_69_237306;prefix=83537-;[0]=ew_0_1171149,R011M,PresentElder,147.091,147.021,https://labbcat.canterbury.ac.nz/maonze/transcript?ag_id=1884#ew_0_1171149,0.07,70,4.248495242,,
9830,ua,g_849;em_12_85469;n_100485-n_100486;p_167;#=ew_69_171473;prefix=20851-;[0]=ew_0_541086,L1H01M,L1,173.014,172.944,https://labbcat.canterbury.ac.nz/maonze/transcript?ag_id=849#ew_0_541086,0.07,70,4.248495242,,
9867,ua,g_859;em_12_86222;n_101186-n_101187;p_167;#=ew_69_172575;prefix=22374-;[0]=ew_0_546939,L1H01M,L1,133.86,133.79,https://labbcat.canterbury.ac.nz/maonze/transcript?ag_id=859#ew_0_546939,0.07,70,4.248495242,,
10072,ua,g_893;em_12_88414;n_102680-n_102681;p_174;#=ew_69_179545;prefix=28537-;[0]=ew_0_562793,L1H05M,L1,133.139,133.069,https://labbcat.canterbury.ac.nz/maonze/transcript?ag_id=893#ew_0_562793,0.07,70,4.248495242,,
10081,ua,g_894;em_12_88473;n_102729-n_102730;p_174;#=ew_69_179442;prefix=28402-;[0]=ew_0_563546,L1H05M,L1,186.782,186.712,https://labbcat.canterbury.ac.nz/maonze/transcript?ag_id=894#ew_0_563546,0.07,70,4.248495242,,
10146,ua,g_902;em_12_88920;n_103092-n_103093;p_173;#=ew_69_177518;prefix=27005-;[0]=ew_0_567760,L1H04M,L1,177.943,177.873,https://labbcat.canterbury.ac.nz/maonze/transcript?ag_id=902#ew_0_567760,0.07,70,4.248495242,,
10248,ua,g_915;em_12_89428;n_103359-n_15674;p_173;#=ew_69_176816;prefix=25800-;[0]=ew_0_574032,L1H04M,L1,170.234,170.164,https://labbcat.canterbury.ac.nz/maonze/transcript?ag_id=915#ew_0_574032,0.07,70,4.248495242,,
10280,ua,g_928;em_12_90442;n_104260-n_104261;p_179;#=ew_69_217860;prefix=64930-;[0]=ew_0_581136,R001M,PresentElder,212.842,212.772,https://labbcat.canterbury.ac.nz/maonze/transcript?ag_id=928#ew_0_581136,0.07,70,4.248495242,,
10316,ua,g_936;em_12_91004;n_104790-n_104791;p_179;#=ew_69_218546;prefix=65811-;[0]=ew_0_584291,R001M,PresentElder,216.092,216.022,https://labbcat.canterbury.ac.nz/maonze/transcript?ag_id=936#ew_0_584291,0.07,70,4.248495242,,
10680,ua,g_990;em_12_94071;n_107126-n_107127;p_182;#=ew_69_226950;prefix=73480-;[0]=ew_0_612458,R005M,PresentElder,156.538,156.468,https://labbcat.canterbury.ac.nz/maonze/transcript?ag_id=990#ew_0_612458,0.07,70,4.248495242,,
744,ea,g_1649;em_12_133756;n_135883-n_135884;p_300;#=ew_69_193512;prefix=42510-;[0]=ew_0_946888,L2H02M,L2,88.92,88.85,https://labbcat.canterbury.ac.nz/maonze/transcript?ag_id=1649#ew_0_946888,0.07,70,4.248495242,,
2237,ea,g_850;em_12_85520;n_5651094-n_100536;p_167;#=ew_69_171286;prefix=20968-;[0]=ew_0_541520,L1H01M,L1,114.034,113.964,https://labbcat.canterbury.ac.nz/maonze/transcript?ag_id=850#ew_0_541520,0.07,70,4.248495242,,
2812,ea,g_988;em_12_93979;n_107045-n_4619765;p_182;#=ew_69_225708;prefix=73174-;[0]=ew_0_611376,R005M,PresentElder,81.962,81.892,https://labbcat.canterbury.ac.nz/maonze/transcript?ag_id=988#ew_0_611376,0.07,70,4.248495242,,
3025,ia,g_1046;em_12_97473;n_109401-n_109402;p_193;#=ew_69_235858;prefix=82734-;[0]=ew_0_646376,R010M,PresentElder,78.537,78.467,https://labbcat.canterbury.ac.nz/maonze/transcript?ag_id=1046#ew_0_646376,0.07,70,4.248495242,,
3091,ia,g_1082;em_12_151846;n_4699045-n_4699046;p_208;#=ew_69_247127;prefix=92685-;[0]=ew_0_1134033,WU07M,Historical,126.902,126.832,https://labbcat.canterbury.ac.nz/maonze/transcript?ag_id=1082#ew_0_1134033,0.07,70,4.248495242,,
3126,ia,g_1089;em_12_100564;n_18466-n_18467;p_208;#=ew_69_247790;prefix=93584-;[0]=ew_0_669390,WU07M,Historical,111.498,111.428,https://labbcat.canterbury.ac.nz/maonze/transcript?ag_id=1089#ew_0_669390,0.07,70,4.248495242,,
3716,ia,g_1908;em_12_156788;n_5284281-n_5284298;p_333;#=ew_69_240975;prefix=86460-;[0]=ew_0_1190783,R012M,PresentElder,93.76,93.69,https://labbcat.canterbury.ac.nz/maonze/transcript?ag_id=1908#ew_0_1190783,0.07,70,4.248495242,,
4759,ia,g_942;em_12_91453;n_105155-n_105156;p_179;#=ew_69_219426;prefix=66770-;[0]=ew_0_587702,R001M,PresentElder,99.12,99.05,https://labbcat.canterbury.ac.nz/maonze/transcript?ag_id=942#ew_0_587702,0.07,70,4.248495242,,
5016,oa,g_1032;em_12_96519;n_17269-n_108843;p_190;#=ew_69_233441;prefix=80403-;[0]=ew_0_636630,R009M,PresentElder,116.266,116.196,https://labbcat.canterbury.ac.nz/maonze/transcript?ag_id=1032#ew_0_636630,0.07,70,4.248495242,,
6589,oa,g_955;em_12_92006;n_6536253-n_105627;p_181;#=ew_69_221253;prefix=68260-;[0]=ew_0_594280,R002M,PresentElder,80.26,80.19,https://labbcat.canterbury.ac.nz/maonze/transcript?ag_id=955#ew_0_594280,0.07,70,4.248495242,,
6874,ua,g_1034;em_12_96590;n_108899-n_108900;p_190;#=ew_69_234110;prefix=80693-;[0]=ew_0_637688,R009M,PresentElder,84.655,84.585,https://labbcat.canterbury.ac.nz/maonze/transcript?ag_id=1034#ew_0_637688,0.07,70,4.248495242,,
6892,ua,g_1036;em_12_96678;n_108968-n_108969;p_193;#=ew_69_234982;prefix=81170-;[0]=ew_0_639132,R010M,PresentElder,117.126,117.056,https://labbcat.canterbury.ac.nz/maonze/transcript?ag_id=1036#ew_0_639132,0.07,70,4.248495242,,
7175,ua,g_1089;em_12_100562;n_111627-n_18465;p_208;#=ew_69_247786;prefix=93582-;[0]=ew_0_669377,WU07M,Historical,106.65,106.58,https://labbcat.canterbury.ac.nz/maonze/transcript?ag_id=1089#ew_0_669377,0.07,70,4.248495242,,
7176,ua,g_1089;em_12_100569;n_111628-n_18471;p_208;#=ew_69_247804;prefix=93591-;[0]=ew_0_669419,WU07M,Historical,123.563,123.493,https://labbcat.canterbury.ac.nz/maonze/transcript?ag_id=1089#ew_0_669419,0.07,70,4.248495242,,
7192,ua,g_1090;em_12_100603;n_111646-n_111647;p_208;#=ew_69_248010;prefix=93672-;[0]=ew_0_669708,WU07M,Historical,81.016,80.946,https://labbcat.canterbury.ac.nz/maonze/transcript?ag_id=1090#ew_0_669708,0.07,70,4.248495242,,
7200,ua,g_1091;em_12_100661;n_18493-n_111698;p_208;#=ew_69_247575;prefix=93800-;[0]=ew_0_670155,WU07M,Historical,96.557,96.487,https://labbcat.canterbury.ac.nz/maonze/transcript?ag_id=1091#ew_0_670155,0.07,70,4.248495242,,
7300,ua,g_1202;em_12_108859;n_117661-n_117662;p_244;#=ew_69_242826;prefix=89458-;[0]=ew_0_725395,WU04M,Historical,77.552,77.482,https://labbcat.canterbury.ac.nz/maonze/transcript?ag_id=1202#ew_0_725395,0.07,70,4.248495242,,
7303,ua,g_1203;em_12_109001;n_117802-n_117803;p_244;#=ew_69_244167;prefix=89661-;[0]=ew_0_726024,WU04M,Historical,116.661,116.591,https://labbcat.canterbury.ac.nz/maonze/transcript?ag_id=1203#ew_0_726024,0.07,70,4.248495242,,
8241,ua,g_1883;em_12_154989;n_5258909-n_5258915;p_334;#=ew_69_237041;prefix=83349-;[0]=ew_0_1170361,R011M,PresentElder,118.92,118.85,https://labbcat.canterbury.ac.nz/maonze/transcript?ag_id=1883#ew_0_1170361,0.07,70,4.248495242,,
77,ea,g_1024;em_12_96135;n_6702371-n_6702375;p_190;#=ew_69_232964;prefix=79031-;[0]=ew_0_631029,R009M,PresentElder,10.208,10.138,https://labbcat.canterbury.ac.nz/maonze/transcript?ag_id=1024#ew_0_631029,0.07,70,4.248495242,,
122,ea,g_1036;em_12_96661;n_108955-n_108956;p_193;#=ew_69_234875;prefix=81117-;[0]=ew_0_638933,R010M,PresentElder,35.732,35.662,https://labbcat.canterbury.ac.nz/maonze/transcript?ag_id=1036#ew_0_638933,0.07,70,4.248495242,,
258,ea,g_1086;em_12_100371;n_111472-n_111473;p_208;#=ew_69_247342;prefix=93153-;[0]=ew_0_667580,WU07M,Historical,9.464,9.394,https://labbcat.canterbury.ac.nz/maonze/transcript?ag_id=1086#ew_0_667580,0.07,70,4.248495242,,
264,ea,g_1087;em_12_100447;n_111546-n_111547;p_208;#=ew_69_247682;prefix=93321-;[0]=ew_0_668245,WU07M,Historical,53.162,53.092,https://labbcat.canterbury.ac.nz/maonze/transcript?ag_id=1087#ew_0_668245,0.07,70,4.248495242,,
318,ea,g_1198;em_12_108390;n_117206-n_117207;p_244;#=ew_69_242631;prefix=88682-;[0]=ew_0_722824,WU04M,Historical,2.454,2.384,https://labbcat.canterbury.ac.nz/maonze/transcript?ag_id=1198#ew_0_722824,0.07,70,4.248495242,,
2562,ea,g_940;em_12_91270;n_15846-n_105029;p_179;#=ew_69_219177;prefix=66376-;[0]=ew_0_586298,R001M,PresentElder,20.288,20.218,https://labbcat.canterbury.ac.nz/maonze/transcript?ag_id=940#ew_0_586298,0.07,70,4.248495242,,
2635,ea,g_955;em_12_91996;n_105616-n_105617;p_181;#=ew_69_221150;prefix=68208-;[0]=ew_0_594114,R002M,PresentElder,19.13,19.06,https://labbcat.canterbury.ac.nz/maonze/transcript?ag_id=955#ew_0_594114,0.07,70,4.248495242,,
2708,ea,g_972;em_12_92975;n_16235-n_106345;p_184;#=ew_69_223690;prefix=70666-;[0]=ew_0_602895,R004M,PresentElder,36.696,36.626,https://labbcat.canterbury.ac.nz/maonze/transcript?ag_id=972#ew_0_602895,0.07,70,4.248495242,,
2732,ea,g_975;em_12_93194;n_106514-n_16285;p_184;#=ew_69_223895;prefix=71174-;[0]=ew_0_604649,R004M,PresentElder,30.714,30.644,https://labbcat.canterbury.ac.nz/maonze/transcript?ag_id=975#ew_0_604649,0.07,70,4.248495242,,
2917,ia,g_1026;em_12_96221;n_108649-n_108650;p_190;#=ew_69_232336;prefix=79383-;[0]=ew_0_632470,R009M,PresentElder,24.168,24.098,https://labbcat.canterbury.ac.nz/maonze/transcript?ag_id=1026#ew_0_632470,0.07,70,4.248495242,,
2962,ia,g_1031;em_12_96452;n_108794-n_108795;p_190;#=ew_69_233954;prefix=80198-;[0]=ew_0_635706,R009M,PresentElder,24.375,24.305,https://labbcat.canterbury.ac.nz/maonze/transcript?ag_id=1031#ew_0_635706,0.07,70,4.248495242,,
2973,ia,g_1033;em_12_96539;n_108857-n_108858;p_190;#=ew_69_233564;prefix=80481-;[0]=ew_0_636964,R009M,PresentElder,27.755,27.685,https://labbcat.canterbury.ac.nz/maonze/transcript?ag_id=1033#ew_0_636964,0.07,70,4.248495242,,
3075,ia,g_1079;em_12_99954;n_4698843-n_111129;p_208;#=ew_69_245966;prefix=92219-;[0]=ew_0_663765,WU07M,Historical,43.008,42.938,https://labbcat.canterbury.ac.nz/maonze/transcript?ag_id=1079#ew_0_663765,0.07,70,4.248495242,,
3410,ia,g_1618;em_12_131785;n_134266-n_134267;p_299;#=ew_69_192199;prefix=40598-;[0]=ew_0_933218,L2H01M,L2,59.879,59.809,https://labbcat.canterbury.ac.nz/maonze/transcript?ag_id=1618#ew_0_933218,0.07,70,4.248495242,,
3469,ia,g_1641;em_12_133217;n_135429-n_135430;p_288;#=ew_69_196473;prefix=44856-;[0]=ew_0_942835,L2H03M,L2,7.187553,7.117553,https://labbcat.canterbury.ac.nz/maonze/transcript?ag_id=1641#ew_0_942835,0.07,70,4.248495242,,
4523,ia,g_857;em_12_85999;n_100983-n_100984;p_167;#=ew_69_172341;prefix=21988-;[0]=ew_0_545439,L1H01M,L1,53.271,53.201,https://labbcat.canterbury.ac.nz/maonze/transcript?ag_id=857#ew_0_545439,0.07,70,4.248495242,,
4526,ia,g_858;em_12_86079;n_101062-n_101063;p_167;#=ew_69_172112;prefix=22139-;[0]=ew_0_546011,L1H01M,L1,35.729,35.659,https://labbcat.canterbury.ac.nz/maonze/transcript?ag_id=858#ew_0_546011,0.07,70,4.248495242,,
4649,ia,g_898;em_12_88643;n_102878-n_102879;p_174;#=ew_69_178511;prefix=27601-;[0]=ew_0_565560,L1H05M,L1,17.095,17.025,https://labbcat.canterbury.ac.nz/maonze/transcript?ag_id=898#ew_0_565560,0.07,70,4.248495242,,
4719,ia,g_932;em_12_90750;n_104557-n_104558;p_179;#=ew_69_217638;prefix=65380-;[0]=ew_0_582760,R001M,PresentElder,42.972,42.902,https://labbcat.canterbury.ac.nz/maonze/transcript?ag_id=932#ew_0_582760,0.07,70,4.248495242,,
4724,ia,g_934;em_12_90813;n_104616-n_104617;p_179;#=ew_69_217686;prefix=65443-;[0]=ew_0_583060,R001M,PresentElder,43.624,43.554,https://labbcat.canterbury.ac.nz/maonze/transcript?ag_id=934#ew_0_583060,0.07,70,4.248495242,,
4735,ia,g_936;em_12_90930;n_104724-n_104725;p_179;#=ew_69_218202;prefix=65645-;[0]=ew_0_583759,R001M,PresentElder,29.569,29.499,https://labbcat.canterbury.ac.nz/maonze/transcript?ag_id=936#ew_0_583759,0.07,70,4.248495242,,
4834,ia,g_971;em_12_92926;n_106302-n_106303;p_184;#=ew_69_223535;prefix=70539-;[0]=ew_0_602427,R004M,PresentElder,55.267,55.197,https://labbcat.canterbury.ac.nz/maonze/transcript?ag_id=971#ew_0_602427,0.07,70,4.248495242,,
5133,oa,g_1088;em_12_100510;n_111596-n_111597;p_208;#=ew_69_247595;prefix=93488-;[0]=ew_0_668895,WU07M,Historical,49.146,49.076,https://labbcat.canterbury.ac.nz/maonze/transcript?ag_id=1088#ew_0_668895,0.07,70,4.248495242,,
5146,oa,g_1091;em_12_100647;n_111689-n_111690;p_208;#=ew_69_247513;prefix=93766-;[0]=ew_0_670047,WU07M,Historical,52.119,52.049,https://labbcat.canterbury.ac.nz/maonze/transcript?ag_id=1091#ew_0_670047,0.07,70,4.248495242,,
6441,oa,g_880;em_12_87612;n_102137-n_102138;p_169;#=ew_69_175441;prefix=24946-;[0]=ew_0_1225068,L1H03M,L1,46.65,46.58,https://labbcat.canterbury.ac.nz/maonze/transcript?ag_id=880#ew_0_1225068,0.07,70,4.248495242,,
6497,oa,g_905;em_12_89021;n_103182-n_103183;p_173;#=ew_69_177108;prefix=26740-;[0]=ew_0_569033,L1H04M,L1,28.97,28.9,https://labbcat.canterbury.ac.nz/maonze/transcript?ag_id=905#ew_0_569033,0.07,70,4.248495242,,
6806,ua,g_1025;em_12_96187;n_108627-n_108628;p_190;#=ew_69_232325;prefix=79258-;[0]=ew_0_631935,R009M,PresentElder,46.823,46.753,https://labbcat.canterbury.ac.nz/maonze/transcript?ag_id=1025#ew_0_631935,0.07,70,4.248495242,,
6908,ua,g_1038;em_12_96794;n_109045-n_109046;p_193;#=ew_69_234991;prefix=81510-;[0]=ew_0_640370,R010M,PresentElder,11.992,11.922,https://labbcat.canterbury.ac.nz/maonze/transcript?ag_id=1038#ew_0_640370,0.07,70,4.248495242,,
6995,ua,g_1050;em_12_97634;n_17668-n_109500;p_201;#=ew_69_241605;prefix=87687-;[0]=ew_0_648108,WU01M,Historical,12.106,12.036,https://labbcat.canterbury.ac.nz/maonze/transcript?ag_id=1050#ew_0_648108,0.07,70,4.248495242,,
7104,ua,g_1081;em_12_100068;n_18378-n_18379;p_208;#=ew_69_246898;prefix=92434-;[0]=ew_0_664715,WU07M,Historical,54.911,54.841,https://labbcat.canterbury.ac.nz/maonze/transcript?ag_id=1081#ew_0_664715,0.07,70,4.248495242,,
7146,ua,g_1084;em_12_100272;n_111381-n_111382;p_208;#=ew_69_246454;prefix=92937-;[0]=ew_0_666658,WU07M,Historical,43.284,43.214,https://labbcat.canterbury.ac.nz/maonze/transcript?ag_id=1084#ew_0_666658,0.07,70,4.248495242,,
7159,ua,g_1087;em_12_100435;n_111534-n_111535;p_208;#=ew_69_247634;prefix=93290-;[0]=ew_0_668132,WU07M,Historical,9.759,9.689,https://labbcat.canterbury.ac.nz/maonze/transcript?ag_id=1087#ew_0_668132,0.07,70,4.248495242,,
7169,ua,g_1088;em_12_100495;n_18439-n_111586;p_208;#=ew_69_247509;prefix=93452-;[0]=ew_0_668767,WU07M,Historical,3.08,3.01,https://labbcat.canterbury.ac.nz/maonze/transcript?ag_id=1088#ew_0_668767,0.07,70,4.248495242,,
7353,ua,g_1233;em_12_160026;n_5824484-n_21258;p_249;#=ew_69_180707;prefix=29727-;[0]=ew_0_1229358,L1H06M,L1,38.351,38.281,https://labbcat.canterbury.ac.nz/maonze/transcript?ag_id=1233#ew_0_1229358,0.07,70,4.248495242,,
7568,ua,g_1511;em_12_151510;n_4677419-n_4677421;p_276;#=ew_69_242374;prefix=88434-;[0]=ew_0_1131005,WU03M,Historical,50.333,50.263,https://labbcat.canterbury.ac.nz/maonze/transcript?ag_id=1511#ew_0_1131005,0.07,70,4.248495242,,
7801,ua,g_1632;em_12_132652;n_27021-n_134907;p_288;#=ew_69_195049;prefix=43816-;[0]=ew_0_939344,L2H03M,L2,37.459,37.389,https://labbcat.canterbury.ac.nz/maonze/transcript?ag_id=1632#ew_0_939344,0.07,70,4.248495242,,
7997,ua,g_1667;em_12_134850;n_136670-n_136671;p_302;#=ew_69_197969;prefix=46420-;[0]=ew_0_955631,L2H04M,L2,34.345,34.275,https://labbcat.canterbury.ac.nz/maonze/transcript?ag_id=1667#ew_0_955631,0.07,70,4.248495242,,
8058,ua,g_1678;em_12_135380;n_137104-n_137105;p_307;#=ew_69_199739;prefix=48265-;[0]=ew_0_960996,L2H05M,L2,6.093,6.023,https://labbcat.canterbury.ac.nz/maonze/transcript?ag_id=1678#ew_0_960996,0.07,70,4.248495242,,
8237,ua,g_1881;em_12_154881;n_5256614-n_5256638;p_334;#=ew_69_236852;prefix=83147-;[0]=ew_0_1169144,R011M,PresentElder,13.821,13.751,https://labbcat.canterbury.ac.nz/maonze/transcript?ag_id=1881#ew_0_1169144,0.07,70,4.248495242,,
8314,ua,g_1901;em_12_156295;n_5277810-n_5278634;p_333;#=ew_69_239061;prefix=85224-;[0]=ew_0_1185556,R012M,PresentElder,51.308,51.238,https://labbcat.canterbury.ac.nz/maonze/transcript?ag_id=1901#ew_0_1185556,0.07,70,4.248495242,,
10171,ua,g_907;em_12_89140;n_103246-n_103247;p_173;#=ew_69_177322;prefix=26544-;[0]=ew_0_570029,L1H04M,L1,31.049,30.979,https://labbcat.canterbury.ac.nz/maonze/transcript?ag_id=907#ew_0_570029,0.07,70,4.248495242,,
10173,ua,g_907;em_12_89141;n_103247-n_15499;p_173;#=ew_69_177330;prefix=26547-;[0]=ew_0_570033,L1H04M,L1,32.652,32.582,https://labbcat.canterbury.ac.nz/maonze/transcript?ag_id=907#ew_0_570033,0.07,70,4.248495242,,
10198,ua,g_909;em_12_89223;n_15556-n_103272;p_173;#=ew_69_176272;prefix=26307-;[0]=ew_0_571072,L1H04M,L1,42.929,42.859,https://labbcat.canterbury.ac.nz/maonze/transcript?ag_id=909#ew_0_571072,0.07,70,4.248495242,,
10299,ua,g_932;em_12_90745;n_104552-n_104553;p_179;#=ew_69_217615;prefix=65370-;[0]=ew_0_582728,R001M,PresentElder,32.07,32,https://labbcat.canterbury.ac.nz/maonze/transcript?ag_id=932#ew_0_582728,0.07,70,4.248495242,,
10368,ua,g_942;em_12_91433;n_105141-n_15897;p_179;#=ew_69_219378;prefix=66723-;[0]=ew_0_587540,R001M,PresentElder,38.094,38.024,https://labbcat.canterbury.ac.nz/maonze/transcript?ag_id=942#ew_0_587540,0.07,70,4.248495242,,
10493,ua,g_963;em_12_92441;n_105957-n_105958;p_183;#=ew_69_221753;prefix=69561-;[0]=ew_0_598363,R003M,PresentElder,33.031,32.961,https://labbcat.canterbury.ac.nz/maonze/transcript?ag_id=963#ew_0_598363,0.07,70,4.248495242,,
10515,ua,g_966;em_12_92631;n_106082-n_106083;p_183;#=ew_69_222636;prefix=69933-;[0]=ew_0_600014,R003M,PresentElder,8.587,8.517,https://labbcat.canterbury.ac.nz/maonze/transcript?ag_id=966#ew_0_600014,0.07,70,4.248495242,,
10623,ua,g_985;em_12_93840;n_16516-n_106929;p_182;#=ew_69_226037;prefix=72596-;[0]=ew_0_609655,R005M,PresentElder,57.776,57.706,https://labbcat.canterbury.ac.nz/maonze/transcript?ag_id=985#ew_0_609655,0.07,70,4.248495242,,
6371,oa,g_853;em_12_85693;n_100701-n_100702;p_167;#=ew_69_171524;prefix=21326-;[0]=ew_0_543005,L1H01M,L1,5.967,5.897,https://labbcat.canterbury.ac.nz/maonze/transcript?ag_id=853#ew_0_543005,0.07,70,4.248495242,,
4789,ia,g_955;em_12_91998;n_105618-n_105619;p_181;#=ew_69_221159;prefix=68214-;[0]=ew_0_594130,R002M,PresentElder,29.83,29.76,https://labbcat.canterbury.ac.nz/maonze/transcript?ag_id=955#ew_0_594130,0.07,70,4.248495242,,
5487,oa,g_1667;em_12_134848;n_136668-n_7001097;p_302;#=ew_69_197964;prefix=46415-;[0]=ew_0_955612,L2H04M,L2,23.426,23.356,https://labbcat.canterbury.ac.nz/maonze/transcript?ag_id=1667#ew_0_955612,0.07,70,4.248495242,,
10575,ua,g_976;em_12_93294;n_16329-n_16330;p_184;#=ew_69_224375;prefix=71339-;[0]=ew_0_605267,R004M,PresentElder,19.141,19.071,https://labbcat.canterbury.ac.nz/maonze/transcript?ag_id=976#ew_0_605267,0.07,70,4.248495242,,
35,ea,g_1012;em_12_95577;n_16782-n_108397;p_188;#=ew_69_230120;prefix=76692-;[0]=ew_0_625992,R007M,PresentElder,177.242,177.172,https://labbcat.canterbury.ac.nz/maonze/transcript?ag_id=1012#ew_0_625992,0.07,70,4.248495242,,
43,ea,g_1016;em_12_95856;n_108491-n_6670659;p_188;#=ew_69_230616;prefix=77052-;[0]=ew_0_1281787,R007M,PresentElder,241.476,241.406,https://labbcat.canterbury.ac.nz/maonze/transcript?ag_id=1016#ew_0_1281787,0.07,70,4.248495242,,
291,ea,g_1091;em_12_100661;n_18493-n_111698;p_208;#=ew_69_247576;prefix=93801-;[0]=ew_0_670158,WU07M,Historical,97.357,97.287,https://labbcat.canterbury.ac.nz/maonze/transcript?ag_id=1091#ew_0_670158,0.07,70,4.248495242,,
383,ea,g_1213;em_12_109865;n_118576-n_118577;p_244;#=ew_69_245136;prefix=91050-;[0]=ew_0_731729,WU04M,Historical,228.1,228.03,https://labbcat.canterbury.ac.nz/maonze/transcript?ag_id=1213#ew_0_731729,0.07,70,4.248495242,,
403,ea,g_1233;em_12_160025;n_5824538-n_21270;p_249;#=ew_69_180743;prefix=29753-;[0]=ew_0_1226421,L1H06M,L1,81.514,81.444,https://labbcat.canterbury.ac.nz/maonze/transcript?ag_id=1233#ew_0_1226421,0.07,70,4.248495242,,
485,ea,g_1372;em_12_118268;n_123815-n_123816;p_287;#=ew_69_227852;prefix=74761-;[0]=ew_0_814305,R006M,PresentElder,146.781,146.711,https://labbcat.canterbury.ac.nz/maonze/transcript?ag_id=1372#ew_0_814305,0.07,70,4.248495242,,
527,ea,g_1396;em_12_119321;n_124776-n_124777;p_262;#=ew_69_249969;prefix=95646-;[0]=ew_0_826587,WU08M,Historical,184.584,184.514,https://labbcat.canterbury.ac.nz/maonze/transcript?ag_id=1396#ew_0_826587,0.07,70,4.248495242,,
784,ea,g_1656;em_12_134377;n_136315-n_136316;p_300;#=ew_69_194421;prefix=43468-;[0]=ew_0_950723,L2H02M,L2,158.69,158.62,https://labbcat.canterbury.ac.nz/maonze/transcript?ag_id=1656#ew_0_950723,0.07,70,4.248495242,,
836,ea,g_1668;em_12_134909;n_136720-n_136721;p_302;#=ew_69_198305;prefix=46561-;[0]=ew_0_956255,L2H04M,L2,96.631,96.561,https://labbcat.canterbury.ac.nz/maonze/transcript?ag_id=1668#ew_0_956255,0.07,70,4.248495242,,
877,ea,g_1675;em_12_135193;n_136941-n_136942;p_307;#=ew_69_200416;prefix=48694-;[0]=ew_0_959704,L2H05M,L2,134.75,134.68,https://labbcat.canterbury.ac.nz/maonze/transcript?ag_id=1675#ew_0_959704,0.07,70,4.248495242,,
2231,ea,g_849;em_12_85463;n_100479-n_100480;p_167;#=ew_69_171456;prefix=20834-;[0]=ew_0_541018,L1H01M,L1,148.379,148.309,https://labbcat.canterbury.ac.nz/maonze/transcript?ag_id=849#ew_0_541018,0.07,70,4.248495242,,
2553,ea,g_937;em_12_91088;n_104865-n_104866;p_179;#=ew_69_218850;prefix=65979-;[0]=ew_0_584894,R001M,PresentElder,207.707,207.637,https://labbcat.canterbury.ac.nz/maonze/transcript?ag_id=937#ew_0_584894,0.07,70,4.248495242,,
2862,ia,g_1009;em_12_95341;n_108274-n_108275;p_188;#=ew_69_229735;prefix=76282-;[0]=ew_0_624411,R007M,PresentElder,112.451,112.381,https://labbcat.canterbury.ac.nz/maonze/transcript?ag_id=1009#ew_0_624411,0.07,70,4.248495242,,
2903,ia,g_1022;em_12_96064;n_108537-n_108538;p_190;#=ew_69_232215;prefix=78803-;[0]=ew_0_630028,R009M,PresentElder,65.609,65.539,https://labbcat.canterbury.ac.nz/maonze/transcript?ag_id=1022#ew_0_630028,0.07,70,4.248495242,,
2955,ia,g_1030;em_12_96446;n_17249-n_108790;p_190;#=ew_69_234284;prefix=80167-;[0]=ew_0_635596,R009M,PresentElder,210.569,210.499,https://labbcat.canterbury.ac.nz/maonze/transcript?ag_id=1030#ew_0_635596,0.07,70,4.248495242,,
2971,ia,g_1032;em_12_96529;n_108850-n_108851;p_190;#=ew_69_233528;prefix=80449-;[0]=ew_0_636812,R009M,PresentElder,183.459,183.389,https://labbcat.canterbury.ac.nz/maonze/transcript?ag_id=1032#ew_0_636812,0.07,70,4.248495242,,
2982,ia,g_1034;em_12_96605;n_108910-n_108911;p_190;#=ew_69_234288;prefix=80749-;[0]=ew_0_637937,R009M,PresentElder,179.129,179.059,https://labbcat.canterbury.ac.nz/maonze/transcript?ag_id=1034#ew_0_637937,0.07,70,4.248495242,,
2984,ia,g_1034;em_12_96616;n_17289-n_29930;p_190;#=ew_69_234411;prefix=80823-;[0]=ew_0_638158,R009M,PresentElder,250.595,250.525,https://labbcat.canterbury.ac.nz/maonze/transcript?ag_id=1034#ew_0_638158,0.07,70,4.248495242,,
3000,ia,g_1039;em_12_96942;n_109138-n_109139;p_193;#=ew_69_235624;prefix=81857-;[0]=ew_0_641614,R010M,PresentElder,160.554,160.484,https://labbcat.canterbury.ac.nz/maonze/transcript?ag_id=1039#ew_0_641614,0.07,70,4.248495242,,
3006,ia,g_1040;em_12_97046;n_109206-n_109207;p_193;#=ew_69_234829;prefix=82040-;[0]=ew_0_642528,R010M,PresentElder,222.679,222.609,https://labbcat.canterbury.ac.nz/maonze/transcript?ag_id=1040#ew_0_642528,0.07,70,4.248495242,,
3011,ia,g_1042;em_12_97270;n_109282-n_17539;p_193;#=ew_69_236247;prefix=82265-;[0]=ew_0_644055,R010M,PresentElder,186.576,186.506,https://labbcat.canterbury.ac.nz/maonze/transcript?ag_id=1042#ew_0_644055,0.07,70,4.248495242,,
3034,ia,g_1051;em_12_97736;n_109564-n_109565;p_203;#=ew_69_241744;prefix=87814-;[0]=ew_0_648987,WU02M,Historical,134.79,134.72,https://labbcat.canterbury.ac.nz/maonze/transcript?ag_id=1051#ew_0_648987,0.07,70,4.248495242,,
3068,ia,g_1076;em_12_99828;n_111021-n_111022;p_208;#=ew_69_246309;prefix=91973-;[0]=ew_0_662754,WU07M,Historical,152.042,151.972,https://labbcat.canterbury.ac.nz/maonze/transcript?ag_id=1076#ew_0_662754,0.07,70,4.248495242,,
3074,ia,g_1078;em_12_99923;n_111106-n_111107;p_208;#=ew_69_246155;prefix=92180-;[0]=ew_0_663573,WU07M,Historical,133.361,133.291,https://labbcat.canterbury.ac.nz/maonze/transcript?ag_id=1078#ew_0_663573,0.07,70,4.248495242,,
3086,ia,g_1081;em_12_100101;n_111243-n_111244;p_208;#=ew_69_247124;prefix=92503-;[0]=ew_0_665025,WU07M,Historical,175.254,175.184,https://labbcat.canterbury.ac.nz/maonze/transcript?ag_id=1081#ew_0_665025,0.07,70,4.248495242,,
3218,ia,g_1205;em_12_109269;n_118068-n_118069;p_244;#=ew_69_244595;prefix=89937-;[0]=ew_0_727554,WU04M,Historical,228.644,228.574,https://labbcat.canterbury.ac.nz/maonze/transcript?ag_id=1205#ew_0_727554,0.07,70,4.248495242,,
3242,ia,g_1213;em_12_109864;n_118575-n_118576;p_244;#=ew_69_245125;prefix=91045-;[0]=ew_0_731712,WU04M,Historical,219.887,219.817,https://labbcat.canterbury.ac.nz/maonze/transcript?ag_id=1213#ew_0_731712,0.07,70,4.248495242,,
3338,ia,g_1396;em_12_151941;n_4743010-n_4743012;p_262;#=ew_69_250016;prefix=95677-;[0]=ew_0_1135020,WU08M,Historical,246.837,246.767,https://labbcat.canterbury.ac.nz/maonze/transcript?ag_id=1396#ew_0_1135020,0.07,70,4.248495242,,
3406,ia,g_1617;em_12_131736;n_134232-n_134233;p_299;#=ew_69_192175;prefix=40502-;[0]=ew_0_932816,L2H01M,L2,139.475,139.405,https://labbcat.canterbury.ac.nz/maonze/transcript?ag_id=1617#ew_0_932816,0.07,70,4.248495242,,
3424,ia,g_1622;em_12_132101;n_134519-n_134520;p_299;#=ew_69_191756;prefix=41111-;[0]=ew_0_935598,L2H01M,L2,143.004,142.934,https://labbcat.canterbury.ac.nz/maonze/transcript?ag_id=1622#ew_0_935598,0.07,70,4.248495242,,
3466,ia,g_1639;em_12_133145;n_135363-n_27058;p_288;#=ew_69_196812;prefix=44721-;[0]=ew_0_942251,L2H03M,L2,199.938,199.868,https://labbcat.canterbury.ac.nz/maonze/transcript?ag_id=1639#ew_0_942251,0.07,70,4.248495242,,
3468,ia,g_1640;em_12_133212;n_135425-n_135426;p_288;#=ew_69_196146;prefix=44847-;[0]=ew_0_942814,L2H03M,L2,237.656,237.586,https://labbcat.canterbury.ac.nz/maonze/transcript?ag_id=1640#ew_0_942814,0.07,70,4.248495242,,
3470,ia,g_1641;em_12_133261;n_135471-n_135472;p_288;#=ew_69_196634;prefix=44953-;[0]=ew_0_943206,L2H03M,L2,204.006,203.936,https://labbcat.canterbury.ac.nz/maonze/transcript?ag_id=1641#ew_0_943206,0.07,70,4.248495242,,
3542,ia,g_1668;em_12_134917;n_136728-n_136729;p_302;#=ew_69_198328;prefix=46583-;[0]=ew_0_956340,L2H04M,L2,134.286,134.216,https://labbcat.canterbury.ac.nz/maonze/transcript?ag_id=1668#ew_0_956340,0.07,70,4.248495242,,
3682,ia,g_1897;em_12_155990;n_5274653-n_5274665;p_333;#=ew_69_238862;prefix=84643-;[0]=ew_0_1182276,R012M,PresentElder,289.593,289.523,https://labbcat.canterbury.ac.nz/maonze/transcript?ag_id=1897#ew_0_1182276,0.07,70,4.248495242,,
3739,ia,g_1911;em_12_156979;n_5287868-n_5287888;p_333;#=ew_69_240712;prefix=86997-;[0]=ew_0_1193520,R012M,PresentElder,203.589,203.519,https://labbcat.canterbury.ac.nz/maonze/transcript?ag_id=1911#ew_0_1193520,0.07,70,4.248495242,,
3750,ia,g_1913;em_12_157159;n_5290436-n_5290453;p_333;#=ew_69_240358;prefix=87293-;[0]=ew_0_1195913,R012M,PresentElder,306.317,306.247,https://labbcat.canterbury.ac.nz/maonze/transcript?ag_id=1913#ew_0_1195913,0.07,70,4.248495242,,
4504,ia,g_851;em_12_85588;n_100600-n_100601;p_167;#=ew_69_171160;prefix=21128-;[0]=ew_0_542124,L1H01M,L1,127.728,127.658,https://labbcat.canterbury.ac.nz/maonze/transcript?ag_id=851#ew_0_542124,0.07,70,4.248495242,,
4515,ia,g_855;em_12_85889;n_100882-n_100883;p_167;#=ew_69_172081;prefix=21702-;[0]=ew_0_544490,L1H01M,L1,146.935,146.865,https://labbcat.canterbury.ac.nz/maonze/transcript?ag_id=855#ew_0_544490,0.07,70,4.248495242,,
4549,ia,g_863;em_12_86417;n_101320-n_14744;p_168;#=ew_69_172964;prefix=22893-;[0]=ew_0_548637,L1H02M,L1,94.196,94.126,https://labbcat.canterbury.ac.nz/maonze/transcript?ag_id=863#ew_0_548637,0.07,70,4.248495242,,
4555,ia,g_864;em_12_86536;n_101403-n_101404;p_168;#=ew_69_173782;prefix=23095-;[0]=ew_0_549584,L1H02M,L1,198.287,198.217,https://labbcat.canterbury.ac.nz/maonze/transcript?ag_id=864#ew_0_549584,0.07,70,4.248495242,,
4579,ia,g_868;em_12_86837;n_14857-n_14858;p_168;#=ew_69_174091;prefix=23766-;[0]=ew_0_551987,L1H02M,L1,82.829,82.759,https://labbcat.canterbury.ac.nz/maonze/transcript?ag_id=868#ew_0_551987,0.07,70,4.248495242,,
4652,ia,g_898;em_12_88679;n_5774278-n_102905;p_174;#=ew_69_178748;prefix=27712-;[0]=ew_0_565980,L1H05M,L1,179.915,179.845,https://labbcat.canterbury.ac.nz/maonze/transcript?ag_id=898#ew_0_565980,0.07,70,4.248495242,,
4678,ia,g_908;em_12_89185;n_103262-n_103263;p_173;#=ew_69_177025;prefix=26460-;[0]=ew_0_570675,L1H04M,L1,96.616,96.546,https://labbcat.canterbury.ac.nz/maonze/transcript?ag_id=908#ew_0_570675,0.07,70,4.248495242,,
4684,ia,g_910;em_12_89276;n_103293-n_103294;p_173;#=ew_69_176205;prefix=26242-;[0]=ew_0_571811,L1H04M,L1,135.773,135.703,https://labbcat.canterbury.ac.nz/maonze/transcript?ag_id=910#ew_0_571811,0.07,70,4.248495242,,
4699,ia,g_926;em_12_90226;n_104046-n_104047;p_179;#=ew_69_217436;prefix=64490-;[0]=ew_0_579717,R001M,PresentElder,103.073,103.003,https://labbcat.canterbury.ac.nz/maonze/transcript?ag_id=926#ew_0_579717,0.07,70,4.248495242,,
4706,ia,g_927;em_12_90364;n_104183-n_104184;p_179;#=ew_69_217341;prefix=64787-;[0]=ew_0_580660,R001M,PresentElder,224.435,224.365,https://labbcat.canterbury.ac.nz/maonze/transcript?ag_id=927#ew_0_580660,0.07,70,4.248495242,,
4792,ia,g_955;em_12_92013;n_105633-n_105634;p_181;#=ew_69_221331;prefix=68295-;[0]=ew_0_594400,R002M,PresentElder,129.231,129.161,https://labbcat.canterbury.ac.nz/maonze/transcript?ag_id=955#ew_0_594400,0.07,70,4.248495242,,
4802,ia,g_960;em_12_92262;n_105848-n_105849;p_183;#=ew_69_222418;prefix=69111-;[0]=ew_0_596755,R003M,PresentElder,142.778,142.708,https://labbcat.canterbury.ac.nz/maonze/transcript?ag_id=960#ew_0_596755,0.07,70,4.248495242,,
4820,ia,g_968;em_12_92801;n_106200-n_16206;p_183;#=ew_69_223256;prefix=70256-;[0]=ew_0_601397,R003M,PresentElder,180.756,180.686,https://labbcat.canterbury.ac.nz/maonze/transcript?ag_id=968#ew_0_601397,0.07,70,4.248495242,,
4821,ia,g_968;em_12_92807;n_106204-n_16208;p_183;#=ew_69_223270;prefix=70270-;[0]=ew_0_601443,R003M,PresentElder,205.307,205.237,https://labbcat.canterbury.ac.nz/maonze/transcript?ag_id=968#ew_0_601443,0.07,70,4.248495242,,
4830,ia,g_970;em_12_92905;n_106282-n_106283;p_184;#=ew_69_223462;prefix=70472-;[0]=ew_0_602262,R004M,PresentElder,219.899,219.829,https://labbcat.canterbury.ac.nz/maonze/transcript?ag_id=970#ew_0_602262,0.07,70,4.248495242,,
4869,ia,g_982;em_12_93744;n_106850-n_106851;p_184;#=ew_69_225352;prefix=72208-;[0]=ew_0_608698,R004M,PresentElder,119.431,119.361,https://labbcat.canterbury.ac.nz/maonze/transcript?ag_id=982#ew_0_608698,0.07,70,4.248495242,,
4870,ia,g_982;em_12_93756;n_106862-n_106863;p_184;#=ew_69_225400;prefix=72251-;[0]=ew_0_608841,R004M,PresentElder,186.487,186.417,https://labbcat.canterbury.ac.nz/maonze/transcript?ag_id=982#ew_0_608841,0.07,70,4.248495242,,
5075,oa,g_1051;em_12_97757;n_109585-n_109586;p_203;#=ew_69_241840;prefix=87909-;[0]=ew_0_649203,WU02M,Historical,244.146,244.076,https://labbcat.canterbury.ac.nz/maonze/transcript?ag_id=1051#ew_0_649203,0.07,70,4.248495242,,
5379,oa,g_1616;em_12_131689;n_134190-n_134191;p_299;#=ew_69_191586;prefix=40424-;[0]=ew_0_932494,L2H01M,L2,50.788,50.718,https://labbcat.canterbury.ac.nz/maonze/transcript?ag_id=1616#ew_0_932494,0.07,70,4.248495242,,
5381,oa,g_1617;em_12_131759;n_134249-n_134250;p_299;#=ew_69_192264;prefix=40544-;[0]=ew_0_933031,L2H01M,L2,246.54,246.47,https://labbcat.canterbury.ac.nz/maonze/transcript?ag_id=1617#ew_0_933031,0.07,70,4.248495242,,
5384,oa,g_1618;em_12_131800;n_134279-n_134280;p_299;#=ew_69_192310;prefix=40648-;[0]=ew_0_933368,L2H01M,L2,126.628,126.558,https://labbcat.canterbury.ac.nz/maonze/transcript?ag_id=1618#ew_0_933368,0.07,70,4.248495242,,
5405,oa,g_1624;em_12_132246;n_134620-n_134621;p_299;#=ew_69_193050;prefix=41314-;[0]=ew_0_936530,L2H01M,L2,105.574,105.504,https://labbcat.canterbury.ac.nz/maonze/transcript?ag_id=1624#ew_0_936530,0.07,70,4.248495242,,
5445,oa,g_1650;em_12_163146;n_6345639-n_6345646;p_300;#=ew_69_194029;prefix=42740-;[0]=ew_0_1275304,L2H02M,L2,88.439,88.369,https://labbcat.canterbury.ac.nz/maonze/transcript?ag_id=1650#ew_0_1275304,0.07,70,4.248495242,,
5619,oa,g_1882;em_12_154904;n_5258473-n_5258491;p_334;#=ew_69_236980;prefix=83189-;[0]=ew_0_1169330,R011M,PresentElder,306.29,306.22,https://labbcat.canterbury.ac.nz/maonze/transcript?ag_id=1882#ew_0_1169330,0.07,70,4.248495242,,
6401,oa,g_863;em_12_86433;n_14749-n_101331;p_168;#=ew_69_172992;prefix=22918-;[0]=ew_0_548732,L1H02M,L1,137.908,137.838,https://labbcat.canterbury.ac.nz/maonze/transcript?ag_id=863#ew_0_548732,0.07,70,4.248495242,,
6547,oa,g_938;em_12_91175;n_104949-n_104950;p_179;#=ew_69_218956;prefix=66187-;[0]=ew_0_585602,R001M,PresentElder,230.227,230.157,https://labbcat.canterbury.ac.nz/maonze/transcript?ag_id=938#ew_0_585602,0.07,70,4.248495242,,
6709,ua,g_1009;em_12_95357;n_108284-n_16675;p_188;#=ew_69_229825;prefix=76335-;[0]=ew_0_624570,R007M,PresentElder,196.233,196.163,https://labbcat.canterbury.ac.nz/maonze/transcript?ag_id=1009#ew_0_624570,0.07,70,4.248495242,,
6754,ua,g_1016;em_12_95828;n_16942-n_16943;p_188;#=ew_69_230582;prefix=77019-;[0]=ew_0_627649,R007M,PresentElder,118.095,118.025,https://labbcat.canterbury.ac.nz/maonze/transcript?ag_id=1016#ew_0_627649,0.07,70,4.248495242,,
6794,ua,g_1023;em_12_171428;n_7051692-n_7051693;p_190;#=ew_69_232827;prefix=79020-;[0]=ew_0_1344362,R009M,PresentElder,228.272,228.202,https://labbcat.canterbury.ac.nz/maonze/transcript?ag_id=1023#ew_0_1344362,0.07,70,4.248495242,,
6829,ua,g_1029;em_12_96379;n_108740-n_108741;p_190;#=ew_69_233551;prefix=79906-;[0]=ew_0_634628,R009M,PresentElder,92.607,92.537,https://labbcat.canterbury.ac.nz/maonze/transcript?ag_id=1029#ew_0_634628,0.07,70,4.248495242,,
6863,ua,g_1033;em_12_96566;n_108878-n_108879;p_190;#=ew_69_233745;prefix=80569-;[0]=ew_0_637313,R009M,PresentElder,172.4,172.33,https://labbcat.canterbury.ac.nz/maonze/transcript?ag_id=1033#ew_0_637313,0.07,70,4.248495242,,
6876,ua,g_1034;em_12_96604;n_108909-n_108910;p_190;#=ew_69_234254;prefix=80741-;[0]=ew_0_637916,R009M,PresentElder,171.644,171.574,https://labbcat.canterbury.ac.nz/maonze/transcript?ag_id=1034#ew_0_637916,0.07,70,4.248495242,,
6902,ua,g_1037;em_12_96762;n_17327-n_17328;p_193;#=ew_69_235327;prefix=81425-;[0]=ew_0_640079,R010M,PresentElder,194.001,193.931,https://labbcat.canterbury.ac.nz/maonze/transcript?ag_id=1037#ew_0_640079,0.07,70,4.248495242,,
7115,ua,g_1082;em_12_100140;n_111278-n_111279;p_208;#=ew_69_247014;prefix=92643-;[0]=ew_0_665455,WU07M,Historical,81.452,81.382,https://labbcat.canterbury.ac.nz/maonze/transcript?ag_id=1082#ew_0_665455,0.07,70,4.248495242,,
7177,ua,g_1089;em_12_100572;n_111629-n_111630;p_208;#=ew_69_247818;prefix=93597-;[0]=ew_0_669445,WU07M,Historical,133.15,133.08,https://labbcat.canterbury.ac.nz/maonze/transcript?ag_id=1089#ew_0_669445,0.07,70,4.248495242,,
7284,ua,g_1199;em_12_108575;n_117382-n_117383;p_244;#=ew_69_243445;prefix=88969-;[0]=ew_0_723945,WU04M,Historical,200.582,200.512,https://labbcat.canterbury.ac.nz/maonze/transcript?ag_id=1199#ew_0_723945,0.07,70,4.248495242,,
7316,ua,g_1210;em_12_109703;n_20679-n_118471;p_244;#=ew_69_244689;prefix=90637-;[0]=ew_0_730156,WU04M,Historical,183.099,183.029,https://labbcat.canterbury.ac.nz/maonze/transcript?ag_id=1210#ew_0_730156,0.07,70,4.248495242,,
7330,ua,g_1230;em_12_110783;n_21070-n_21071;p_249;#=ew_69_180115;prefix=29462-;[0]=ew_0_1229453,L1H06M,L1,115.883,115.813,https://labbcat.canterbury.ac.nz/maonze/transcript?ag_id=1230#ew_0_1229453,0.07,70,4.248495242,,
7337,ua,g_1231;em_12_160239;n_5826971-n_21145;p_249;#=ew_69_180153;prefix=29550-;[0]=ew_0_1226895,L1H06M,L1,152.249,152.179,https://labbcat.canterbury.ac.nz/maonze/transcript?ag_id=1231#ew_0_1226895,0.07,70,4.248495242,,
7342,ua,g_1232;em_12_110950;n_21229-n_5824672;p_249;#=ew_69_179972;prefix=29673-;[0]=ew_0_1226321,L1H06M,L1,140.011,139.941,https://labbcat.canterbury.ac.nz/maonze/transcript?ag_id=1232#ew_0_1226321,0.07,70,4.248495242,,
7396,ua,g_1244;em_12_111784;n_21974-n_21975;p_249;#=ew_69_181525;prefix=30859-;[0]=ew_0_748142,L1H06M,L1,274.36,274.29,https://labbcat.canterbury.ac.nz/maonze/transcript?ag_id=1244#ew_0_748142,0.07,70,4.248495242,,
7579,ua,g_1513;em_12_125607;n_129741-n_25200;p_276;#=ew_69_242020;prefix=88349-;[0]=ew_0_881800,WU03M,Historical,196.571,196.501,https://labbcat.canterbury.ac.nz/maonze/transcript?ag_id=1513#ew_0_881800,0.07,70,4.248495242,,
7626,ua,g_1523;em_12_126131;n_6614391-n_130164;p_287;#=ew_69_228356;prefix=75256-;[0]=ew_0_887200,R006M,PresentElder,228.465,228.395,https://labbcat.canterbury.ac.nz/maonze/transcript?ag_id=1523#ew_0_887200,0.07,70,4.248495242,,
7726,ua,g_1617;em_12_131740;n_134236-n_134237;p_299;#=ew_69_192206;prefix=40517-;[0]=ew_0_932873,L2H01M,L2,161.863,161.793,https://labbcat.canterbury.ac.nz/maonze/transcript?ag_id=1617#ew_0_932873,0.07,70,4.248495242,,
7854,ua,g_1641;em_12_133251;n_135461-n_135462;p_288;#=ew_69_196608;prefix=44929-;[0]=ew_0_943103,L2H03M,L2,148.922,148.852,https://labbcat.canterbury.ac.nz/maonze/transcript?ag_id=1641#ew_0_943103,0.07,70,4.248495242,,
8000,ua,g_1667;em_12_134864;n_136682-n_27458;p_302;#=ew_69_198003;prefix=46452-;[0]=ew_0_955777,L2H04M,L2,99.073,99.003,https://labbcat.canterbury.ac.nz/maonze/transcript?ag_id=1667#ew_0_955777,0.07,70,4.248495242,,
8050,ua,g_1675;em_12_135205;n_136953-n_136954;p_307;#=ew_69_200447;prefix=48723-;[0]=ew_0_959788,L2H05M,L2,173.32,173.25,https://labbcat.canterbury.ac.nz/maonze/transcript?ag_id=1675#ew_0_959788,0.07,70,4.248495242,,
8115,ua,g_1748;em_12_139753;n_140452-n_140453;p_318;#=ew_69_231189;prefix=77818-;[0]=ew_0_1002178,R008M,PresentElder,120.823,120.753,https://labbcat.canterbury.ac.nz/maonze/transcript?ag_id=1748#ew_0_1002178,0.07,70,4.248495242,,
8269,ua,g_1895;em_12_155828;n_5270783-n_5270798;p_334;#=ew_69_238798;prefix=84469-;[0]=ew_0_1180073,R011M,PresentElder,184.692,184.622,https://labbcat.canterbury.ac.nz/maonze/transcript?ag_id=1895#ew_0_1180073,0.07,70,4.248495242,,
8296,ua,g_1898;em_12_156078;n_5275453-n_5275463;p_333;#=ew_69_238262;prefix=84929-;[0]=ew_0_1183646,R012M,PresentElder,259.455,259.385,https://labbcat.canterbury.ac.nz/maonze/transcript?ag_id=1898#ew_0_1183646,0.07,70,4.248495242,,
8327,ua,g_1902;em_12_156425;n_5279175-n_5279198;p_333;#=ew_69_239419;prefix=85326-;[0]=ew_0_1186278,R012M,PresentElder,165.916,165.846,https://labbcat.canterbury.ac.nz/maonze/transcript?ag_id=1902#ew_0_1186278,0.07,70,4.248495242,,
8345,ua,g_1903;em_12_156510;n_5280005-n_5280017;p_333;#=ew_69_240000;prefix=85593-;[0]=ew_0_1187275,R012M,PresentElder,176.22,176.15,https://labbcat.canterbury.ac.nz/maonze/transcript?ag_id=1903#ew_0_1187275,0.07,70,4.248495242,,
8356,ua,g_1905;em_12_156610;n_5281779-n_5281805;p_333;#=ew_69_238944;prefix=85870-;[0]=ew_0_1188358,R012M,PresentElder,116.88,116.81,https://labbcat.canterbury.ac.nz/maonze/transcript?ag_id=1905#ew_0_1188358,0.07,70,4.248495242,,
8396,ua,g_1910;em_12_156914;n_5286341-n_5286363;p_333;#=ew_69_240430;prefix=86904-;[0]=ew_0_1193207,R012M,PresentElder,64.321,64.251,https://labbcat.canterbury.ac.nz/maonze/transcript?ag_id=1910#ew_0_1193207,0.07,70,4.248495242,,
8403,ua,g_1910;em_12_156935;n_5286710-n_5286727;p_333;#=ew_69_240552;prefix=86961-;[0]=ew_0_1192834,R012M,PresentElder,167.328,167.258,https://labbcat.canterbury.ac.nz/maonze/transcript?ag_id=1910#ew_0_1192834,0.07,70,4.248495242,,
8413,ua,g_1911;em_12_156997;n_5288236-n_5288253;p_333;#=ew_69_240784;prefix=87072-;[0]=ew_0_1193791,R012M,PresentElder,309.633,309.563,https://labbcat.canterbury.ac.nz/maonze/transcript?ag_id=1911#ew_0_1193791,0.07,70,4.248495242,,
8420,ua,g_1912;em_12_157056;n_5289029-n_5289050;p_333;#=ew_69_240145;prefix=87168-;[0]=ew_0_1195197,R012M,PresentElder,216.906,216.836,https://labbcat.canterbury.ac.nz/maonze/transcript?ag_id=1912#ew_0_1195197,0.07,70,4.248495242,,
9913,ua,g_865;em_12_86571;n_101433-n_14781;p_168;#=ew_69_173513;prefix=23233-;[0]=ew_0_549888,L1H02M,L1,71.008,70.938,https://labbcat.canterbury.ac.nz/maonze/transcript?ag_id=865#ew_0_549888,0.07,70,4.248495242,,
9923,ua,g_867;em_12_159592;n_5715686-n_5715692;p_168;#=ew_69_174698;prefix=23706-;[0]=ew_0_1221055,L1H02M,L1,190.989,190.919,https://labbcat.canterbury.ac.nz/maonze/transcript?ag_id=867#ew_0_1221055,0.07,70,4.248495242,,
9940,ua,g_868;em_12_159522;n_5655693-n_5655696;p_168;#=ew_69_174083;prefix=23892-;[0]=ew_0_1220117,L1H02M,L1,67.698,67.628,https://labbcat.canterbury.ac.nz/maonze/transcript?ag_id=868#ew_0_1220117,0.07,70,4.248495242,,
9952,ua,g_869;em_12_86950;n_101677-n_101678;p_168;#=ew_69_174474;prefix=23994-;[0]=ew_0_552765,L1H02M,L1,153.254,153.184,https://labbcat.canterbury.ac.nz/maonze/transcript?ag_id=869#ew_0_552765,0.07,70,4.248495242,,
10073,ua,g_893;em_12_88415;n_102681-n_102682;p_174;#=ew_69_179551;prefix=28539-;[0]=ew_0_562801,L1H05M,L1,136.435,136.365,https://labbcat.canterbury.ac.nz/maonze/transcript?ag_id=893#ew_0_562801,0.07,70,4.248495242,,
10115,ua,g_898;em_12_88672;n_15387-n_102898;p_174;#=ew_69_178683;prefix=27680-;[0]=ew_0_565898,L1H05M,L1,148.914,148.844,https://labbcat.canterbury.ac.nz/maonze/transcript?ag_id=898#ew_0_565898,0.07,70,4.248495242,,
10118,ua,g_898;em_12_88673;n_102898-n_102899;p_174;#=ew_69_178696;prefix=27686-;[0]=ew_0_565906,L1H05M,L1,152.267,152.197,https://labbcat.canterbury.ac.nz/maonze/transcript?ag_id=898#ew_0_565906,0.07,70,4.248495242,,
10197,ua,g_908;em_12_89211;n_103266-n_103267;p_173;#=ew_69_177149;prefix=26513-;[0]=ew_0_570910,L1H04M,L1,209.674,209.604,https://labbcat.canterbury.ac.nz/maonze/transcript?ag_id=908#ew_0_570910,0.07,70,4.248495242,,
10327,ua,g_938;em_12_91143;n_104917-n_104918;p_179;#=ew_69_218790;prefix=66083-;[0]=ew_0_585290,R001M,PresentElder,111.014,110.944,https://labbcat.canterbury.ac.nz/maonze/transcript?ag_id=938#ew_0_585290,0.07,70,4.248495242,,
10351,ua,g_940;em_12_91296;n_105048-n_105049;p_179;#=ew_69_219236;prefix=66434-;[0]=ew_0_586525,R001M,PresentElder,102.696,102.626,https://labbcat.canterbury.ac.nz/maonze/transcript?ag_id=940#ew_0_586525,0.07,70,4.248495242,,
10365,ua,g_941;em_12_91387;n_105102-n_15890;p_179;#=ew_69_219741;prefix=66640-;[0]=ew_0_587239,R001M,PresentElder,127.601,127.531,https://labbcat.canterbury.ac.nz/maonze/transcript?ag_id=941#ew_0_587239,0.07,70,4.248495242,,
10370,ua,g_942;em_12_91454;n_105156-n_105157;p_179;#=ew_69_219429;prefix=66773-;[0]=ew_0_587709,R001M,PresentElder,101.079,101.009,https://labbcat.canterbury.ac.nz/maonze/transcript?ag_id=942#ew_0_587709,0.07,70,4.248495242,,
10377,ua,g_942;em_12_91461;n_105161-n_105162;p_179;#=ew_69_219455;prefix=66799-;[0]=ew_0_587784,R001M,PresentElder,126.747,126.677,https://labbcat.canterbury.ac.nz/maonze/transcript?ag_id=942#ew_0_587784,0.07,70,4.248495242,,
10411,ua,g_949;em_12_163286;n_6521875-n_6521878;p_181;#=ew_69_220565;prefix=67619-;[0]=ew_0_1278225,R002M,PresentElder,170.674,170.604,https://labbcat.canterbury.ac.nz/maonze/transcript?ag_id=949#ew_0_1278225,0.07,70,4.248495242,,
10425,ua,g_949;em_12_91743;n_105405-n_105406;p_181;#=ew_69_220590;prefix=67633-;[0]=ew_0_590841,R002M,PresentElder,203.88,203.81,https://labbcat.canterbury.ac.nz/maonze/transcript?ag_id=949#ew_0_590841,0.07,70,4.248495242,,
10437,ua,g_951;em_12_91843;n_105481-n_105482;p_181;#=ew_69_220325;prefix=67975-;[0]=ew_0_592158,R002M,PresentElder,198.374,198.304,https://labbcat.canterbury.ac.nz/maonze/transcript?ag_id=951#ew_0_592158,0.07,70,4.248495242,,
10514,ua,g_965;em_12_92627;n_106079-n_106080;p_183;#=ew_69_222864;prefix=69927-;[0]=ew_0_600006,R003M,PresentElder,264.983,264.913,https://labbcat.canterbury.ac.nz/maonze/transcript?ag_id=965#ew_0_600006,0.07,70,4.248495242,,
10572,ua,g_975;em_12_93271;n_106557-n_16319;p_184;#=ew_69_224249;prefix=71295-;[0]=ew_0_605144,R004M,PresentElder,211.408,211.338,https://labbcat.canterbury.ac.nz/maonze/transcript?ag_id=975#ew_0_605144,0.07,70,4.248495242,,
10652,ua,g_987;em_12_93956;n_107028-n_107029;p_182;#=ew_69_226504;prefix=73098-;[0]=ew_0_611112,R005M,PresentElder,237.888,237.818,https://labbcat.canterbury.ac.nz/maonze/transcript?ag_id=987#ew_0_611112,0.07,70,4.248495242,,
10686,ua,g_991;em_12_94110;n_107157-n_107158;p_182;#=ew_69_226712;prefix=73618-;[0]=ew_0_612943,R005M,PresentElder,138.974,138.904,https://labbcat.canterbury.ac.nz/maonze/transcript?ag_id=991#ew_0_612943,0.07,70,4.248495242,,
10690,ua,g_991;em_12_94123;n_107168-n_107169;p_182;#=ew_69_226824;prefix=73670-;[0]=ew_0_613095,R005M,PresentElder,224.093,224.023,https://labbcat.canterbury.ac.nz/maonze/transcript?ag_id=991#ew_0_613095,0.07,70,4.248495242,,
24,ea,g_101;em_12_162905;n_6285603-n_6285609;p_41;#=ew_69_163062;prefix=13685-;[0]=ew_0_1271535,K007M,PresentElder,203.47,203.41,https://labbcat.canterbury.ac.nz/maonze/transcript?ag_id=101#ew_0_1271535,0.06,60,4.094344562,,
82,ea,g_1028;em_12_163732;n_6702395-n_6702399;p_190;#=ew_69_233359;prefix=79848-;[0]=ew_0_1283070,R009M,PresentElder,230.018,229.958,https://labbcat.canterbury.ac.nz/maonze/transcript?ag_id=1028#ew_0_1283070,0.06,60,4.094344562,,
151,ea,g_104;em_12_7237;n_37078-n_37079;p_41;#=ew_69_164696;prefix=14348-;[0]=ew_0_72244,K007M,PresentElder,260.141,260.081,https://labbcat.canterbury.ac.nz/maonze/transcript?ag_id=104#ew_0_72244,0.06,60,4.094344562,,
153,ea,g_1040;em_12_96985;n_109175-n_109176;p_193;#=ew_69_234736;prefix=81950-;[0]=ew_0_642075,R010M,PresentElder,53.54,53.48,https://labbcat.canterbury.ac.nz/maonze/transcript?ag_id=1040#ew_0_642075,0.06,60,4.094344562,,
169,ea,g_1042;em_12_97291;n_17550-n_17551;p_193;#=ew_69_236311;prefix=82311-;[0]=ew_0_644238,R010M,PresentElder,252.5,252.44,https://labbcat.canterbury.ac.nz/maonze/transcript?ag_id=1042#ew_0_644238,0.06,60,4.094344562,,
181,ea,g_1046;em_12_97483;n_109410-n_6793378;p_193;#=ew_69_235881;prefix=82756-;[0]=ew_0_1283631,R010M,PresentElder,117.172,117.112,https://labbcat.canterbury.ac.nz/maonze/transcript?ag_id=1046#ew_0_1283631,0.06,60,4.094344562,,
297,ea,g_11;em_12_825;n_31471-n_31472;p_28;#=ew_69_149333;prefix=00366-;[0]=ew_0_7390,K001M,PresentElder,185.206,185.146,https://labbcat.canterbury.ac.nz/maonze/transcript?ag_id=11#ew_0_7390,0.06,60,4.094344562,,
405,ea,g_1235;em_12_111133;n_21390-n_21391;p_249;#=ew_69_180909;prefix=29911-;[0]=ew_0_742445,L1H06M,L1,106.133,106.073,https://labbcat.canterbury.ac.nz/maonze/transcript?ag_id=1235#ew_0_742445,0.06,60,4.094344562,,
409,ea,g_1235;em_12_160147;n_5824858-n_21372;p_249;#=ew_69_180864;prefix=29869-;[0]=ew_0_1230136,L1H06M,L1,38.564,38.504,https://labbcat.canterbury.ac.nz/maonze/transcript?ag_id=1235#ew_0_1230136,0.06,60,4.094344562,,
414,ea,g_1237;em_12_111281;n_21527-n_21528;p_249;#=ew_69_180336;prefix=30061-;[0]=ew_0_743630,L1H06M,L1,120.625,120.565,https://labbcat.canterbury.ac.nz/maonze/transcript?ag_id=1237#ew_0_743630,0.06,60,4.094344562,,
416,ea,g_1237;em_12_160002;n_5825048-n_21558;p_249;#=ew_69_180391;prefix=30114-;[0]=ew_0_1227799,L1H06M,L1,224.782,224.722,https://labbcat.canterbury.ac.nz/maonze/transcript?ag_id=1237#ew_0_1227799,0.06,60,4.094344562,,
444,ea,g_1244;em_12_111773;n_21964-n_21965;p_249;#=ew_69_181513;prefix=30847-;[0]=ew_0_748020,L1H06M,L1,223.662,223.602,https://labbcat.canterbury.ac.nz/maonze/transcript?ag_id=1244#ew_0_748020,0.06,60,4.094344562,,
445,ea,g_1244;em_12_111788;n_21978-n_21979;p_249;#=ew_69_181531;prefix=30864-;[0]=ew_0_748171,L1H06M,L1,283.012,282.952,https://labbcat.canterbury.ac.nz/maonze/transcript?ag_id=1244#ew_0_748171,0.06,60,4.094344562,,
901,ea,g_1680;em_12_135594;n_137254-n_137255;p_307;#=ew_69_199599;prefix=47973-;[0]=ew_0_962387,L2H05M,L2,222.517,222.457,https://labbcat.canterbury.ac.nz/maonze/transcript?ag_id=1680#ew_0_962387,0.06,60,4.094344562,,
907,ea,g_1681;em_12_135657;n_137301-n_27632;p_307;#=ew_69_199038;prefix=47870-;[0]=ew_0_962873,L2H05M,L2,221.952,221.892,https://labbcat.canterbury.ac.nz/maonze/transcript?ag_id=1681#ew_0_962873,0.06,60,4.094344562,,
972,ea,g_1844;em_12_149247;n_3850944-n_3850959;p_49;#=ew_69_204758;prefix=52945-;[0]=ew_0_1103693,L2Y03M,L2,174.757,174.697,https://labbcat.canterbury.ac.nz/maonze/transcript?ag_id=1844#ew_0_1103693,0.06,60,4.094344562,,
1011,ea,g_1848;em_12_149494;n_3854318-n_3854333;p_49;#=ew_69_205567;prefix=53473-;[0]=ew_0_1106572,L2Y03M,L2,216.486,216.426,https://labbcat.canterbury.ac.nz/maonze/transcript?ag_id=1848#ew_0_1106572,0.06,60,4.094344562,,
1017,ea,g_1849;em_12_149540;n_3854895-n_3854906;p_49;#=ew_69_205293;prefix=53569-;[0]=ew_0_1107055,L2Y03M,L2,434.894,434.834,https://labbcat.canterbury.ac.nz/maonze/transcript?ag_id=1849#ew_0_1107055,0.06,60,4.094344562,,
1031,ea,g_1855;em_12_150628;n_4611078-n_4611095;p_97;#=ew_69_215908;prefix=63298-;[0]=ew_0_1125855,MU07M,Historical,166.585,166.525,https://labbcat.canterbury.ac.nz/maonze/transcript?ag_id=1855#ew_0_1125855,0.06,60,4.094344562,,
1099,ea,g_1904;em_12_156519;n_5280658-n_5280687;p_333;#=ew_69_239610;prefix=85741-;[0]=ew_0_1188126,R012M,PresentElder,104.705,104.645,https://labbcat.canterbury.ac.nz/maonze/transcript?ag_id=1904#ew_0_1188126,0.06,60,4.094344562,,
1293,ea,g_27;em_12_2258;n_32865-n_32866;p_19;#=ew_69_154942;prefix=05290-;[0]=ew_0_19194,K002M,PresentElder,261.604,261.544,https://labbcat.canterbury.ac.nz/maonze/transcript?ag_id=27#ew_0_19194,0.06,60,4.094344562,,
1347,ea,g_316;em_12_30652;n_55293-n_3841174;p_89;#=ew_69_187433;prefix=36514-;[0]=ew_0_211910,L1Y04M,L1,74.019,73.959,https://labbcat.canterbury.ac.nz/maonze/transcript?ag_id=316#ew_0_211910,0.06,60,4.094344562,,
1390,ea,g_321;em_12_31579;n_56160-n_56161;p_89;#=ew_69_188098;prefix=37287-;[0]=ew_0_215067,L1Y04M,L1,89.148,89.088,https://labbcat.canterbury.ac.nz/maonze/transcript?ag_id=321#ew_0_215067,0.06,60,4.094344562,,
1414,ea,g_324;em_12_32532;n_56928-n_56930;p_89;#=ew_69_188452;prefix=37827-;[0]=ew_0_217600,L1Y04M,L1,140.157,140.097,https://labbcat.canterbury.ac.nz/maonze/transcript?ag_id=324#ew_0_217600,0.06,60,4.094344562,,
1429,ea,g_327;em_12_33104;n_5956-n_57390;p_85;#=ew_69_185479;prefix=34683-;[0]=ew_0_219070,L1Y02M,L1,34.027,33.967,https://labbcat.canterbury.ac.nz/maonze/transcript?ag_id=327#ew_0_219070,0.06,60,4.094344562,,
1434,ea,g_328;em_12_33138;n_57419-n_57420;p_85;#=ew_69_184514;prefix=33613-;[0]=ew_0_219541,L1Y02M,L1,34.116,34.056,https://labbcat.canterbury.ac.nz/maonze/transcript?ag_id=328#ew_0_219541,0.06,60,4.094344562,,
1438,ea,g_328;em_12_33156;n_57437-n_57438;p_85;#=ew_69_184580;prefix=33671-;[0]=ew_0_219808,L1Y02M,L1,137.611,137.551,https://labbcat.canterbury.ac.nz/maonze/transcript?ag_id=328#ew_0_219808,0.06,60,4.094344562,,
1439,ea,g_328;em_12_33158;n_57439-n_57440;p_85;#=ew_69_184583;prefix=33674-;[0]=ew_0_219832,L1Y02M,L1,145.255,145.195,https://labbcat.canterbury.ac.nz/maonze/transcript?ag_id=328#ew_0_219832,0.06,60,4.094344562,,
1447,ea,g_331;em_12_33237;n_57501-n_7086490;p_85;#=ew_69_184199;prefix=33342-;[0]=ew_0_220838,L1Y02M,L1,90.703,90.643,https://labbcat.canterbury.ac.nz/maonze/transcript?ag_id=331#ew_0_220838,0.06,60,4.094344562,,
1482,ea,g_340;em_12_33460;n_57678-n_57679;p_85;#=ew_69_185669;prefix=34796-;[0]=ew_0_223759,L1Y02M,L1,64.343,64.283,https://labbcat.canterbury.ac.nz/maonze/transcript?ag_id=340#ew_0_223759,0.06,60,4.094344562,,
1510,ea,g_367;em_12_150379;n_4459225-n_4519222;p_92;#=ew_69_212431;prefix=60275-;[0]=ew_0_1123662,MU04M,Historical,106.941,106.881,https://labbcat.canterbury.ac.nz/maonze/transcript?ag_id=367#ew_0_1123662,0.06,60,4.094344562,,
1554,ea,g_380;em_12_38027;n_61829-n_61831;p_94;#=ew_69_214461;prefix=62067-;[0]=ew_0_1120207,MU05M,Historical,128.498,128.438,https://labbcat.canterbury.ac.nz/maonze/transcript?ag_id=380#ew_0_1120207,0.06,60,4.094344562,,
1640,ea,g_460;em_12_47478;n_69661-n_69662;p_112;#=ew_69_162105;prefix=12245-;[0]=ew_0_297240,K006M,PresentElder,256.193,256.133,https://labbcat.canterbury.ac.nz/maonze/transcript?ag_id=460#ew_0_297240,0.06,60,4.094344562,,
1663,ea,g_466;em_12_48097;n_8029-n_70123;p_120;#=ew_69_165547;prefix=15999-;[0]=ew_0_300775,K008M,PresentElder,206.636,206.576,https://labbcat.canterbury.ac.nz/maonze/transcript?ag_id=466#ew_0_300775,0.06,60,4.094344562,,
1667,ea,g_467;em_12_48209;n_70222-n_70223;p_120;#=ew_69_166050;prefix=16111-;[0]=ew_0_301272,K008M,PresentElder,152.718,152.658,https://labbcat.canterbury.ac.nz/maonze/transcript?ag_id=467#ew_0_301272,0.06,60,4.094344562,,
1668,ea,g_467;em_12_48254;n_70258-n_3622432;p_120;#=ew_69_166086;prefix=16146-;[0]=ew_0_301442,K008M,PresentElder,232.982,232.922,https://labbcat.canterbury.ac.nz/maonze/transcript?ag_id=467#ew_0_301442,0.06,60,4.094344562,,
1670,ea,g_467;em_12_48291;n_70296-n_70297;p_120;#=ew_69_166115;prefix=16174-;[0]=ew_0_1237420,K008M,PresentElder,286.177,286.117,https://labbcat.canterbury.ac.nz/maonze/transcript?ag_id=467#ew_0_1237420,0.06,60,4.094344562,,
1681,ea,g_470;em_12_48645;n_8104-n_70596;p_120;#=ew_69_166514;prefix=16544-;[0]=ew_0_303235,K008M,PresentElder,148.336,148.276,https://labbcat.canterbury.ac.nz/maonze/transcript?ag_id=470#ew_0_303235,0.06,60,4.094344562,,
1752,ea,g_492;em_12_50819;n_8495-n_72377;p_122;#=ew_69_170235;prefix=19993-;[0]=ew_0_316856,K010M,PresentElder,282.103,282.043,https://labbcat.canterbury.ac.nz/maonze/transcript?ag_id=492#ew_0_316856,0.06,60,4.094344562,,
1791,ea,g_51;em_12_3720;n_34054-n_34055;p_32;#=ew_69_157503;prefix=07973-;[0]=ew_0_1208067,K004M,PresentElder,250.325,250.265,https://labbcat.canterbury.ac.nz/maonze/transcript?ag_id=51#ew_0_1208067,0.06,60,4.094344562,,
1793,ea,g_52;em_12_3729;n_34062-n_34063;p_32;#=ew_69_157831;prefix=08031-;[0]=ew_0_1207981,K004M,PresentElder,53.055,52.995,https://labbcat.canterbury.ac.nz/maonze/transcript?ag_id=52#ew_0_1207981,0.06,60,4.094344562,,
1809,ea,g_53;em_12_158365;n_5388016-n_5388018;p_32;#=ew_69_158031;prefix=08485-;[0]=ew_0_1209781,K004M,PresentElder,287.299,287.239,https://labbcat.canterbury.ac.nz/maonze/transcript?ag_id=53#ew_0_1209781,0.06,60,4.094344562,,
1821,ea,g_54;em_12_161910;n_6213644-n_6213645;p_32;#=ew_69_158312;prefix=08569-;[0]=ew_0_1259396,K004M,PresentElder,220.484,220.424,https://labbcat.canterbury.ac.nz/maonze/transcript?ag_id=54#ew_0_1259396,0.06,60,4.094344562,,
1825,ea,g_54;em_12_161929;n_6213653-n_6213654;p_32;#=ew_69_158419;prefix=08627-;[0]=ew_0_1259079,K004M,PresentElder,269.504,269.444,https://labbcat.canterbury.ac.nz/maonze/transcript?ag_id=54#ew_0_1259079,0.06,60,4.094344562,,
1950,ea,g_616;em_12_64982;n_84542-n_84543;p_142;#=ew_69_182462;prefix=31780-;[0]=ew_0_392005,L1Y01M,L1,166.935,166.875,https://labbcat.canterbury.ac.nz/maonze/transcript?ag_id=616#ew_0_392005,0.06,60,4.094344562,,
1952,ea,g_617;em_12_64999;n_84558-n_84559;p_142;#=ew_69_182869;prefix=31829-;[0]=ew_0_392194,L1Y01M,L1,57.981,57.921,https://labbcat.canterbury.ac.nz/maonze/transcript?ag_id=617#ew_0_392194,0.06,60,4.094344562,,
2020,ea,g_630;em_12_65915;n_85387-n_85388;p_143;#=ew_69_203777;prefix=51126-;[0]=ew_0_400174,L2Y02M,L2,322.731,322.671,https://labbcat.canterbury.ac.nz/maonze/transcript?ag_id=630#ew_0_400174,0.06,60,4.094344562,,
2031,ea,g_632;em_12_66132;n_85588-n_85589;p_143;#=ew_69_203337;prefix=51554-;[0]=ew_0_401810,L2Y02M,L2,156.651,156.591,https://labbcat.canterbury.ac.nz/maonze/transcript?ag_id=632#ew_0_401810,0.06,60,4.094344562,,
2047,ea,g_633;em_12_66303;n_85748-n_85749;p_143;#=ew_69_203238;prefix=51903-;[0]=ew_0_403178,L2Y02M,L2,265.896,265.836,https://labbcat.canterbury.ac.nz/maonze/transcript?ag_id=633#ew_0_403178,0.06,60,4.094344562,,
2055,ea,g_634;em_12_66354;n_85794-n_85795;p_143;#=ew_69_203963;prefix=52032-;[0]=ew_0_403605,L2Y02M,L2,106.244,106.184,https://labbcat.canterbury.ac.nz/maonze/transcript?ag_id=634#ew_0_403605,0.06,60,4.094344562,,
2178,ea,g_671;em_12_70696;n_89474-n_89475;p_148;#=ew_69_208675;prefix=56566-;[0]=ew_0_425571,L2Y05M,L2,86.652,86.592,https://labbcat.canterbury.ac.nz/maonze/transcript?ag_id=671#ew_0_425571,0.06,60,4.094344562,,
2227,ea,g_848;em_12_85395;n_100412-n_100413;p_167;#=ew_69_170869;prefix=20679-;[0]=ew_0_540404,L1H01M,L1,122.86,122.8,https://labbcat.canterbury.ac.nz/maonze/transcript?ag_id=848#ew_0_540404,0.06,60,4.094344562,,
2240,ea,g_851;em_12_85560;n_100572-n_100573;p_167;#=ew_69_171000;prefix=21053-;[0]=ew_0_541862,L1H01M,L1,22.87,22.81,https://labbcat.canterbury.ac.nz/maonze/transcript?ag_id=851#ew_0_541862,0.06,60,4.094344562,,
2248,ea,g_852;em_12_85657;n_100666-n_100667;p_167;#=ew_69_170989;prefix=21249-;[0]=ew_0_542684,L1H01M,L1,129.363,129.303,https://labbcat.canterbury.ac.nz/maonze/transcript?ag_id=852#ew_0_542684,0.06,60,4.094344562,,
2276,ea,g_855;em_12_85912;n_100905-n_100906;p_167;#=ew_69_172218;prefix=21764-;[0]=ew_0_544709,L1H01M,L1,227.026,226.966,https://labbcat.canterbury.ac.nz/maonze/transcript?ag_id=855#ew_0_544709,0.06,60,4.094344562,,
2326,ea,g_865;em_12_86592;n_101452-n_101453;p_168;#=ew_69_173559;prefix=23278-;[0]=ew_0_550062,L1H02M,L1,142.173,142.113,https://labbcat.canterbury.ac.nz/maonze/transcript?ag_id=865#ew_0_550062,0.06,60,4.094344562,,
2339,ea,g_867;em_12_86727;n_101548-n_14816;p_168;#=ew_69_174426;prefix=23562-;[0]=ew_0_551123,L1H02M,L1,63.165,63.105,https://labbcat.canterbury.ac.nz/maonze/transcript?ag_id=867#ew_0_551123,0.06,60,4.094344562,,
2400,ea,g_891;em_12_88307;n_102585-n_102586;p_174;#=ew_69_178897;prefix=28829-;[0]=ew_0_561591,L1H05M,L1,68.462,68.402,https://labbcat.canterbury.ac.nz/maonze/transcript?ag_id=891#ew_0_561591,0.06,60,4.094344562,,
2448,ea,g_898;em_12_88679;n_5774278-n_102905;p_174;#=ew_69_178750;prefix=27713-;[0]=ew_0_565987,L1H05M,L1,182.405,182.345,https://labbcat.canterbury.ac.nz/maonze/transcript?ag_id=898#ew_0_565987,0.06,60,4.094344562,,
2455,ea,g_9;em_12_627;n_31275-n_31276;p_28;#=ew_69_150606;prefix=00883-;[0]=ew_0_5667,K001M,PresentElder,228.036,227.976,https://labbcat.canterbury.ac.nz/maonze/transcript?ag_id=9#ew_0_5667,0.06,60,4.094344562,,
2521,ea,g_926;em_12_90269;n_104089-n_104090;p_179;#=ew_69_217604;prefix=64614-;[0]=ew_0_580071,R001M,PresentElder,233.841,233.781,https://labbcat.canterbury.ac.nz/maonze/transcript?ag_id=926#ew_0_580071,0.06,60,4.094344562,,
2546,ea,g_936;em_12_90999;n_104785-n_104786;p_179;#=ew_69_218486;prefix=65793-;[0]=ew_0_584248,R001M,PresentElder,201.597,201.537,https://labbcat.canterbury.ac.nz/maonze/transcript?ag_id=936#ew_0_584248,0.06,60,4.094344562,,
2552,ea,g_937;em_12_91068;n_104851-n_104852;p_179;#=ew_69_218769;prefix=65943-;[0]=ew_0_584758,R001M,PresentElder,158.349,158.289,https://labbcat.canterbury.ac.nz/maonze/transcript?ag_id=937#ew_0_584758,0.06,60,4.094344562,,
2792,ea,g_982;em_12_93756;n_106862-n_106863;p_184;#=ew_69_225398;prefix=72249-;[0]=ew_0_608838,R004M,PresentElder,185.897,185.837,https://labbcat.canterbury.ac.nz/maonze/transcript?ag_id=982#ew_0_608838,0.06,60,4.094344562,,
2854,ia,g_100;em_12_162750;n_6281894-n_6281897;p_41;#=ew_69_162604;prefix=13425-;[0]=ew_0_1270345,K007M,PresentElder,46.143,46.083,https://labbcat.canterbury.ac.nz/maonze/transcript?ag_id=100#ew_0_1270345,0.06,60,4.094344562,,
2929,ia,g_1027;em_12_96304;n_108696-n_17205;p_190;#=ew_69_232932;prefix=79657-;[0]=ew_0_633654,R009M,PresentElder,200.456,200.396,https://labbcat.canterbury.ac.nz/maonze/transcript?ag_id=1027#ew_0_633654,0.06,60,4.094344562,,
2940,ia,g_1029;em_12_96383;n_108744-n_108745;p_190;#=ew_69_233622;prefix=79927-;[0]=ew_0_634713,R009M,PresentElder,126.264,126.204,https://labbcat.canterbury.ac.nz/maonze/transcript?ag_id=1029#ew_0_634713,0.06,60,4.094344562,,
2978,ia,g_1033;em_12_96565;n_108877-n_108878;p_190;#=ew_69_233737;prefix=80566-;[0]=ew_0_637308,R009M,PresentElder,170.204,170.144,https://labbcat.canterbury.ac.nz/maonze/transcript?ag_id=1033#ew_0_637308,0.06,60,4.094344562,,
2994,ia,g_1037;em_12_96768;n_17331-n_109028;p_193;#=ew_69_235399;prefix=81448-;[0]=ew_0_640147,R010M,PresentElder,216.031,215.971,https://labbcat.canterbury.ac.nz/maonze/transcript?ag_id=1037#ew_0_640147,0.06,60,4.094344562,,
2998,ia,g_1039;em_12_96913;n_17376-n_7052779;p_193;#=ew_69_235523;prefix=81747-;[0]=ew_0_641380,R010M,PresentElder,83.911,83.851,https://labbcat.canterbury.ac.nz/maonze/transcript?ag_id=1039#ew_0_641380,0.06,60,4.094344562,,
3017,ia,g_1044;em_12_171468;n_7053685-n_7053686;p_193;#=ew_69_236155;prefix=82504-;[0]=ew_0_1344846,R010M,PresentElder,135.011,134.951,https://labbcat.canterbury.ac.nz/maonze/transcript?ag_id=1044#ew_0_1344846,0.06,60,4.094344562,,
3021,ia,g_1045;em_12_97448;n_6793357-n_109379;p_193;#=ew_69_236517;prefix=82656-;[0]=ew_0_646103,R010M,PresentElder,165.569,165.509,https://labbcat.canterbury.ac.nz/maonze/transcript?ag_id=1045#ew_0_646103,0.06,60,4.094344562,,
3024,ia,g_1046;em_12_97473;n_109401-n_109402;p_193;#=ew_69_235854;prefix=82730-;[0]=ew_0_646360,R010M,PresentElder,74.507,74.447,https://labbcat.canterbury.ac.nz/maonze/transcript?ag_id=1046#ew_0_646360,0.06,60,4.094344562,,
3039,ia,g_107;em_12_163116;n_6288651-n_6288654;p_41;#=ew_69_164497;prefix=14687-;[0]=ew_0_1270541,K007M,PresentElder,232.99,232.93,https://labbcat.canterbury.ac.nz/maonze/transcript?ag_id=107#ew_0_1270541,0.06,60,4.094344562,,
3077,ia,g_1079;em_12_99973;n_111145-n_18359;p_208;#=ew_69_246067;prefix=92248-;[0]=ew_0_663945,WU07M,Historical,117.546,117.486,https://labbcat.canterbury.ac.nz/maonze/transcript?ag_id=1079#ew_0_663945,0.06,60,4.094344562,,
3101,ia,g_1086;em_12_100389;n_111490-n_111491;p_208;#=ew_69_247391;prefix=93198-;[0]=ew_0_667722,WU07M,Historical,77.979,77.919,https://labbcat.canterbury.ac.nz/maonze/transcript?ag_id=1086#ew_0_667722,0.06,60,4.094344562,,
3102,ia,g_1086;em_12_100389;n_111490-n_111491;p_208;#=ew_69_247395;prefix=93201-;[0]=ew_0_667725,WU07M,Historical,78.729,78.669,https://labbcat.canterbury.ac.nz/maonze/transcript?ag_id=1086#ew_0_667725,0.06,60,4.094344562,,
3111,ia,g_1087;em_12_100448;n_111547-n_111548;p_208;#=ew_69_247695;prefix=93328-;[0]=ew_0_668259,WU07M,Historical,58.423,58.363,https://labbcat.canterbury.ac.nz/maonze/transcript?ag_id=1087#ew_0_668259,0.06,60,4.094344562,,
3113,ia,g_1087;em_12_100459;n_111556-n_111557;p_208;#=ew_69_247772;prefix=93366-;[0]=ew_0_668375,WU07M,Historical,98.595,98.535,https://labbcat.canterbury.ac.nz/maonze/transcript?ag_id=1087#ew_0_668375,0.06,60,4.094344562,,
3115,ia,g_1087;em_12_100483;n_111576-n_111577;p_208;#=ew_69_247902;prefix=93422-;[0]=ew_0_668651,WU07M,Historical,194.835,194.775,https://labbcat.canterbury.ac.nz/maonze/transcript?ag_id=1087#ew_0_668651,0.06,60,4.094344562,,
3132,ia,g_1091;em_12_100654;n_111694-n_111695;p_208;#=ew_69_247541;prefix=93780-;[0]=ew_0_670091,WU07M,Historical,70.898,70.838,https://labbcat.canterbury.ac.nz/maonze/transcript?ag_id=1091#ew_0_670091,0.06,60,4.094344562,,
3158,ia,g_116;em_12_8339;n_37897-n_37898;p_43;#=ew_69_211932;prefix=59024-;[0]=ew_0_1113736,MU02M,Historical,115.495,115.435,https://labbcat.canterbury.ac.nz/maonze/transcript?ag_id=116#ew_0_1113736,0.06,60,4.094344562,,
3160,ia,g_116;em_12_8371;n_37929-n_37930;p_43;#=ew_69_211988;prefix=59078-;[0]=ew_0_81098,MU02M,Historical,230.309,230.249,https://labbcat.canterbury.ac.nz/maonze/transcript?ag_id=116#ew_0_81098,0.06,60,4.094344562,,
3161,ia,g_116;em_12_8374;n_37932-n_37933;p_43;#=ew_69_211995;prefix=59085-;[0]=ew_0_81133,MU02M,Historical,242.199,242.139,https://labbcat.canterbury.ac.nz/maonze/transcript?ag_id=116#ew_0_81133,0.06,60,4.094344562,,
3165,ia,g_116;em_12_8404;n_37962-n_37963;p_43;#=ew_69_212078;prefix=59161-;[0]=ew_0_81406,MU02M,Historical,350.65,350.59,https://labbcat.canterbury.ac.nz/maonze/transcript?ag_id=116#ew_0_81406,0.06,60,4.094344562,,
3166,ia,g_116;em_12_8434;n_37992-n_37993;p_43;#=ew_69_212160;prefix=59236-;[0]=ew_0_81712,MU02M,Historical,469.073,469.013,https://labbcat.canterbury.ac.nz/maonze/transcript?ag_id=116#ew_0_81712,0.06,60,4.094344562,,
3167,ia,g_116;em_12_8440;n_37998-n_37999;p_43;#=ew_69_212180;prefix=59256-;[0]=ew_0_81773,MU02M,Historical,492.083,492.023,https://labbcat.canterbury.ac.nz/maonze/transcript?ag_id=116#ew_0_81773,0.06,60,4.094344562,,
3175,ia,g_117;em_12_8522;n_38079-n_38080;p_43;#=ew_69_211660;prefix=58770-;[0]=ew_0_82723,MU02M,Historical,239.345,239.285,https://labbcat.canterbury.ac.nz/maonze/transcript?ag_id=117#ew_0_82723,0.06,60,4.094344562,,
3181,ia,g_117;em_12_8558;n_38115-n_38116;p_43;#=ew_69_211790;prefix=58893-;[0]=ew_0_83163,MU02M,Historical,378.739,378.679,https://labbcat.canterbury.ac.nz/maonze/transcript?ag_id=117#ew_0_83163,0.06,60,4.094344562,,
3183,ia,g_117;em_12_8569;n_38126-n_38127;p_43;#=ew_69_211824;prefix=58926-;[0]=ew_0_83285,MU02M,Historical,424.463,424.403,https://labbcat.canterbury.ac.nz/maonze/transcript?ag_id=117#ew_0_83285,0.06,60,4.094344562,,
3220,ia,g_1206;em_12_109320;n_118116-n_118117;p_244;#=ew_69_244145;prefix=89996-;[0]=ew_0_727784,WU04M,Historical,75.787,75.727,https://labbcat.canterbury.ac.nz/maonze/transcript?ag_id=1206#ew_0_727784,0.06,60,4.094344562,,
3234,ia,g_1211;em_12_109737;n_20700-n_118484;p_244;#=ew_69_244912;prefix=90696-;[0]=ew_0_730407,WU04M,Historical,61.97,61.91,https://labbcat.canterbury.ac.nz/maonze/transcript?ag_id=1211#ew_0_730407,0.06,60,4.094344562,,
3241,ia,g_1213;em_12_109860;n_118571-n_118572;p_244;#=ew_69_245086;prefix=91036-;[0]=ew_0_731679,WU04M,Historical,197.093,197.033,https://labbcat.canterbury.ac.nz/maonze/transcript?ag_id=1213#ew_0_731679,0.06,60,4.094344562,,
3310,ia,g_1389;em_12_119079;n_124556-n_124557;p_262;#=ew_69_249106;prefix=94703-;[0]=ew_0_822958,WU08M,Historical,83.608,83.548,https://labbcat.canterbury.ac.nz/maonze/transcript?ag_id=1389#ew_0_822958,0.06,60,4.094344562,,
3337,ia,g_1396;em_12_151941;n_4743010-n_4743012;p_262;#=ew_69_250014;prefix=95675-;[0]=ew_0_1134965,WU08M,Historical,245.617,245.557,https://labbcat.canterbury.ac.nz/maonze/transcript?ag_id=1396#ew_0_1134965,0.06,60,4.094344562,,
3387,ia,g_1544;em_12_127208;n_25765-n_25766;p_291;#=ew_69_216573;prefix=63874-;[0]=ew_0_898555,MU09M,Historical,164.434,164.374,https://labbcat.canterbury.ac.nz/maonze/transcript?ag_id=1544#ew_0_898555,0.06,60,4.094344562,,
3472,ia,g_1641;em_12_133272;n_135482-n_135483;p_288;#=ew_69_196695;prefix=44992-;[0]=ew_0_943309,L2H03M,L2,258.975,258.915,https://labbcat.canterbury.ac.nz/maonze/transcript?ag_id=1641#ew_0_943309,0.06,60,4.094344562,,
3573,ia,g_1748;em_12_139747;n_140446-n_140447;p_318;#=ew_69_231172;prefix=77803-;[0]=ew_0_1002127,R008M,PresentElder,96.947,96.887,https://labbcat.canterbury.ac.nz/maonze/transcript?ag_id=1748#ew_0_1002127,0.06,60,4.094344562,,
3598,ia,g_1841;em_12_149024;n_3848031-n_3848044;p_49;#=ew_69_204221;prefix=52491-;[0]=ew_0_1101226,L2Y03M,L2,30.449,30.389,https://labbcat.canterbury.ac.nz/maonze/transcript?ag_id=1841#ew_0_1101226,0.06,60,4.094344562,,
3613,ia,g_1848;em_12_149452;n_3853806-n_3853812;p_49;#=ew_69_205420;prefix=53405-;[0]=ew_0_1106138,L2Y03M,L2,31.108,31.048,https://labbcat.canterbury.ac.nz/maonze/transcript?ag_id=1848#ew_0_1106138,0.06,60,4.094344562,,
3618,ia,g_1849;em_12_149540;n_3854895-n_3854906;p_49;#=ew_69_205292;prefix=53568-;[0]=ew_0_1107054,L2Y03M,L2,434.364,434.304,https://labbcat.canterbury.ac.nz/maonze/transcript?ag_id=1849#ew_0_1107054,0.06,60,4.094344562,,
3629,ia,g_1857;em_12_150739;n_4613276-n_4613286;p_97;#=ew_69_216001;prefix=63378-;[0]=ew_0_1126576,MU07M,Historical,156.144,156.084,https://labbcat.canterbury.ac.nz/maonze/transcript?ag_id=1857#ew_0_1126576,0.06,60,4.094344562,,
3630,ia,g_1857;em_12_150745;n_4613067-n_4613079;p_97;#=ew_69_215985;prefix=63358-;[0]=ew_0_1126914,MU07M,Historical,94.001,93.941,https://labbcat.canterbury.ac.nz/maonze/transcript?ag_id=1857#ew_0_1126914,0.06,60,4.094344562,,
3663,ia,g_1890;em_12_155510;n_5265809-n_5265831;p_334;#=ew_69_237530;prefix=84060-;[0]=ew_0_1175955,R011M,PresentElder,156.345,156.285,https://labbcat.canterbury.ac.nz/maonze/transcript?ag_id=1890#ew_0_1175955,0.06,60,4.094344562,,
3696,ia,g_1901;em_12_156295;n_5277810-n_5278634;p_333;#=ew_69_239062;prefix=85225-;[0]=ew_0_1185739,R012M,PresentElder,51.828,51.768,https://labbcat.canterbury.ac.nz/maonze/transcript?ag_id=1901#ew_0_1185739,0.06,60,4.094344562,,
3730,ia,g_1909;em_12_156871;n_5286026-n_5286043;p_333;#=ew_69_241198;prefix=86532-;[0]=ew_0_1191826,R012M,PresentElder,317.665,317.605,https://labbcat.canterbury.ac.nz/maonze/transcript?ag_id=1909#ew_0_1191826,0.06,60,4.094344562,,
3731,ia,g_1909;em_12_156871;n_5286026-n_5286043;p_333;#=ew_69_241204;prefix=86535-;[0]=ew_0_1192417,R012M,PresentElder,318.355,318.295,https://labbcat.canterbury.ac.nz/maonze/transcript?ag_id=1909#ew_0_1192417,0.06,60,4.094344562,,
3737,ia,g_1910;em_12_156914;n_5286341-n_5286363;p_333;#=ew_69_240431;prefix=86905-;[0]=ew_0_1193309,R012M,PresentElder,64.791,64.731,https://labbcat.canterbury.ac.nz/maonze/transcript?ag_id=1910#ew_0_1193309,0.06,60,4.094344562,,
3769,ia,g_1942;em_12_165519;n_6841953-n_6841973;p_41;#=ew_69_164849;prefix=14930-;[0]=ew_0_1295436,K007M,PresentElder,110.543,110.483,https://labbcat.canterbury.ac.nz/maonze/transcript?ag_id=1942#ew_0_1295436,0.06,60,4.094344562,,
3787,ia,g_1945;em_12_165850;n_6848403-n_6848412;p_28;#=ew_69_151249;prefix=01633-;[0]=ew_0_1297323,K001M,PresentElder,173.104,173.044,https://labbcat.canterbury.ac.nz/maonze/transcript?ag_id=1945#ew_0_1297323,0.06,60,4.094344562,,
3800,ia,g_20;em_12_1606;n_32225-n_32226;p_19;#=ew_69_153759;prefix=03611-;[0]=ew_0_13964,K002M,PresentElder,104.063,104.003,https://labbcat.canterbury.ac.nz/maonze/transcript?ag_id=20#ew_0_13964,0.06,60,4.094344562,,
3814,ia,g_21;em_12_1790;n_32408-n_32409;p_19;#=ew_69_153515;prefix=04042-;[0]=ew_0_15344,K002M,PresentElder,337.463,337.403,https://labbcat.canterbury.ac.nz/maonze/transcript?ag_id=21#ew_0_15344,0.06,60,4.094344562,,
3840,ia,g_25;em_12_2138;n_32747-n_32748;p_19;#=ew_69_154077;prefix=04917-;[0]=ew_0_18114,K002M,PresentElder,185.679,185.619,https://labbcat.canterbury.ac.nz/maonze/transcript?ag_id=25#ew_0_18114,0.06,60,4.094344562,,
3857,ia,g_306;em_12_160969;n_6000345-n_6000352;p_81;#=ew_69_186195;prefix=35386-;[0]=ew_0_1241136,L1Y03M,L1,119.782,119.722,https://labbcat.canterbury.ac.nz/maonze/transcript?ag_id=306#ew_0_1241136,0.06,60,4.094344562,,
3873,ia,g_311;em_12_170769;n_6984505-n_5549;p_81;#=ew_69_187150;prefix=36014-;[0]=ew_0_1334875,L1Y03M,L1,124.125,124.065,https://labbcat.canterbury.ac.nz/maonze/transcript?ag_id=311#ew_0_1334875,0.06,60,4.094344562,,
3877,ia,g_316;em_12_30754;n_55393-n_55394;p_89;#=ew_69_187543;prefix=36606-;[0]=ew_0_212292,L1Y04M,L1,244.238,244.178,https://labbcat.canterbury.ac.nz/maonze/transcript?ag_id=316#ew_0_212292,0.06,60,4.094344562,,
3895,ia,g_321;em_12_148593;n_3841216-n_3841239;p_89;#=ew_69_188112;prefix=37300-;[0]=ew_0_1096216,L1Y04M,L1,123.287,123.227,https://labbcat.canterbury.ac.nz/maonze/transcript?ag_id=321#ew_0_1096216,0.06,60,4.094344562,,
3904,ia,g_326;em_12_33000;n_57297-n_57299;p_89;#=ew_69_188639;prefix=38088-;[0]=ew_0_218767,L1Y04M,L1,91.139,91.079,https://labbcat.canterbury.ac.nz/maonze/transcript?ag_id=326#ew_0_218767,0.06,60,4.094344562,,
3953,ia,g_365;em_12_35251;n_59091-n_59092;p_92;#=ew_69_212809;prefix=59979-;[0]=ew_0_1117763,MU04M,Historical,92.886,92.826,https://labbcat.canterbury.ac.nz/maonze/transcript?ag_id=365#ew_0_1117763,0.06,60,4.094344562,,
3955,ia,g_365;em_12_35282;n_4458894-n_59123;p_92;#=ew_69_212845;prefix=60015-;[0]=ew_0_1118385,MU04M,Historical,140.674,140.614,https://labbcat.canterbury.ac.nz/maonze/transcript?ag_id=365#ew_0_1118385,0.06,60,4.094344562,,
3959,ia,g_366;em_12_35411;n_4458698-n_4458701;p_92;#=ew_69_212295;prefix=60138-;[0]=ew_0_1124014,MU04M,Historical,70.544,70.484,https://labbcat.canterbury.ac.nz/maonze/transcript?ag_id=366#ew_0_1124014,0.06,60,4.094344562,,
3964,ia,g_367;em_12_35657;n_59486-n_59489;p_92;#=ew_69_212542;prefix=60366-;[0]=ew_0_1118930,MU04M,Historical,243.341,243.281,https://labbcat.canterbury.ac.nz/maonze/transcript?ag_id=367#ew_0_1118930,0.06,60,4.094344562,,
3976,ia,g_370;em_12_36107;n_59932-n_59933;p_92;#=ew_69_214310;prefix=61102-;[0]=ew_0_239653,MU04M,Historical,428.351,428.291,https://labbcat.canterbury.ac.nz/maonze/transcript?ag_id=370#ew_0_239653,0.06,60,4.094344562,,
3978,ia,g_370;em_12_36113;n_59938-n_59939;p_92;#=ew_69_214345;prefix=61119-;[0]=ew_0_239702,MU04M,Historical,446.886,446.826,https://labbcat.canterbury.ac.nz/maonze/transcript?ag_id=370#ew_0_239702,0.06,60,4.094344562,,
3994,ia,g_376;em_12_37066;n_4462199-n_60873;p_94;#=ew_69_214290;prefix=61746-;[0]=ew_0_1234604,MU05M,Historical,100.178,100.118,https://labbcat.canterbury.ac.nz/maonze/transcript?ag_id=376#ew_0_1234604,0.06,60,4.094344562,,
3998,ia,g_378;em_12_37567;n_61371-n_61372;p_94;#=ew_69_214623;prefix=61994-;[0]=ew_0_1235053,MU05M,Historical,229.737,229.677,https://labbcat.canterbury.ac.nz/maonze/transcript?ag_id=378#ew_0_1235053,0.06,60,4.094344562,,
3999,ia,g_378;em_12_37585;n_61388-n_61390;p_94;#=ew_69_214635;prefix=62006-;[0]=ew_0_1235068,MU05M,Historical,256.529,256.469,https://labbcat.canterbury.ac.nz/maonze/transcript?ag_id=378#ew_0_1235068,0.06,60,4.094344562,,
4036,ia,g_445;em_12_45951;n_68452-n_68453;p_110;#=ew_69_155330;prefix=05470-;[0]=ew_0_286195,K003M,PresentElder,40.709,40.649,https://labbcat.canterbury.ac.nz/maonze/transcript?ag_id=445#ew_0_286195,0.06,60,4.094344562,,
4045,ia,g_446;em_12_169683;n_6944564-n_6944565;p_110;#=ew_69_155485;prefix=05769-;[0]=ew_0_1325954,K003M,PresentElder,83.403,83.343,https://labbcat.canterbury.ac.nz/maonze/transcript?ag_id=446#ew_0_1325954,0.06,60,4.094344562,,
4104,ia,g_453;em_12_46991;n_69361-n_69362;p_110;#=ew_69_157121;prefix=07521-;[0]=ew_0_294390,K003M,PresentElder,305.752,305.692,https://labbcat.canterbury.ac.nz/maonze/transcript?ag_id=453#ew_0_294390,0.06,60,4.094344562,,
4125,ia,g_466;em_12_48070;n_70101-n_70102;p_120;#=ew_69_165514;prefix=15966-;[0]=ew_0_300649,K008M,PresentElder,150.412,150.352,https://labbcat.canterbury.ac.nz/maonze/transcript?ag_id=466#ew_0_300649,0.06,60,4.094344562,,
4187,ia,g_488;em_12_50159;n_71882-n_71883;p_122;#=ew_69_169464;prefix=19426-;[0]=ew_0_313982,K010M,PresentElder,260.835,260.775,https://labbcat.canterbury.ac.nz/maonze/transcript?ag_id=488#ew_0_313982,0.06,60,4.094344562,,
4190,ia,g_490;em_12_50454;n_72089-n_72090;p_122;#=ew_69_170318;prefix=19636-;[0]=ew_0_315144,K010M,PresentElder,157.202,157.142,https://labbcat.canterbury.ac.nz/maonze/transcript?ag_id=490#ew_0_315144,0.06,60,4.094344562,,
4195,ia,g_490;em_12_50503;n_72122-n_72123;p_122;#=ew_69_170381;prefix=19695-;[0]=ew_0_315389,K010M,PresentElder,256.321,256.261,https://labbcat.canterbury.ac.nz/maonze/transcript?ag_id=490#ew_0_315389,0.06,60,4.094344562,,
4199,ia,g_492;em_12_50732;n_72313-n_8472;p_122;#=ew_69_169946;prefix=19899-;[0]=ew_0_316433,K010M,PresentElder,85.215,85.155,https://labbcat.canterbury.ac.nz/maonze/transcript?ag_id=492#ew_0_316433,0.06,60,4.094344562,,
4200,ia,g_492;em_12_50797;n_72360-n_72361;p_122;#=ew_69_170191;prefix=19978-;[0]=ew_0_316771,K010M,PresentElder,233.344,233.284,https://labbcat.canterbury.ac.nz/maonze/transcript?ag_id=492#ew_0_316771,0.06,60,4.094344562,,
4203,ia,g_494;em_12_51071;n_8596-n_8597;p_122;#=ew_69_169956;prefix=20204-;[0]=ew_0_317881,K010M,PresentElder,199.768,199.708,https://labbcat.canterbury.ac.nz/maonze/transcript?ag_id=494#ew_0_317881,0.06,60,4.094344562,,
4228,ia,g_52;em_12_3757;n_34090-n_34091;p_32;#=ew_69_158101;prefix=08186-;[0]=ew_0_34758,K004M,PresentElder,252.324,252.264,https://labbcat.canterbury.ac.nz/maonze/transcript?ag_id=52#ew_0_34758,0.06,60,4.094344562,,
4266,ia,g_59;em_12_162198;n_6219082-n_6219126;p_32;#=ew_69_159569;prefix=09638-;[0]=ew_0_1263227,K004M,PresentElder,295.301,295.241,https://labbcat.canterbury.ac.nz/maonze/transcript?ag_id=59#ew_0_1263227,0.06,60,4.094344562,,
4310,ia,g_605;em_12_64400;n_83992-n_83993;p_140;#=ew_69_190988;prefix=39926-;[0]=ew_0_386416,L1Y05M,L1,220.633,220.573,https://labbcat.canterbury.ac.nz/maonze/transcript?ag_id=605#ew_0_386416,0.06,60,4.094344562,,
4324,ia,g_610;em_12_64677;n_84245-n_84246;p_142;#=ew_69_182001;prefix=31004-;[0]=ew_0_388817,L1Y01M,L1,70.849,70.789,https://labbcat.canterbury.ac.nz/maonze/transcript?ag_id=610#ew_0_388817,0.06,60,4.094344562,,
4325,ia,g_611;em_12_64738;n_84305-n_84306;p_142;#=ew_69_181841;prefix=31178-;[0]=ew_0_389511,L1Y01M,L1,149.578,149.518,https://labbcat.canterbury.ac.nz/maonze/transcript?ag_id=611#ew_0_389511,0.06,60,4.094344562,,
4341,ia,g_618;em_12_65055;n_84613-n_84614;p_142;#=ew_69_182860;prefix=32009-;[0]=ew_0_1244673,L1Y01M,L1,148.85,148.79,https://labbcat.canterbury.ac.nz/maonze/transcript?ag_id=618#ew_0_1244673,0.06,60,4.094344562,,
4387,ia,g_635;em_12_66491;n_85893-n_85894;p_145;#=ew_69_200780;prefix=49088-;[0]=ew_0_404659,L2Y01M,L2,317.547,317.487,https://labbcat.canterbury.ac.nz/maonze/transcript?ag_id=635#ew_0_404659,0.06,60,4.094344562,,
4388,ia,g_635;em_12_66492;n_85894-n_10547;p_145;#=ew_69_200782;prefix=49090-;[0]=ew_0_404663,L2Y01M,L2,318.519,318.459,https://labbcat.canterbury.ac.nz/maonze/transcript?ag_id=635#ew_0_404663,0.06,60,4.094344562,,
4427,ia,g_664;em_12_70456;n_89251-n_4423196;p_148;#=ew_69_207294;prefix=55392-;[0]=ew_0_421353,L2Y05M,L2,175.65,175.59,https://labbcat.canterbury.ac.nz/maonze/transcript?ag_id=664#ew_0_421353,0.06,60,4.094344562,,
4430,ia,g_665;em_12_70486;n_89280-n_89281;p_148;#=ew_69_207670;prefix=55546-;[0]=ew_0_421871,L2Y05M,L2,152.909,152.849,https://labbcat.canterbury.ac.nz/maonze/transcript?ag_id=665#ew_0_421871,0.06,60,4.094344562,,
4431,ia,g_665;em_12_70490;n_89284-n_89285;p_148;#=ew_69_207734;prefix=55564-;[0]=ew_0_421942,L2Y05M,L2,189.225,189.165,https://labbcat.canterbury.ac.nz/maonze/transcript?ag_id=665#ew_0_421942,0.06,60,4.094344562,,
4479,ia,g_77;em_12_5366;n_35461-n_35462;p_37;#=ew_69_160673;prefix=10319-;[0]=ew_0_52460,K005M,PresentElder,73.399,73.339,https://labbcat.canterbury.ac.nz/maonze/transcript?ag_id=77#ew_0_52460,0.06,60,4.094344562,,
4514,ia,g_855;em_12_85875;n_100870-n_100871;p_167;#=ew_69_172053;prefix=21677-;[0]=ew_0_544387,L1H01M,L1,100.325,100.265,https://labbcat.canterbury.ac.nz/maonze/transcript?ag_id=855#ew_0_544387,0.06,60,4.094344562,,
4517,ia,g_855;em_12_85916;n_100909-n_100910;p_167;#=ew_69_172231;prefix=21771-;[0]=ew_0_544727,L1H01M,L1,235.797,235.737,https://labbcat.canterbury.ac.nz/maonze/transcript?ag_id=855#ew_0_544727,0.06,60,4.094344562,,
4518,ia,g_855;em_12_85916;n_100909-n_100910;p_167;#=ew_69_172234;prefix=21772-;[0]=ew_0_544730,L1H01M,L1,236.587,236.527,https://labbcat.canterbury.ac.nz/maonze/transcript?ag_id=855#ew_0_544730,0.06,60,4.094344562,,
4578,ia,g_868;em_12_86821;n_14849-n_101604;p_168;#=ew_69_174072;prefix=23756-;[0]=ew_0_551903,L1H02M,L1,43.406,43.346,https://labbcat.canterbury.ac.nz/maonze/transcript?ag_id=868#ew_0_551903,0.06,60,4.094344562,,
4620,ia,g_892;em_12_88373;n_102644-n_102645;p_174;#=ew_69_179568;prefix=28746-;[0]=ew_0_562308,L1H05M,L1,180.256,180.196,https://labbcat.canterbury.ac.nz/maonze/transcript?ag_id=892#ew_0_562308,0.06,60,4.094344562,,
4623,ia,g_893;em_12_159839;n_5774257-n_5774268;p_174;#=ew_69_179289;prefix=28455-;[0]=ew_0_1224641,L1H05M,L1,16.507,16.447,https://labbcat.canterbury.ac.nz/maonze/transcript?ag_id=893#ew_0_1224641,0.06,60,4.094344562,,
4631,ia,g_893;em_12_88419;n_102685-n_102686;p_174;#=ew_69_179584;prefix=28554-;[0]=ew_0_562849,L1H05M,L1,153.593,153.533,https://labbcat.canterbury.ac.nz/maonze/transcript?ag_id=893#ew_0_562849,0.06,60,4.094344562,,
4635,ia,g_894;em_12_88454;n_102714-n_102715;p_174;#=ew_69_179215;prefix=28329-;[0]=ew_0_563290,L1H05M,L1,83.714,83.654,https://labbcat.canterbury.ac.nz/maonze/transcript?ag_id=894#ew_0_563290,0.06,60,4.094344562,,
4637,ia,g_894;em_12_88456;n_102716-n_102717;p_174;#=ew_69_179249;prefix=28338-;[0]=ew_0_563312,L1H05M,L1,91.581,91.521,https://labbcat.canterbury.ac.nz/maonze/transcript?ag_id=894#ew_0_563312,0.06,60,4.094344562,,
4638,ia,g_895;em_12_88516;n_102765-n_102766;p_174;#=ew_69_178128;prefix=28217-;[0]=ew_0_564093,L1H05M,L1,167.554,167.494,https://labbcat.canterbury.ac.nz/maonze/transcript?ag_id=895#ew_0_564093,0.06,60,4.094344562,,
4639,ia,g_895;em_12_88517;n_102766-n_15365;p_174;#=ew_69_178132;prefix=28220-;[0]=ew_0_564099,L1H05M,L1,170.303,170.243,https://labbcat.canterbury.ac.nz/maonze/transcript?ag_id=895#ew_0_564099,0.06,60,4.094344562,,
4650,ia,g_898;em_12_88643;n_102878-n_102879;p_174;#=ew_69_178528;prefix=27605-;[0]=ew_0_565570,L1H05M,L1,19.175,19.115,https://labbcat.canterbury.ac.nz/maonze/transcript?ag_id=898#ew_0_565570,0.06,60,4.094344562,,
4666,ia,g_903;em_12_170145;n_6969738-n_5773349;p_174;#=ew_69_177913;prefix=27397-;[0]=ew_0_1331066,L1H05M,L1,144.476,144.416,https://labbcat.canterbury.ac.nz/maonze/transcript?ag_id=903#ew_0_1331066,0.06,60,4.094344562,,
4775,ia,g_949;em_12_91740;n_105402-n_105403;p_181;#=ew_69_220573;prefix=67627-;[0]=ew_0_590808,R002M,PresentElder,185.51,185.45,https://labbcat.canterbury.ac.nz/maonze/transcript?ag_id=949#ew_0_590808,0.06,60,4.094344562,,
4781,ia,g_950;em_12_163276;n_6521923-n_6521927;p_181;#=ew_69_220365;prefix=67800-;[0]=ew_0_1278286,R002M,PresentElder,126.718,126.658,https://labbcat.canterbury.ac.nz/maonze/transcript?ag_id=950#ew_0_1278286,0.06,60,4.094344562,,
4807,ia,g_962;em_12_92395;n_105931-n_105932;p_183;#=ew_69_222498;prefix=69461-;[0]=ew_0_597970,R003M,PresentElder,161.565,161.505,https://labbcat.canterbury.ac.nz/maonze/transcript?ag_id=962#ew_0_597970,0.06,60,4.094344562,,
4847,ia,g_973;em_12_93085;n_106429-n_6583032;p_184;#=ew_69_223797;prefix=70875-;[0]=ew_0_603726,R004M,PresentElder,123.566,123.506,https://labbcat.canterbury.ac.nz/maonze/transcript?ag_id=973#ew_0_603726,0.06,60,4.094344562,,
4854,ia,g_978;em_12_93518;n_106695-n_16428;p_184;#=ew_69_225121;prefix=71739-;[0]=ew_0_606701,R004M,PresentElder,153.562,153.502,https://labbcat.canterbury.ac.nz/maonze/transcript?ag_id=978#ew_0_606701,0.06,60,4.094344562,,
4855,ia,g_978;em_12_93525;n_106700-n_106701;p_184;#=ew_69_225141;prefix=71758-;[0]=ew_0_606747,R004M,PresentElder,169.258,169.198,https://labbcat.canterbury.ac.nz/maonze/transcript?ag_id=978#ew_0_606747,0.06,60,4.094344562,,
4876,ia,g_985;em_12_93857;n_106943-n_106944;p_182;#=ew_69_226236;prefix=72668-;[0]=ew_0_609870,R005M,PresentElder,154.74,154.68,https://labbcat.canterbury.ac.nz/maonze/transcript?ag_id=985#ew_0_609870,0.06,60,4.094344562,,
4955,oa,g_1015;em_12_95791;n_16905-n_16906;p_188;#=ew_69_230543;prefix=76972-;[0]=ew_0_627405,R007M,PresentElder,195.561,195.501,https://labbcat.canterbury.ac.nz/maonze/transcript?ag_id=1015#ew_0_627405,0.06,60,4.094344562,,
5035,oa,g_1036;em_12_96684;n_108972-n_108973;p_193;#=ew_69_235030;prefix=81190-;[0]=ew_0_639204,R010M,PresentElder,142.558,142.498,https://labbcat.canterbury.ac.nz/maonze/transcript?ag_id=1036#ew_0_639204,0.06,60,4.094344562,,
5036,oa,g_1036;em_12_96687;n_108975-n_108976;p_193;#=ew_69_235067;prefix=81201-;[0]=ew_0_639232,R010M,PresentElder,153.595,153.535,https://labbcat.canterbury.ac.nz/maonze/transcript?ag_id=1036#ew_0_639232,0.06,60,4.094344562,,
5051,oa,g_1041;em_12_97091;n_109229-n_109230;p_193;#=ew_69_236030;prefix=82135-;[0]=ew_0_642912,R010M,PresentElder,94.852,94.792,https://labbcat.canterbury.ac.nz/maonze/transcript?ag_id=1041#ew_0_642912,0.06,60,4.094344562,,
5162,oa,g_117;em_12_8520;n_38077-n_38078;p_43;#=ew_69_211653;prefix=58763-;[0]=ew_0_82691,MU02M,Historical,230.118,230.058,https://labbcat.canterbury.ac.nz/maonze/transcript?ag_id=117#ew_0_82691,0.06,60,4.094344562,,
5238,oa,g_133;em_12_9020;n_38498-n_38499;p_284;#=ew_69_209573;prefix=57139-;[0]=ew_0_87218,MU01M,Historical,246.605,246.545,https://labbcat.canterbury.ac.nz/maonze/transcript?ag_id=133#ew_0_87218,0.06,60,4.094344562,,
5298,oa,g_14;em_12_1097;n_31731-n_31732;p_19;#=ew_69_151737;prefix=03130-;[0]=ew_0_9472,K002M,PresentElder,92.407,92.347,https://labbcat.canterbury.ac.nz/maonze/transcript?ag_id=14#ew_0_9472,0.06,60,4.094344562,,
5299,oa,g_14;em_12_1097;n_31731-n_31732;p_19;#=ew_69_151739;prefix=03132-;[0]=ew_0_9475,K002M,PresentElder,92.917,92.857,https://labbcat.canterbury.ac.nz/maonze/transcript?ag_id=14#ew_0_9475,0.06,60,4.094344562,,
5311,oa,g_1517;em_12_125814;n_129893-n_129894;p_276;#=ew_69_242279;prefix=88072-;[0]=ew_0_883669,WU03M,Historical,252.267,252.207,https://labbcat.canterbury.ac.nz/maonze/transcript?ag_id=1517#ew_0_883669,0.06,60,4.094344562,,
5323,oa,g_1521;em_12_126040;n_130084-n_130085;p_284;#=ew_69_210694;prefix=58502-;[0]=ew_0_885910,MU01M,Historical,212.169,212.109,https://labbcat.canterbury.ac.nz/maonze/transcript?ag_id=1521#ew_0_885910,0.06,60,4.094344562,,
5463,oa,g_1655;em_12_134331;n_136282-n_27325;p_300;#=ew_69_194472;prefix=43379-;[0]=ew_0_950300,L2H02M,L2,209.573,209.513,https://labbcat.canterbury.ac.nz/maonze/transcript?ag_id=1655#ew_0_950300,0.06,60,4.094344562,,
5493,oa,g_1667;em_12_134889;n_136701-n_136702;p_302;#=ew_69_198056;prefix=46501-;[0]=ew_0_956008,L2H04M,L2,218.352,218.292,https://labbcat.canterbury.ac.nz/maonze/transcript?ag_id=1667#ew_0_956008,0.06,60,4.094344562,,
5519,oa,g_1686;em_12_135969;n_137472-n_137473;p_307;#=ew_69_199074;prefix=47364-;[0]=ew_0_965171,L2H05M,L2,96.398,96.338,https://labbcat.canterbury.ac.nz/maonze/transcript?ag_id=1686#ew_0_965171,0.06,60,4.094344562,,
5533,oa,g_17;em_12_1322;n_31948-n_31949;p_19;#=ew_69_151529;prefix=02403-;[0]=ew_0_11561,K002M,PresentElder,91.659,91.599,https://labbcat.canterbury.ac.nz/maonze/transcript?ag_id=17#ew_0_11561,0.06,60,4.094344562,,
5605,oa,g_1853;em_12_150396;n_4568828-n_4568845;p_148;#=ew_69_207913;prefix=55844-;[0]=ew_0_1124466,L2Y05M,L2,34.503,34.443,https://labbcat.canterbury.ac.nz/maonze/transcript?ag_id=1853#ew_0_1124466,0.06,60,4.094344562,,
5658,oa,g_1896;em_12_155933;n_5272435-n_5272453;p_334;#=ew_69_238624;prefix=84584-;[0]=ew_0_1181186,R011M,PresentElder,345.068,345.008,https://labbcat.canterbury.ac.nz/maonze/transcript?ag_id=1896#ew_0_1181186,0.06,60,4.094344562,,
5659,oa,g_1897;em_12_155968;n_5274040-n_5274070;p_333;#=ew_69_238512;prefix=84683-;[0]=ew_0_1182583,R012M,PresentElder,106.714,106.654,https://labbcat.canterbury.ac.nz/maonze/transcript?ag_id=1897#ew_0_1182583,0.06,60,4.094344562,,
5747,oa,g_1913;em_12_157133;n_5289971-n_5289986;p_333;#=ew_69_240255;prefix=87320-;[0]=ew_0_1195717,R012M,PresentElder,170.851,170.791,https://labbcat.canterbury.ac.nz/maonze/transcript?ag_id=1913#ew_0_1195717,0.06,60,4.094344562,,
5751,oa,g_1913;em_12_157158;n_5290016-n_5290021;p_333;#=ew_69_240258;prefix=87427-;[0]=ew_0_1195474,R012M,PresentElder,180.68,180.62,https://labbcat.canterbury.ac.nz/maonze/transcript?ag_id=1913#ew_0_1195474,0.06,60,4.094344562,,
5813,oa,g_25;em_12_2138;n_32747-n_32748;p_19;#=ew_69_154075;prefix=04916-;[0]=ew_0_18111,K002M,PresentElder,184.959,184.899,https://labbcat.canterbury.ac.nz/maonze/transcript?ag_id=25#ew_0_18111,0.06,60,4.094344562,,
5869,oa,g_319;em_12_31228;n_5657-n_5658;p_89;#=ew_69_187988;prefix=37034-;[0]=ew_0_213956,L1Y04M,L1,184.224,184.164,https://labbcat.canterbury.ac.nz/maonze/transcript?ag_id=319#ew_0_213956,0.06,60,4.094344562,,
5876,oa,g_321;em_12_148591;n_3841196-n_56164;p_89;#=ew_69_188100;prefix=37289-;[0]=ew_0_1095959,L1Y04M,L1,91.199,91.139,https://labbcat.canterbury.ac.nz/maonze/transcript?ag_id=321#ew_0_1095959,0.06,60,4.094344562,,
5885,oa,g_322;em_12_31865;n_56420-n_5710;p_89;#=ew_69_189112;prefix=37468-;[0]=ew_0_215890,L1Y04M,L1,124.376,124.316,https://labbcat.canterbury.ac.nz/maonze/transcript?ag_id=322#ew_0_215890,0.06,60,4.094344562,,
5966,oa,g_370;em_12_36064;n_59889-n_59890;p_92;#=ew_69_214152;prefix=61019-;[0]=ew_0_239392,MU04M,Historical,301.907,301.847,https://labbcat.canterbury.ac.nz/maonze/transcript?ag_id=370#ew_0_239392,0.06,60,4.094344562,,
5968,oa,g_370;em_12_36108;n_59933-n_59934;p_92;#=ew_69_214318;prefix=61106-;[0]=ew_0_239663,MU04M,Historical,432.852,432.792,https://labbcat.canterbury.ac.nz/maonze/transcript?ag_id=370#ew_0_239663,0.06,60,4.094344562,,
5998,oa,g_377;em_12_37371;n_61175-n_61177;p_94;#=ew_69_214189;prefix=61890-;[0]=ew_0_1120319,MU05M,Historical,186.79,186.73,https://labbcat.canterbury.ac.nz/maonze/transcript?ag_id=377#ew_0_1120319,0.06,60,4.094344562,,
6047,oa,g_451;em_12_46750;n_69200-n_7640;p_110;#=ew_69_156674;prefix=07197-;[0]=ew_0_292565,K003M,PresentElder,375.769,375.709,https://labbcat.canterbury.ac.nz/maonze/transcript?ag_id=451#ew_0_292565,0.06,60,4.094344562,,
6062,oa,g_467;em_12_48261;n_70266-n_70260;p_120;#=ew_69_166092;prefix=16152-;[0]=ew_0_1236464,K008M,PresentElder,241.769,241.709,https://labbcat.canterbury.ac.nz/maonze/transcript?ag_id=467#ew_0_1236464,0.06,60,4.094344562,,
6087,oa,g_479;em_12_49237;n_71149-n_71150;p_121;#=ew_69_167935;prefix=17922-;[0]=ew_0_307951,K009M,PresentElder,28.373,28.313,https://labbcat.canterbury.ac.nz/maonze/transcript?ag_id=479#ew_0_307951,0.06,60,4.094344562,,
6089,oa,g_479;em_12_49286;n_71188-n_71189;p_121;#=ew_69_168096;prefix=18076-;[0]=ew_0_308508,K009M,PresentElder,265.418,265.358,https://labbcat.canterbury.ac.nz/maonze/transcript?ag_id=479#ew_0_308508,0.06,60,4.094344562,,
6109,oa,g_491;em_12_50606;n_72210-n_72211;p_122;#=ew_69_169714;prefix=19781-;[0]=ew_0_315843,K010M,PresentElder,149.373,149.313,https://labbcat.canterbury.ac.nz/maonze/transcript?ag_id=491#ew_0_315843,0.06,60,4.094344562,,
6141,oa,g_51;em_12_3721;n_34055-n_28958;p_32;#=ew_69_157513;prefix=07982-;[0]=ew_0_34061,K004M,PresentElder,256.314,256.254,https://labbcat.canterbury.ac.nz/maonze/transcript?ag_id=51#ew_0_34061,0.06,60,4.094344562,,
6263,oa,g_632;em_12_66130;n_85586-n_85587;p_143;#=ew_69_203333;prefix=51550-;[0]=ew_0_401798,L2Y02M,L2,152.229,152.169,https://labbcat.canterbury.ac.nz/maonze/transcript?ag_id=632#ew_0_401798,0.06,60,4.094344562,,
6392,oa,g_859;em_12_86213;n_14679-n_14680;p_167;#=ew_69_172561;prefix=22367-;[0]=ew_0_546899,L1H01M,L1,119.675,119.615,https://labbcat.canterbury.ac.nz/maonze/transcript?ag_id=859#ew_0_546899,0.06,60,4.094344562,,
6397,oa,g_861;em_12_86284;n_101227-n_14707;p_168;#=ew_69_173240;prefix=22580-;[0]=ew_0_547440,L1H02M,L1,123.883,123.823,https://labbcat.canterbury.ac.nz/maonze/transcript?ag_id=861#ew_0_547440,0.06,60,4.094344562,,
6684,ua,g_100;em_12_162729;n_6281923-n_6281928;p_41;#=ew_69_162671;prefix=13471-;[0]=ew_0_1269784,K007M,PresentElder,85.678,85.618,https://labbcat.canterbury.ac.nz/maonze/transcript?ag_id=100#ew_0_1269784,0.06,60,4.094344562,,
6686,ua,g_100;em_12_162743;n_6281918-n_6281923;p_41;#=ew_69_162665;prefix=13468-;[0]=ew_0_1272700,K007M,PresentElder,81.818,81.758,https://labbcat.canterbury.ac.nz/maonze/transcript?ag_id=100#ew_0_1272700,0.06,60,4.094344562,,
6687,ua,g_100;em_12_162743;n_6281918-n_6281923;p_41;#=ew_69_162668;prefix=13469-;[0]=ew_0_1268307,K007M,PresentElder,82.408,82.348,https://labbcat.canterbury.ac.nz/maonze/transcript?ag_id=100#ew_0_1268307,0.06,60,4.094344562,,
6692,ua,g_100;em_12_162762;n_6281955-n_6281959;p_41;#=ew_69_162740;prefix=13395-;[0]=ew_0_1268550,K007M,PresentElder,127.767,127.707,https://labbcat.canterbury.ac.nz/maonze/transcript?ag_id=100#ew_0_1268550,0.06,60,4.094344562,,
6699,ua,g_1007;em_12_95265;n_108225-n_108226;p_284;#=ew_69_210513;prefix=58182-;[0]=ew_0_623744,MU01M,Historical,134.016,133.956,https://labbcat.canterbury.ac.nz/maonze/transcript?ag_id=1007#ew_0_623744,0.06,60,4.094344562,,
6741,ua,g_1012;em_12_95554;n_108381-n_16775;p_188;#=ew_69_229999;prefix=76646-;[0]=ew_0_625833,R007M,PresentElder,96.126,96.066,https://labbcat.canterbury.ac.nz/maonze/transcript?ag_id=1012#ew_0_625833,0.06,60,4.094344562,,
6746,ua,g_1013;em_12_95670;n_16813-n_16814;p_188;#=ew_69_230045;prefix=76837-;[0]=ew_0_626685,R007M,PresentElder,250.453,250.393,https://labbcat.canterbury.ac.nz/maonze/transcript?ag_id=1013#ew_0_626685,0.06,60,4.094344562,,
6748,ua,g_1014;em_12_95707;n_108471-n_16838;p_188;#=ew_69_229659;prefix=76865-;[0]=ew_0_626868,R007M,PresentElder,105.913,105.853,https://labbcat.canterbury.ac.nz/maonze/transcript?ag_id=1014#ew_0_626868,0.06,60,4.094344562,,
6772,ua,g_1019;em_12_95985;n_17086-n_17087;p_188;#=ew_69_230338;prefix=77299-;[0]=ew_0_628935,R007M,PresentElder,109.649,109.589,https://labbcat.canterbury.ac.nz/maonze/transcript?ag_id=1019#ew_0_628935,0.06,60,4.094344562,,
6864,ua,g_1033;em_12_96566;n_108878-n_108879;p_190;#=ew_69_233747;prefix=80570-;[0]=ew_0_637317,R009M,PresentElder,174.38,174.32,https://labbcat.canterbury.ac.nz/maonze/transcript?ag_id=1033#ew_0_637317,0.06,60,4.094344562,,
6868,ua,g_1033;em_12_96572;n_108884-n_108885;p_190;#=ew_69_233810;prefix=80615-;[0]=ew_0_637444,R009M,PresentElder,223.713,223.653,https://labbcat.canterbury.ac.nz/maonze/transcript?ag_id=1033#ew_0_637444,0.06,60,4.094344562,,
6875,ua,g_1034;em_12_96591;n_108900-n_17284;p_190;#=ew_69_234117;prefix=80696-;[0]=ew_0_637703,R009M,PresentElder,90.291,90.231,https://labbcat.canterbury.ac.nz/maonze/transcript?ag_id=1034#ew_0_637703,0.06,60,4.094344562,,
6889,ua,g_1036;em_12_96662;n_108956-n_108957;p_193;#=ew_69_234888;prefix=81125-;[0]=ew_0_638950,R010M,PresentElder,41,40.94,https://labbcat.canterbury.ac.nz/maonze/transcript?ag_id=1036#ew_0_638950,0.06,60,4.094344562,,
6898,ua,g_1037;em_12_96733;n_109008-n_109009;p_193;#=ew_69_235055;prefix=81340-;[0]=ew_0_639764,R010M,PresentElder,72.661,72.601,https://labbcat.canterbury.ac.nz/maonze/transcript?ag_id=1037#ew_0_639764,0.06,60,4.094344562,,
6900,ua,g_1037;em_12_96750;n_109019-n_17322;p_193;#=ew_69_235193;prefix=81385-;[0]=ew_0_639933,R010M,PresentElder,140.345,140.285,https://labbcat.canterbury.ac.nz/maonze/transcript?ag_id=1037#ew_0_639933,0.06,60,4.094344562,,
6901,ua,g_1037;em_12_96760;n_17325-n_17326;p_193;#=ew_69_235308;prefix=81418-;[0]=ew_0_640060,R010M,PresentElder,189.454,189.394,https://labbcat.canterbury.ac.nz/maonze/transcript?ag_id=1037#ew_0_640060,0.06,60,4.094344562,,
6904,ua,g_1037;em_12_96786;n_109039-n_109040;p_193;#=ew_69_235546;prefix=81488-;[0]=ew_0_640308,R010M,PresentElder,268.65,268.59,https://labbcat.canterbury.ac.nz/maonze/transcript?ag_id=1037#ew_0_640308,0.06,60,4.094344562,,
6912,ua,g_1038;em_12_96840;n_109076-n_109077;p_193;#=ew_69_235276;prefix=81604-;[0]=ew_0_640746,R010M,PresentElder,147.537599,147.477599,https://labbcat.canterbury.ac.nz/maonze/transcript?ag_id=1038#ew_0_640746,0.06,60,4.094344562,,
6921,ua,g_1039;em_12_96952;n_109148-n_109149;p_193;#=ew_69_235653;prefix=81886-;[0]=ew_0_641698,R010M,PresentElder,191.02,190.96,https://labbcat.canterbury.ac.nz/maonze/transcript?ag_id=1039#ew_0_641698,0.06,60,4.094344562,,
6927,ua,g_104;em_12_7213;n_37054-n_37055;p_41;#=ew_69_164493;prefix=14266-;[0]=ew_0_1270806,K007M,PresentElder,154.772,154.712,https://labbcat.canterbury.ac.nz/maonze/transcript?ag_id=104#ew_0_1270806,0.06,60,4.094344562,,
6933,ua,g_1040;em_12_97036;n_109200-n_109201;p_193;#=ew_69_234798;prefix=82009-;[0]=ew_0_642427,R010M,PresentElder,184.799,184.739,https://labbcat.canterbury.ac.nz/maonze/transcript?ag_id=1040#ew_0_642427,0.06,60,4.094344562,,
6936,ua,g_1040;em_12_97044;n_17416-n_109205;p_193;#=ew_69_234821;prefix=82032-;[0]=ew_0_642507,R010M,PresentElder,214.724,214.664,https://labbcat.canterbury.ac.nz/maonze/transcript?ag_id=1040#ew_0_642507,0.06,60,4.094344562,,
6949,ua,g_1043;em_12_97355;n_109300-n_109301;p_193;#=ew_69_235768;prefix=82365-;[0]=ew_0_644714,R010M,PresentElder,142.029,141.969,https://labbcat.canterbury.ac.nz/maonze/transcript?ag_id=1043#ew_0_644714,0.06,60,4.094344562,,
6955,ua,g_1044;em_12_163802;n_6793430-n_7053680;p_193;#=ew_69_236108;prefix=82482-;[0]=ew_0_1283661,R010M,PresentElder,100.346,100.286,https://labbcat.canterbury.ac.nz/maonze/transcript?ag_id=1044#ew_0_1283661,0.06,60,4.094344562,,
6959,ua,g_1044;em_12_171473;n_7053683-n_7053684;p_193;#=ew_69_236127;prefix=82494-;[0]=ew_0_1344904,R010M,PresentElder,118.548,118.488,https://labbcat.canterbury.ac.nz/maonze/transcript?ag_id=1044#ew_0_1344904,0.06,60,4.094344562,,
6980,ua,g_1047;em_12_97507;n_109439-n_109435;p_193;#=ew_69_236469;prefix=82839-;[0]=ew_0_646706,R010M,PresentElder,56.289,56.229,https://labbcat.canterbury.ac.nz/maonze/transcript?ag_id=1047#ew_0_646706,0.06,60,4.094344562,,
7010,ua,g_107;em_12_163089;n_6288564-n_6288658;p_41;#=ew_69_164506;prefix=14693-;[0]=ew_0_1271886,K007M,PresentElder,243.004,242.944,https://labbcat.canterbury.ac.nz/maonze/transcript?ag_id=107#ew_0_1271886,0.06,60,4.094344562,,
7013,ua,g_107;em_12_163112;n_6288630-n_6288634;p_41;#=ew_69_164287;prefix=14727-;[0]=ew_0_1274170,K007M,PresentElder,183.256,183.196,https://labbcat.canterbury.ac.nz/maonze/transcript?ag_id=107#ew_0_1274170,0.06,60,4.094344562,,
7014,ua,g_107;em_12_163114;n_6288637-n_6288639;p_41;#=ew_69_164350;prefix=14742-;[0]=ew_0_1273885,K007M,PresentElder,195.407,195.347,https://labbcat.canterbury.ac.nz/maonze/transcript?ag_id=107#ew_0_1273885,0.06,60,4.094344562,,
7081,ua,g_1077;em_12_99889;n_111081-n_29975;p_208;#=ew_69_246430;prefix=92090-;[0]=ew_0_663269,WU07M,Historical,185.191,185.131,https://labbcat.canterbury.ac.nz/maonze/transcript?ag_id=1077#ew_0_663269,0.06,60,4.094344562,,
7082,ua,g_1077;em_12_99889;n_111081-n_29975;p_208;#=ew_69_246431;prefix=92091-;[0]=ew_0_663271,WU07M,Historical,185.831,185.771,https://labbcat.canterbury.ac.nz/maonze/transcript?ag_id=1077#ew_0_663271,0.06,60,4.094344562,,
7110,ua,g_1081;em_12_100096;n_111238-n_111239;p_208;#=ew_69_247078;prefix=92490-;[0]=ew_0_664974,WU07M,Historical,154.404,154.344,https://labbcat.canterbury.ac.nz/maonze/transcript?ag_id=1081#ew_0_664974,0.06,60,4.094344562,,
7126,ua,g_1082;em_12_100174;n_111306-n_111307;p_208;#=ew_69_247321;prefix=92738-;[0]=ew_0_665814,WU07M,Historical,220.299,220.239,https://labbcat.canterbury.ac.nz/maonze/transcript?ag_id=1082#ew_0_665814,0.06,60,4.094344562,,
7127,ua,g_1082;em_12_100175;n_111307-n_111308;p_208;#=ew_69_247325;prefix=92740-;[0]=ew_0_665823,WU07M,Historical,224.178,224.118,https://labbcat.canterbury.ac.nz/maonze/transcript?ag_id=1082#ew_0_665823,0.06,60,4.094344562,,
7130,ua,g_1082;em_12_151846;n_4699045-n_4699046;p_208;#=ew_69_247125;prefix=92684-;[0]=ew_0_1134030,WU07M,Historical,126.072,126.012,https://labbcat.canterbury.ac.nz/maonze/transcript?ag_id=1082#ew_0_1134030,0.06,60,4.094344562,,
7135,ua,g_1083;em_12_100206;n_111332-n_111333;p_208;#=ew_69_246977;prefix=92801-;[0]=ew_0_666064,WU07M,Historical,69.101,69.041,https://labbcat.canterbury.ac.nz/maonze/transcript?ag_id=1083#ew_0_666064,0.06,60,4.094344562,,
7138,ua,g_1083;em_12_100231;n_111351-n_111352;p_208;#=ew_69_247181;prefix=92864-;[0]=ew_0_666296,WU07M,Historical,166.288,166.228,https://labbcat.canterbury.ac.nz/maonze/transcript?ag_id=1083#ew_0_666296,0.06,60,4.094344562,,
7160,ua,g_1087;em_12_100450;n_111549-n_111550;p_208;#=ew_69_247709;prefix=93336-;[0]=ew_0_668283,WU07M,Historical,66.93,66.87,https://labbcat.canterbury.ac.nz/maonze/transcript?ag_id=1087#ew_0_668283,0.06,60,4.094344562,,
7163,ua,g_1087;em_12_100481;n_18436-n_111575;p_208;#=ew_69_247890;prefix=93418-;[0]=ew_0_668634,WU07M,Historical,188.114,188.054,https://labbcat.canterbury.ac.nz/maonze/transcript?ag_id=1087#ew_0_668634,0.06,60,4.094344562,,
7187,ua,g_109;em_12_7492;n_37287-n_793;p_41;#=ew_69_165158;prefix=15180-;[0]=ew_0_75263,K007M,PresentElder,64.997,64.937,https://labbcat.canterbury.ac.nz/maonze/transcript?ag_id=109#ew_0_75263,0.06,60,4.094344562,,
7225,ua,g_115;em_12_8293;n_37852-n_37853;p_43;#=ew_69_211292;prefix=59466-;[0]=ew_0_80340,MU02M,Historical,302.714,302.654,https://labbcat.canterbury.ac.nz/maonze/transcript?ag_id=115#ew_0_80340,0.06,60,4.094344562,,
7226,ua,g_115;em_12_8293;n_37852-n_37853;p_43;#=ew_69_211295;prefix=59467-;[0]=ew_0_80341,MU02M,Historical,303.094,303.034,https://labbcat.canterbury.ac.nz/maonze/transcript?ag_id=115#ew_0_80341,0.06,60,4.094344562,,
7260,ua,g_117;em_12_8499;n_38056-n_38057;p_43;#=ew_69_211581;prefix=58698-;[0]=ew_0_1113639,MU02M,Historical,145.144,145.084,https://labbcat.canterbury.ac.nz/maonze/transcript?ag_id=117#ew_0_1113639,0.06,60,4.094344562,,
7267,ua,g_117;em_12_8523;n_38080-n_38081;p_43;#=ew_69_211661;prefix=58771-;[0]=ew_0_82726,MU02M,Historical,243.452,243.392,https://labbcat.canterbury.ac.nz/maonze/transcript?ag_id=117#ew_0_82726,0.06,60,4.094344562,,
7269,ua,g_117;em_12_8530;n_38087-n_38088;p_43;#=ew_69_211690;prefix=58798-;[0]=ew_0_1113787,MU02M,Historical,274.91,274.85,https://labbcat.canterbury.ac.nz/maonze/transcript?ag_id=117#ew_0_1113787,0.06,60,4.094344562,,
7270,ua,g_117;em_12_8531;n_38088-n_38089;p_43;#=ew_69_211695;prefix=58803-;[0]=ew_0_1113794,MU02M,Historical,279.223,279.163,https://labbcat.canterbury.ac.nz/maonze/transcript?ag_id=117#ew_0_1113794,0.06,60,4.094344562,,
7271,ua,g_117;em_12_8534;n_38091-n_38092;p_43;#=ew_69_211707;prefix=58814-;[0]=ew_0_82892,MU02M,Historical,292.334,292.274,https://labbcat.canterbury.ac.nz/maonze/transcript?ag_id=117#ew_0_82892,0.06,60,4.094344562,,
7272,ua,g_117;em_12_8534;n_38091-n_38092;p_43;#=ew_69_211710;prefix=58817-;[0]=ew_0_82903,MU02M,Historical,294.464,294.404,https://labbcat.canterbury.ac.nz/maonze/transcript?ag_id=117#ew_0_82903,0.06,60,4.094344562,,
7282,ua,g_1199;em_12_108548;n_117355-n_117356;p_244;#=ew_69_243355;prefix=88927-;[0]=ew_0_723813,WU04M,Historical,140.668,140.608,https://labbcat.canterbury.ac.nz/maonze/transcript?ag_id=1199#ew_0_723813,0.06,60,4.094344562,,
7312,ua,g_1209;em_12_109631;n_118416-n_118417;p_244;#=ew_69_243878;prefix=90491-;[0]=ew_0_729591,WU04M,Historical,112.631,112.571,https://labbcat.canterbury.ac.nz/maonze/transcript?ag_id=1209#ew_0_729591,0.06,60,4.094344562,,
7313,ua,g_1209;em_12_109634;n_118419-n_118420;p_244;#=ew_69_243906;prefix=90502-;[0]=ew_0_729625,WU04M,Historical,123.142,123.082,https://labbcat.canterbury.ac.nz/maonze/transcript?ag_id=1209#ew_0_729625,0.06,60,4.094344562,,
7327,ua,g_1229;em_12_160159;n_5826635-n_5826661;p_249;#=ew_69_179836;prefix=29343-;[0]=ew_0_1229045,L1H06M,L1,123.563,123.503,https://labbcat.canterbury.ac.nz/maonze/transcript?ag_id=1229#ew_0_1229045,0.06,60,4.094344562,,
7365,ua,g_1238;em_12_111363;n_5825415-n_21602;p_249;#=ew_69_180548;prefix=30184-;[0]=ew_0_744250,L1H06M,L1,159.621,159.561,https://labbcat.canterbury.ac.nz/maonze/transcript?ag_id=1238#ew_0_744250,0.06,60,4.094344562,,
7366,ua,g_1238;em_12_111370;n_119206-n_21608;p_249;#=ew_69_180556;prefix=30192-;[0]=ew_0_1228858,L1H06M,L1,176.056,175.996,https://labbcat.canterbury.ac.nz/maonze/transcript?ag_id=1238#ew_0_1228858,0.06,60,4.094344562,,
7387,ua,g_1242;em_12_111647;n_21861-n_21862;p_249;#=ew_69_181359;prefix=30643-;[0]=ew_0_746632,L1H06M,L1,154.605,154.545,https://labbcat.canterbury.ac.nz/maonze/transcript?ag_id=1242#ew_0_746632,0.06,60,4.094344562,,
7409,ua,g_130;em_12_8824;n_38305-n_38306;p_284;#=ew_69_209548;prefix=58010-;[0]=ew_0_85212,MU01M,Historical,37.7,37.64,https://labbcat.canterbury.ac.nz/maonze/transcript?ag_id=130#ew_0_85212,0.06,60,4.094344562,,
7419,ua,g_132;em_12_8934;n_38413-n_38414;p_284;#=ew_69_209155;prefix=56922-;[0]=ew_0_86338,MU01M,Historical,79.877,79.817,https://labbcat.canterbury.ac.nz/maonze/transcript?ag_id=132#ew_0_86338,0.06,60,4.094344562,,
7438,ua,g_134;em_12_9156;n_38633-n_38634;p_284;#=ew_69_209743;prefix=57466-;[0]=ew_0_88505,MU01M,Historical,415.321,415.261,https://labbcat.canterbury.ac.nz/maonze/transcript?ag_id=134#ew_0_88505,0.06,60,4.094344562,,
7510,ua,g_1388;em_12_119051;n_4711655-n_4711658;p_262;#=ew_69_248143;prefix=94603-;[0]=ew_0_822585,WU08M,Historical,113.699,113.639,https://labbcat.canterbury.ac.nz/maonze/transcript?ag_id=1388#ew_0_822585,0.06,60,4.094344562,,
7529,ua,g_1391;em_12_151905;n_4711910-n_4711913;p_262;#=ew_69_249022;prefix=95001-;[0]=ew_0_1134756,WU08M,Historical,81.135,81.075,https://labbcat.canterbury.ac.nz/maonze/transcript?ag_id=1391#ew_0_1134756,0.06,60,4.094344562,,
7540,ua,g_1394;em_12_119254;n_124717-n_124718;p_262;#=ew_69_249738;prefix=95410-;[0]=ew_0_825653,WU08M,Historical,154.761,154.701,https://labbcat.canterbury.ac.nz/maonze/transcript?ag_id=1394#ew_0_825653,0.06,60,4.094344562,,
7541,ua,g_1394;em_12_119255;n_124718-n_124719;p_262;#=ew_69_249744;prefix=95416-;[0]=ew_0_825666,WU08M,Historical,158.322,158.262,https://labbcat.canterbury.ac.nz/maonze/transcript?ag_id=1394#ew_0_825666,0.06,60,4.094344562,,
7556,ua,g_14;em_12_1109;n_31743-n_31744;p_19;#=ew_69_151773;prefix=03159-;[0]=ew_0_9556,K002M,PresentElder,142.59,142.53,https://labbcat.canterbury.ac.nz/maonze/transcript?ag_id=14#ew_0_9556,0.06,60,4.094344562,,
7583,ua,g_1514;em_12_125628;n_129750-n_129751;p_276;#=ew_69_241910;prefix=88210-;[0]=ew_0_881955,WU03M,Historical,43.854,43.794,https://labbcat.canterbury.ac.nz/maonze/transcript?ag_id=1514#ew_0_881955,0.06,60,4.094344562,,
7622,ua,g_1523;em_12_126105;n_130141-n_130142;p_287;#=ew_69_228250;prefix=75158-;[0]=ew_0_886764,R006M,PresentElder,43.542,43.482,https://labbcat.canterbury.ac.nz/maonze/transcript?ag_id=1523#ew_0_886764,0.06,60,4.094344562,,
7682,ua,g_1533;em_12_126575;n_130484-n_7026212;p_200;#=ew_69_216089;prefix=63534-;[0]=ew_0_892556,MU08M,Historical,188.742,188.682,https://labbcat.canterbury.ac.nz/maonze/transcript?ag_id=1533#ew_0_892556,0.06,60,4.094344562,,
7691,ua,g_1536;em_12_126777;n_130549-n_130550;p_200;#=ew_69_216308;prefix=63630-;[0]=ew_0_894517,MU08M,Historical,193.091,193.031,https://labbcat.canterbury.ac.nz/maonze/transcript?ag_id=1536#ew_0_894517,0.06,60,4.094344562,,
7697,ua,g_1542;em_12_127078;n_130719-n_130720;p_291;#=ew_69_216474;prefix=63779-;[0]=ew_0_897228,MU09M,Historical,182.696,182.636,https://labbcat.canterbury.ac.nz/maonze/transcript?ag_id=1542#ew_0_897228,0.06,60,4.094344562,,
7705,ua,g_1544;em_12_127184;n_130752-n_25752;p_291;#=ew_69_216561;prefix=63863-;[0]=ew_0_898304,MU09M,Historical,70.052,69.992,https://labbcat.canterbury.ac.nz/maonze/transcript?ag_id=1544#ew_0_898304,0.06,60,4.094344562,,
7706,ua,g_1544;em_12_127208;n_25765-n_25766;p_291;#=ew_69_216577;prefix=63878-;[0]=ew_0_898562,MU09M,Historical,166.454,166.394,https://labbcat.canterbury.ac.nz/maonze/transcript?ag_id=1544#ew_0_898562,0.06,60,4.094344562,,
7711,ua,g_1547;em_12_127344;n_25799-n_25800;p_291;#=ew_69_216812;prefix=64046-;[0]=ew_0_899762,MU09M,Historical,197.391,197.331,https://labbcat.canterbury.ac.nz/maonze/transcript?ag_id=1547#ew_0_899762,0.06,60,4.094344562,,
7724,ua,g_16;em_12_1301;n_31928-n_31929;p_19;#=ew_69_152376;prefix=02373-;[0]=ew_0_11386,K002M,PresentElder,370.703,370.643,https://labbcat.canterbury.ac.nz/maonze/transcript?ag_id=16#ew_0_11386,0.06,60,4.094344562,,
7738,ua,g_1619;em_12_131839;n_134311-n_26804;p_299;#=ew_69_191949;prefix=40731-;[0]=ew_0_933702,L2H01M,L2,33.118,33.058,https://labbcat.canterbury.ac.nz/maonze/transcript?ag_id=1619#ew_0_933702,0.06,60,4.094344562,,
7804,ua,g_1633;em_12_132686;n_134937-n_134938;p_288;#=ew_69_195367;prefix=43859-;[0]=ew_0_939536,L2H03M,L2,95.223,95.163,https://labbcat.canterbury.ac.nz/maonze/transcript?ag_id=1633#ew_0_939536,0.06,60,4.094344562,,
7893,ua,g_1648;em_12_133678;n_135834-n_27120;p_300;#=ew_69_193610;prefix=42391-;[0]=ew_0_946386,L2H02M,L2,132.516,132.456,https://labbcat.canterbury.ac.nz/maonze/transcript?ag_id=1648#ew_0_946386,0.06,60,4.094344562,,
7930,ua,g_1653;em_12_134157;n_136170-n_136171;p_300;#=ew_69_194890;prefix=43123-;[0]=ew_0_949165,L2H02M,L2,158.199,158.139,https://labbcat.canterbury.ac.nz/maonze/transcript?ag_id=1653#ew_0_949165,0.06,60,4.094344562,,
7931,ua,g_1653;em_12_134158;n_136171-n_136172;p_300;#=ew_69_194897;prefix=43126-;[0]=ew_0_949172,L2H02M,L2,161.279,161.219,https://labbcat.canterbury.ac.nz/maonze/transcript?ag_id=1653#ew_0_949172,0.06,60,4.094344562,,
7999,ua,g_1667;em_12_134852;n_136672-n_136673;p_302;#=ew_69_197976;prefix=46427-;[0]=ew_0_955657,L2H04M,L2,45.987,45.927,https://labbcat.canterbury.ac.nz/maonze/transcript?ag_id=1667#ew_0_955657,0.06,60,4.094344562,,
8009,ua,g_1668;em_12_134917;n_136728-n_136729;p_302;#=ew_69_198333;prefix=46588-;[0]=ew_0_956351,L2H04M,L2,140.596,140.536,https://labbcat.canterbury.ac.nz/maonze/transcript?ag_id=1668#ew_0_956351,0.06,60,4.094344562,,
8011,ua,g_1668;em_12_134920;n_136731-n_136732;p_302;#=ew_69_198345;prefix=46599-;[0]=ew_0_956378,L2H04M,L2,150.205,150.145,https://labbcat.canterbury.ac.nz/maonze/transcript?ag_id=1668#ew_0_956378,0.06,60,4.094344562,,
8015,ua,g_1668;em_12_134931;n_136742-n_7001114;p_302;#=ew_69_198404;prefix=46641-;[0]=ew_0_956531,L2H04M,L2,210.672,210.612,https://labbcat.canterbury.ac.nz/maonze/transcript?ag_id=1668#ew_0_956531,0.06,60,4.094344562,,
8020,ua,g_1669;em_12_134960;n_136763-n_136764;p_302;#=ew_69_198534;prefix=46778-;[0]=ew_0_956951,L2H04M,L2,140.167,140.107,https://labbcat.canterbury.ac.nz/maonze/transcript?ag_id=1669#ew_0_956951,0.06,60,4.094344562,,
8110,ua,g_1748;em_12_139726;n_140427-n_140428;p_318;#=ew_69_231134;prefix=77767-;[0]=ew_0_1001996,R008M,PresentElder,29.667,29.607,https://labbcat.canterbury.ac.nz/maonze/transcript?ag_id=1748#ew_0_1001996,0.06,60,4.094344562,,
8169,ua,g_1840;em_12_148993;n_3847625-n_3847634;p_49;#=ew_69_204646;prefix=52407-;[0]=ew_0_1100884,L2Y03M,L2,242.424,242.364,https://labbcat.canterbury.ac.nz/maonze/transcript?ag_id=1840#ew_0_1100884,0.06,60,4.094344562,,
8171,ua,g_1840;em_12_149009;n_3847827-n_3847843;p_49;#=ew_69_204732;prefix=52441-;[0]=ew_0_1101060,L2Y03M,L2,321.328,321.268,https://labbcat.canterbury.ac.nz/maonze/transcript?ag_id=1840#ew_0_1101060,0.06,60,4.094344562,,
8178,ua,g_1843;em_12_149214;n_3850483-n_3850496;p_49;#=ew_69_204505;prefix=52873-;[0]=ew_0_1103300,L2Y03M,L2,249.816,249.756,https://labbcat.canterbury.ac.nz/maonze/transcript?ag_id=1843#ew_0_1103300,0.06,60,4.094344562,,
8211,ua,g_1848;em_12_149482;n_3854156-n_3854177;p_49;#=ew_69_205505;prefix=53445-;[0]=ew_0_1106438,L2Y03M,L2,158.458,158.398,https://labbcat.canterbury.ac.nz/maonze/transcript?ag_id=1848#ew_0_1106438,0.06,60,4.094344562,,
8212,ua,g_1848;em_12_149485;n_3854207-n_3854221;p_49;#=ew_69_205523;prefix=53454-;[0]=ew_0_1106479,L2Y03M,L2,176.602,176.542,https://labbcat.canterbury.ac.nz/maonze/transcript?ag_id=1848#ew_0_1106479,0.06,60,4.094344562,,
8220,ua,g_1853;em_12_150420;n_4569213-n_4569234;p_148;#=ew_69_208044;prefix=55944-;[0]=ew_0_1124804,L2Y05M,L2,200.121,200.061,https://labbcat.canterbury.ac.nz/maonze/transcript?ag_id=1853#ew_0_1124804,0.06,60,4.094344562,,
8226,ua,g_1855;em_12_150599;n_4610824-n_4610836;p_97;#=ew_69_215884;prefix=63277-;[0]=ew_0_1126047,MU07M,Historical,51.807,51.747,https://labbcat.canterbury.ac.nz/maonze/transcript?ag_id=1855#ew_0_1126047,0.06,60,4.094344562,,
8235,ua,g_1868;em_12_153986;n_5221533-n_5221554;p_334;#=ew_69_237128;prefix=83586-;[0]=ew_0_1157690,R011M,PresentElder,125.226,125.166,https://labbcat.canterbury.ac.nz/maonze/transcript?ag_id=1868#ew_0_1157690,0.06,60,4.094344562,,
8249,ua,g_1884;em_12_155122;n_5259912-n_5259924;p_334;#=ew_69_237289;prefix=83466-;[0]=ew_0_1171318,R011M,PresentElder,133.014,132.954,https://labbcat.canterbury.ac.nz/maonze/transcript?ag_id=1884#ew_0_1171318,0.06,60,4.094344562,,
8251,ua,g_1885;em_12_155204;n_5260725-n_5260743;p_334;#=ew_69_237379;prefix=83682-;[0]=ew_0_1171866,R011M,PresentElder,63.348,63.288,https://labbcat.canterbury.ac.nz/maonze/transcript?ag_id=1885#ew_0_1171866,0.06,60,4.094344562,,
8254,ua,g_1888;em_12_155371;n_5264077-n_5264091;p_334;#=ew_69_237753;prefix=83789-;[0]=ew_0_1174849,R011M,PresentElder,244.937,244.877,https://labbcat.canterbury.ac.nz/maonze/transcript?ag_id=1888#ew_0_1174849,0.06,60,4.094344562,,
8257,ua,g_1888;em_12_155387;n_5264091-n_5264119;p_334;#=ew_69_237756;prefix=83792-;[0]=ew_0_1174691,R011M,PresentElder,247.073,247.013,https://labbcat.canterbury.ac.nz/maonze/transcript?ag_id=1888#ew_0_1174691,0.06,60,4.094344562,,
8274,ua,g_1895;em_12_155875;n_5271099-n_5271112;p_334;#=ew_69_238877;prefix=84313-;[0]=ew_0_1180063,R011M,PresentElder,270.733,270.673,https://labbcat.canterbury.ac.nz/maonze/transcript?ag_id=1895#ew_0_1180063,0.06,60,4.094344562,,
8280,ua,g_1897;em_12_155962;n_5274094-n_5274116;p_333;#=ew_69_238534;prefix=84692-;[0]=ew_0_1182673,R012M,PresentElder,119.386,119.326,https://labbcat.canterbury.ac.nz/maonze/transcript?ag_id=1897#ew_0_1182673,0.06,60,4.094344562,,
8283,ua,g_1897;em_12_155977;n_5273993-n_5274014;p_333;#=ew_69_238465;prefix=84669-;[0]=ew_0_1182747,R012M,PresentElder,89.242,89.182,https://labbcat.canterbury.ac.nz/maonze/transcript?ag_id=1897#ew_0_1182747,0.06,60,4.094344562,,
8295,ua,g_1898;em_12_156057;n_5275422-n_5275432;p_333;#=ew_69_238259;prefix=84911-;[0]=ew_0_1183290,R012M,PresentElder,249.635,249.575,https://labbcat.canterbury.ac.nz/maonze/transcript?ag_id=1898#ew_0_1183290,0.06,60,4.094344562,,
8306,ua,g_19;em_12_1527;n_32147-n_32148;p_19;#=ew_69_152703;prefix=02936-;[0]=ew_0_13403,K002M,PresentElder,238.937,238.877,https://labbcat.canterbury.ac.nz/maonze/transcript?ag_id=19#ew_0_13403,0.06,60,4.094344562,,
8312,ua,g_19;em_12_1574;n_32194-n_32195;p_19;#=ew_69_152963;prefix=03067-;[0]=ew_0_13755,K002M,PresentElder,403.798,403.738,https://labbcat.canterbury.ac.nz/maonze/transcript?ag_id=19#ew_0_13755,0.06,60,4.094344562,,
8313,ua,g_1901;em_12_156291;n_5277991-n_5278003;p_333;#=ew_69_239117;prefix=85104-;[0]=ew_0_1185914,R012M,PresentElder,109.855,109.795,https://labbcat.canterbury.ac.nz/maonze/transcript?ag_id=1901#ew_0_1185914,0.06,60,4.094344562,,
8322,ua,g_1901;em_12_156377;n_5277769-n_5277783;p_333;#=ew_69_239052;prefix=85217-;[0]=ew_0_1185289,R012M,PresentElder,40.945,40.885,https://labbcat.canterbury.ac.nz/maonze/transcript?ag_id=1901#ew_0_1185289,0.06,60,4.094344562,,
8323,ua,g_1902;em_12_156400;n_5279155-n_5279175;p_333;#=ew_69_239387;prefix=85316-;[0]=ew_0_1186619,R012M,PresentElder,155.828,155.768,https://labbcat.canterbury.ac.nz/maonze/transcript?ag_id=1902#ew_0_1186619,0.06,60,4.094344562,,
8332,ua,g_1903;em_12_156466;n_5280340-n_5280358;p_333;#=ew_69_240086;prefix=85647-;[0]=ew_0_1187425,R012M,PresentElder,281.448,281.388,https://labbcat.canterbury.ac.nz/maonze/transcript?ag_id=1903#ew_0_1187425,0.06,60,4.094344562,,
8335,ua,g_1903;em_12_156477;n_5279910-n_5279926;p_333;#=ew_69_239966;prefix=85563-;[0]=ew_0_1187210,R012M,PresentElder,142.788,142.728,https://labbcat.canterbury.ac.nz/maonze/transcript?ag_id=1903#ew_0_1187210,0.06,60,4.094344562,,
8355,ua,g_1905;em_12_156603;n_5282029-n_5282054;p_333;#=ew_69_239013;prefix=85939-;[0]=ew_0_1188505,R012M,PresentElder,189.619,189.559,https://labbcat.canterbury.ac.nz/maonze/transcript?ag_id=1905#ew_0_1188505,0.06,60,4.094344562,,
8368,ua,g_1908;em_12_156759;n_5284389-n_5284409;p_333;#=ew_69_241018;prefix=86486-;[0]=ew_0_1190691,R012M,PresentElder,129.679,129.619,https://labbcat.canterbury.ac.nz/maonze/transcript?ag_id=1908#ew_0_1190691,0.06,60,4.094344562,,
8373,ua,g_1908;em_12_156779;n_5284587-n_5284612;p_333;#=ew_69_241108;prefix=86333-;[0]=ew_0_1191242,R012M,PresentElder,194.891,194.831,https://labbcat.canterbury.ac.nz/maonze/transcript?ag_id=1908#ew_0_1191242,0.06,60,4.094344562,,
8384,ua,g_1909;em_12_156839;n_5285460-n_5285483;p_333;#=ew_69_240955;prefix=86612-;[0]=ew_0_1191970,R012M,PresentElder,131.159,131.099,https://labbcat.canterbury.ac.nz/maonze/transcript?ag_id=1909#ew_0_1191970,0.06,60,4.094344562,,
8390,ua,g_1910;em_12_156882;n_5286727-n_5286747;p_333;#=ew_69_240557;prefix=86965-;[0]=ew_0_1192733,R012M,PresentElder,172.972,172.912,https://labbcat.canterbury.ac.nz/maonze/transcript?ag_id=1910#ew_0_1192733,0.06,60,4.094344562,,
8402,ua,g_1910;em_12_156935;n_5286710-n_5286727;p_333;#=ew_69_240547;prefix=86958-;[0]=ew_0_1193129,R012M,PresentElder,166.448,166.388,https://labbcat.canterbury.ac.nz/maonze/transcript?ag_id=1910#ew_0_1193129,0.06,60,4.094344562,,
8416,ua,g_1911;em_12_157008;n_5288103-n_5288128;p_333;#=ew_69_240743;prefix=87106-;[0]=ew_0_1193438,R012M,PresentElder,274.6,274.54,https://labbcat.canterbury.ac.nz/maonze/transcript?ag_id=1911#ew_0_1193438,0.06,60,4.094344562,,
8427,ua,g_1913;em_12_157128;n_5290057-n_5290073;p_333;#=ew_69_240272;prefix=87260-;[0]=ew_0_1195413,R012M,PresentElder,194.363,194.303,https://labbcat.canterbury.ac.nz/maonze/transcript?ag_id=1913#ew_0_1195413,0.06,60,4.094344562,,
8430,ua,g_1913;em_12_157135;n_5289799-n_5289819;p_333;#=ew_69_240246;prefix=87419-;[0]=ew_0_1195826,R012M,PresentElder,123.013,122.953,https://labbcat.canterbury.ac.nz/maonze/transcript?ag_id=1913#ew_0_1195826,0.06,60,4.094344562,,
8448,ua,g_1941;em_12_165402;n_6840861-n_6840872;p_112;#=ew_69_161924;prefix=12046-;[0]=ew_0_1294637,K006M,PresentElder,195.129,195.069,https://labbcat.canterbury.ac.nz/maonze/transcript?ag_id=1941#ew_0_1294637,0.06,60,4.094344562,,
8449,ua,g_1941;em_12_165445;n_6840815-n_6840827;p_112;#=ew_69_161909;prefix=11979-;[0]=ew_0_1294405,K006M,PresentElder,178.097,178.037,https://labbcat.canterbury.ac.nz/maonze/transcript?ag_id=1941#ew_0_1294405,0.06,60,4.094344562,,
8458,ua,g_1942;em_12_165585;n_6842016-n_6842046;p_41;#=ew_69_164868;prefix=14949-;[0]=ew_0_1294676,K007M,PresentElder,125.089,125.029,https://labbcat.canterbury.ac.nz/maonze/transcript?ag_id=1942#ew_0_1294676,0.06,60,4.094344562,,
8460,ua,g_1942;em_12_165596;n_6842634-n_6842645;p_41;#=ew_69_165024;prefix=14987-;[0]=ew_0_1294939,K007M,PresentElder,272.235,272.175,https://labbcat.canterbury.ac.nz/maonze/transcript?ag_id=1942#ew_0_1294939,0.06,60,4.094344562,,
8469,ua,g_1943;em_12_165694;n_6846411-n_6846418;p_19;#=ew_69_152100;prefix=02703-;[0]=ew_0_1296164,K002M,PresentElder,263.885,263.825,https://labbcat.canterbury.ac.nz/maonze/transcript?ag_id=1943#ew_0_1296164,0.06,60,4.094344562,,
8521,ua,g_22;em_12_1815;n_32432-n_32433;p_19;#=ew_69_153425;prefix=04106-;[0]=ew_0_15535,K002M,PresentElder,88.884,88.824,https://labbcat.canterbury.ac.nz/maonze/transcript?ag_id=22#ew_0_15535,0.06,60,4.094344562,,
8524,ua,g_22;em_12_1836;n_32453-n_32454;p_19;#=ew_69_153547;prefix=04159-;[0]=ew_0_15706,K002M,PresentElder,172.595,172.535,https://labbcat.canterbury.ac.nz/maonze/transcript?ag_id=22#ew_0_15706,0.06,60,4.094344562,,
8529,ua,g_23;em_12_1890;n_32506-n_32507;p_19;#=ew_69_152993;prefix=04308-;[0]=ew_0_16149,K002M,PresentElder,23.806,23.746,https://labbcat.canterbury.ac.nz/maonze/transcript?ag_id=23#ew_0_16149,0.06,60,4.094344562,,
8530,ua,g_23;em_12_1936;n_32552-n_32553;p_19;#=ew_69_153226;prefix=04417-;[0]=ew_0_16485,K002M,PresentElder,193.695,193.635,https://labbcat.canterbury.ac.nz/maonze/transcript?ag_id=23#ew_0_16485,0.06,60,4.094344562,,
8548,ua,g_25;em_12_2162;n_32771-n_32772;p_19;#=ew_69_154211;prefix=04982-;[0]=ew_0_18295,K002M,PresentElder,257.081,257.021,https://labbcat.canterbury.ac.nz/maonze/transcript?ag_id=25#ew_0_18295,0.06,60,4.094344562,,
8561,ua,g_27;em_12_2247;n_32854-n_32855;p_19;#=ew_69_154901;prefix=05249-;[0]=ew_0_19085,K002M,PresentElder,206.866,206.806,https://labbcat.canterbury.ac.nz/maonze/transcript?ag_id=27#ew_0_19085,0.06,60,4.094344562,,
8563,ua,g_27;em_12_2266;n_32873-n_32874;p_19;#=ew_69_154982;prefix=05330-;[0]=ew_0_19279,K002M,PresentElder,294.154,294.094,https://labbcat.canterbury.ac.nz/maonze/transcript?ag_id=27#ew_0_19279,0.06,60,4.094344562,,
8566,ua,g_27;em_12_2283;n_32890-n_32891;p_19;#=ew_69_155044;prefix=05391-;[0]=ew_0_19443,K002M,PresentElder,376.192,376.132,https://labbcat.canterbury.ac.nz/maonze/transcript?ag_id=27#ew_0_19443,0.06,60,4.094344562,,
8568,ua,g_304;em_12_162364;n_6240784-n_6240786;p_81;#=ew_69_185792;prefix=34919-;[0]=ew_0_1265080,L1Y03M,L1,168.651,168.591,https://labbcat.canterbury.ac.nz/maonze/transcript?ag_id=304#ew_0_1265080,0.06,60,4.094344562,,
8569,ua,g_304;em_12_29645;n_54503-n_54504;p_81;#=ew_69_185763;prefix=34894-;[0]=ew_0_204453,L1Y03M,L1,129.691,129.631,https://labbcat.canterbury.ac.nz/maonze/transcript?ag_id=304#ew_0_204453,0.06,60,4.094344562,,
8575,ua,g_305;em_12_162461;n_6240952-n_6240954;p_81;#=ew_69_186712;prefix=35210-;[0]=ew_0_1265839,L1Y03M,L1,142.203,142.143,https://labbcat.canterbury.ac.nz/maonze/transcript?ag_id=305#ew_0_1265839,0.06,60,4.094344562,,
8586,ua,g_306;em_12_160918;n_6000228-n_6000235;p_81;#=ew_69_186464;prefix=35298-;[0]=ew_0_1241134,L1Y03M,L1,290.832,290.772,https://labbcat.canterbury.ac.nz/maonze/transcript?ag_id=306#ew_0_1241134,0.06,60,4.094344562,,
8613,ua,g_309;em_12_30119;n_54897-n_5505;p_81;#=ew_69_185915;prefix=35798-;[0]=ew_0_1240365,L1Y03M,L1,64.354,64.294,https://labbcat.canterbury.ac.nz/maonze/transcript?ag_id=309#ew_0_1240365,0.06,60,4.094344562,,
8631,ua,g_312;em_12_30441;n_55116-n_5592;p_81;#=ew_69_186996;prefix=36174-;[0]=ew_0_210809,L1Y03M,L1,203.442,203.382,https://labbcat.canterbury.ac.nz/maonze/transcript?ag_id=312#ew_0_210809,0.06,60,4.094344562,,
8656,ua,g_320;em_12_31387;n_55984-n_55985;p_89;#=ew_69_188271;prefix=37126-;[0]=ew_0_214488,L1Y04M,L1,121.474,121.414,https://labbcat.canterbury.ac.nz/maonze/transcript?ag_id=320#ew_0_214488,0.06,60,4.094344562,,
8661,ua,g_321;em_12_31538;n_56121-n_5682;p_89;#=ew_69_188064;prefix=37253-;[0]=ew_0_214907,L1Y04M,L1,30.806,30.746,https://labbcat.canterbury.ac.nz/maonze/transcript?ag_id=321#ew_0_214907,0.06,60,4.094344562,,
8664,ua,g_321;em_12_31673;n_56248-n_5690;p_89;#=ew_69_188167;prefix=37351-;[0]=ew_0_215349,L1Y04M,L1,201.6,201.54,https://labbcat.canterbury.ac.nz/maonze/transcript?ag_id=321#ew_0_215349,0.06,60,4.094344562,,
8673,ua,g_322;em_12_31898;n_56441-n_56442;p_89;#=ew_69_189133;prefix=37488-;[0]=ew_0_215981,L1Y04M,L1,151.559,151.499,https://labbcat.canterbury.ac.nz/maonze/transcript?ag_id=322#ew_0_215981,0.06,60,4.094344562,,
8683,ua,g_323;em_12_32217;n_56708-n_56709;p_89;#=ew_69_188884;prefix=37677-;[0]=ew_0_216794,L1Y04M,L1,136.275,136.215,https://labbcat.canterbury.ac.nz/maonze/transcript?ag_id=323#ew_0_216794,0.06,60,4.094344562,,
8685,ua,g_323;em_12_32279;n_56751-n_56753;p_89;#=ew_69_188909;prefix=37697-;[0]=ew_0_1096667,L1Y04M,L1,194.586,194.526,https://labbcat.canterbury.ac.nz/maonze/transcript?ag_id=323#ew_0_1096667,0.06,60,4.094344562,,
8692,ua,g_324;em_12_32510;n_5847-n_3841647;p_89;#=ew_69_188436;prefix=37811-;[0]=ew_0_217545,L1Y04M,L1,119.302,119.242,https://labbcat.canterbury.ac.nz/maonze/transcript?ag_id=324#ew_0_217545,0.06,60,4.094344562,,
8698,ua,g_325;em_12_32880;n_57202-n_57203;p_89;#=ew_69_188766;prefix=38005-;[0]=ew_0_218421,L1Y04M,L1,227.621,227.561,https://labbcat.canterbury.ac.nz/maonze/transcript?ag_id=325#ew_0_218421,0.06,60,4.094344562,,
8703,ua,g_326;em_12_148492;n_3841550-n_3841573;p_89;#=ew_69_188688;prefix=38136-;[0]=ew_0_1095267,L1Y04M,L1,119.291,119.231,https://labbcat.canterbury.ac.nz/maonze/transcript?ag_id=326#ew_0_1095267,0.06,60,4.094344562,,
8746,ua,g_336;em_12_33356;n_57587-n_57588;p_85;#=ew_69_184412;prefix=33559-;[0]=ew_0_222318,L1Y02M,L1,148.796,148.736,https://labbcat.canterbury.ac.nz/maonze/transcript?ag_id=336#ew_0_222318,0.06,60,4.094344562,,
8749,ua,g_338;em_12_171842;n_7087717-n_6032281;p_85;#=ew_69_185194;prefix=34359-;[0]=ew_0_1243329,L1Y02M,L1,117.048,116.988,https://labbcat.canterbury.ac.nz/maonze/transcript?ag_id=338#ew_0_1243329,0.06,60,4.094344562,,
8778,ua,g_343;em_12_33547;n_57748-n_57749;p_85;#=ew_69_185280;prefix=34534-;[0]=ew_0_224915,L1Y02M,L1,54.405,54.345,https://labbcat.canterbury.ac.nz/maonze/transcript?ag_id=343#ew_0_224915,0.06,60,4.094344562,,
8786,ua,g_343;em_12_33559;n_57760-n_57761;p_85;#=ew_69_185427;prefix=34596-;[0]=ew_0_225112,L1Y02M,L1,138.864,138.804,https://labbcat.canterbury.ac.nz/maonze/transcript?ag_id=343#ew_0_225112,0.06,60,4.094344562,,
8791,ua,g_344;em_12_33595;n_57784-n_7086593;p_85;#=ew_69_184059;prefix=33453-;[0]=ew_0_225536,L1Y02M,L1,132.226,132.166,https://labbcat.canterbury.ac.nz/maonze/transcript?ag_id=344#ew_0_225536,0.06,60,4.094344562,,
8801,ua,g_347;em_12_162510;n_6243474-n_6243468;p_85;#=ew_69_183928;prefix=33165-;[0]=ew_0_1266389,L1Y02M,L1,79.775,79.715,https://labbcat.canterbury.ac.nz/maonze/transcript?ag_id=347#ew_0_1266389,0.06,60,4.094344562,,
8822,ua,g_365;em_12_150203;n_59189-n_4459051;p_92;#=ew_69_212969;prefix=60083-;[0]=ew_0_1119362,MU04M,Historical,254.367,254.307,https://labbcat.canterbury.ac.nz/maonze/transcript?ag_id=365#ew_0_1119362,0.06,60,4.094344562,,
8825,ua,g_365;em_12_35260;n_59099-n_4458829;p_92;#=ew_69_212822;prefix=59992-;[0]=ew_0_236035,MU04M,Historical,107.309,107.249,https://labbcat.canterbury.ac.nz/maonze/transcript?ag_id=365#ew_0_236035,0.06,60,4.094344562,,
8826,ua,g_365;em_12_35269;n_59109-n_59110;p_92;#=ew_69_212831;prefix=60001-;[0]=ew_0_1118008,MU04M,Historical,120.572,120.512,https://labbcat.canterbury.ac.nz/maonze/transcript?ag_id=365#ew_0_1118008,0.06,60,4.094344562,,
8828,ua,g_365;em_12_35288;n_59175-n_59129;p_92;#=ew_69_212941;prefix=60070-;[0]=ew_0_1119195,MU04M,Historical,230.582,230.522,https://labbcat.canterbury.ac.nz/maonze/transcript?ag_id=365#ew_0_1119195,0.06,60,4.094344562,,
8832,ua,g_366;em_12_150108;n_59304-n_4458673;p_92;#=ew_69_212375;prefix=60207-;[0]=ew_0_1124209,MU04M,Historical,223.819,223.759,https://labbcat.canterbury.ac.nz/maonze/transcript?ag_id=366#ew_0_1124209,0.06,60,4.094344562,,
8833,ua,g_366;em_12_150387;n_59275-n_4519617;p_92;#=ew_69_212337;prefix=60178-;[0]=ew_0_1124123,MU04M,Historical,183.569,183.509,https://labbcat.canterbury.ac.nz/maonze/transcript?ag_id=366#ew_0_1124123,0.06,60,4.094344562,,
8834,ua,g_366;em_12_150391;n_59309-n_4519625;p_92;#=ew_69_212388;prefix=60214-;[0]=ew_0_1124228,MU04M,Historical,231.053,230.993,https://labbcat.canterbury.ac.nz/maonze/transcript?ag_id=366#ew_0_1124228,0.06,60,4.094344562,,
8836,ua,g_366;em_12_35405;n_4458660-n_59243;p_92;#=ew_69_212287;prefix=60130-;[0]=ew_0_1123999,MU04M,Historical,65.75,65.69,https://labbcat.canterbury.ac.nz/maonze/transcript?ag_id=366#ew_0_1123999,0.06,60,4.094344562,,
8840,ua,g_366;em_12_35423;n_59240-n_59260;p_92;#=ew_69_212315;prefix=60157-;[0]=ew_0_1124063,MU04M,Historical,156.484,156.424,https://labbcat.canterbury.ac.nz/maonze/transcript?ag_id=366#ew_0_1124063,0.06,60,4.094344562,,
8841,ua,g_367;em_12_150185;n_59410-n_4458887;p_92;#=ew_69_212446;prefix=60286-;[0]=ew_0_1123700,MU04M,Historical,124.78,124.72,https://labbcat.canterbury.ac.nz/maonze/transcript?ag_id=367#ew_0_1123700,0.06,60,4.094344562,,
8858,ua,g_369;em_12_35894;n_59720-n_59721;p_92;#=ew_69_213069;prefix=60657-;[0]=ew_0_238326,MU04M,Historical,149.26,149.2,https://labbcat.canterbury.ac.nz/maonze/transcript?ag_id=369#ew_0_238326,0.06,60,4.094344562,,
8880,ua,g_376;em_12_37201;n_61007-n_61008;p_94;#=ew_69_214391;prefix=61795-;[0]=ew_0_243427,MU05M,Historical,245.772,245.712,https://labbcat.canterbury.ac.nz/maonze/transcript?ag_id=376#ew_0_243427,0.06,60,4.094344562,,
8939,ua,g_446;em_12_169666;n_6944615-n_6944616;p_110;#=ew_69_156033;prefix=05896-;[0]=ew_0_1326124,K003M,PresentElder,263.806,263.746,https://labbcat.canterbury.ac.nz/maonze/transcript?ag_id=446#ew_0_1326124,0.06,60,4.094344562,,
8943,ua,g_446;em_12_169685;n_6944621-n_6944622;p_110;#=ew_69_156112;prefix=05914-;[0]=ew_0_1325768,K003M,PresentElder,279.402,279.342,https://labbcat.canterbury.ac.nz/maonze/transcript?ag_id=446#ew_0_1325768,0.06,60,4.094344562,,
8944,ua,g_446;em_12_46152;n_68644-n_68645;p_110;#=ew_69_156203;prefix=05974-;[0]=ew_0_287750,K003M,PresentElder,371.369,371.309,https://labbcat.canterbury.ac.nz/maonze/transcript?ag_id=446#ew_0_287750,0.06,60,4.094344562,,
8954,ua,g_448;em_12_161415;n_6125935-n_6125937;p_110;#=ew_69_155503;prefix=06478-;[0]=ew_0_1252289,K003M,PresentElder,272.622,272.562,https://labbcat.canterbury.ac.nz/maonze/transcript?ag_id=448#ew_0_1252289,0.06,60,4.094344562,,
8959,ua,g_449;em_12_46380;n_68858-n_68859;p_110;#=ew_69_154661;prefix=06550-;[0]=ew_0_289569,K003M,PresentElder,25.701,25.641,https://labbcat.canterbury.ac.nz/maonze/transcript?ag_id=449#ew_0_289569,0.06,60,4.094344562,,
8980,ua,g_451;em_12_46658;n_69120-n_69121;p_110;#=ew_69_156349;prefix=07018-;[0]=ew_0_1254694,K003M,PresentElder,104.718,104.658,https://labbcat.canterbury.ac.nz/maonze/transcript?ag_id=451#ew_0_1254694,0.06,60,4.094344562,,
9005,ua,g_455;em_12_158547;n_5392283-n_5391936;p_112;#=ew_69_161176;prefix=11714-;[0]=ew_0_1210573,K006M,PresentElder,260.073,260.013,https://labbcat.canterbury.ac.nz/maonze/transcript?ag_id=455#ew_0_1210573,0.06,60,4.094344562,,
9008,ua,g_455;em_12_158565;n_5392312-n_5391952;p_112;#=ew_69_161185;prefix=11731-;[0]=ew_0_1210275,K006M,PresentElder,283.969,283.909,https://labbcat.canterbury.ac.nz/maonze/transcript?ag_id=455#ew_0_1210275,0.06,60,4.094344562,,
9014,ua,g_456;em_12_47097;n_7728-n_69445;p_112;#=ew_69_161620;prefix=11768-;[0]=ew_0_295053,K006M,PresentElder,136.712,136.652,https://labbcat.canterbury.ac.nz/maonze/transcript?ag_id=456#ew_0_295053,0.06,60,4.094344562,,
9016,ua,g_456;em_12_47119;n_7740-n_69455;p_112;#=ew_69_161675;prefix=11788-;[0]=ew_0_1209324,K006M,PresentElder,194.941,194.881,https://labbcat.canterbury.ac.nz/maonze/transcript?ag_id=456#ew_0_1209324,0.06,60,4.094344562,,
9019,ua,g_457;em_12_47173;n_69481-n_69482;p_112;#=ew_69_161555;prefix=11875-;[0]=ew_0_1264190,K006M,PresentElder,83.087,83.027,https://labbcat.canterbury.ac.nz/maonze/transcript?ag_id=457#ew_0_1264190,0.06,60,4.094344562,,
9024,ua,g_462;em_12_158491;n_5392037-n_5392062;p_112;#=ew_69_162350;prefix=12489-;[0]=ew_0_1208603,K006M,PresentElder,208.594,208.534,https://labbcat.canterbury.ac.nz/maonze/transcript?ag_id=462#ew_0_1208603,0.06,60,4.094344562,,
9060,ua,g_468;em_12_48360;n_70364-n_70365;p_120;#=ew_69_166216;prefix=16253-;[0]=ew_0_301905,K008M,PresentElder,131.69,131.63,https://labbcat.canterbury.ac.nz/maonze/transcript?ag_id=468#ew_0_301905,0.06,60,4.094344562,,
9073,ua,g_474;em_12_49000;n_70933-n_70934;p_121;#=ew_69_167073;prefix=17009-;[0]=ew_0_304829,K009M,PresentElder,131.912,131.852,https://labbcat.canterbury.ac.nz/maonze/transcript?ag_id=474#ew_0_304829,0.06,60,4.094344562,,
9078,ua,g_476;em_12_161891;n_6176237-n_6176240;p_121;#=ew_69_167141;prefix=17557-;[0]=ew_0_1258918,K009M,PresentElder,160.86,160.8,https://labbcat.canterbury.ac.nz/maonze/transcript?ag_id=476#ew_0_1258918,0.06,60,4.094344562,,
9079,ua,g_476;em_12_49111;n_71032-n_71033;p_121;#=ew_69_166943;prefix=17380-;[0]=ew_0_1258226,K009M,PresentElder,36.448,36.388,https://labbcat.canterbury.ac.nz/maonze/transcript?ag_id=476#ew_0_1258226,0.06,60,4.094344562,,
9082,ua,g_476;em_12_49113;n_71034-n_71035;p_121;#=ew_69_166990;prefix=17395-;[0]=ew_0_1257928,K009M,PresentElder,48.204,48.144,https://labbcat.canterbury.ac.nz/maonze/transcript?ag_id=476#ew_0_1257928,0.06,60,4.094344562,,
9090,ua,g_478;em_12_49190;n_71105-n_71106;p_121;#=ew_69_167363;prefix=17788-;[0]=ew_0_307349,K009M,PresentElder,26.774,26.714,https://labbcat.canterbury.ac.nz/maonze/transcript?ag_id=478#ew_0_307349,0.06,60,4.094344562,,
9104,ua,g_480;em_12_49315;n_71213-n_71214;p_121;#=ew_69_168560;prefix=18180-;[0]=ew_0_308880,K009M,PresentElder,154.523,154.463,https://labbcat.canterbury.ac.nz/maonze/transcript?ag_id=480#ew_0_308880,0.06,60,4.094344562,,
9113,ua,g_483;em_12_49567;n_71414-n_71415;p_121;#=ew_69_168139;prefix=18707-;[0]=ew_0_310618,K009M,PresentElder,76.869,76.809,https://labbcat.canterbury.ac.nz/maonze/transcript?ag_id=483#ew_0_310618,0.06,60,4.094344562,,
9114,ua,g_483;em_12_49600;n_71439-n_71440;p_121;#=ew_69_168227;prefix=18752-;[0]=ew_0_1257968,K009M,PresentElder,146.032,145.972,https://labbcat.canterbury.ac.nz/maonze/transcript?ag_id=483#ew_0_1257968,0.06,60,4.094344562,,
9127,ua,g_485;em_12_49759;n_8237-n_6176320;p_121;#=ew_69_168395;prefix=19138-;[0]=ew_0_312281,K009M,PresentElder,172.735,172.675,https://labbcat.canterbury.ac.nz/maonze/transcript?ag_id=485#ew_0_312281,0.06,60,4.094344562,,
9151,ua,g_489;em_12_50224;n_8351-n_8352;p_122;#=ew_69_169929;prefix=19457-;[0]=ew_0_314243,K010M,PresentElder,79.319,79.259,https://labbcat.canterbury.ac.nz/maonze/transcript?ag_id=489#ew_0_314243,0.06,60,4.094344562,,
9164,ua,g_490;em_12_50400;n_8407-n_8408;p_122;#=ew_69_170262;prefix=19584-;[0]=ew_0_314911,K010M,PresentElder,52.557,52.497,https://labbcat.canterbury.ac.nz/maonze/transcript?ag_id=490#ew_0_314911,0.06,60,4.094344562,,
9180,ua,g_492;em_12_50756;n_72329-n_72330;p_122;#=ew_69_170039;prefix=19926-;[0]=ew_0_316571,K010M,PresentElder,135.825,135.765,https://labbcat.canterbury.ac.nz/maonze/transcript?ag_id=492#ew_0_316571,0.06,60,4.094344562,,
9181,ua,g_492;em_12_50771;n_72338-n_72339;p_122;#=ew_69_170094;prefix=19940-;[0]=ew_0_316656,K010M,PresentElder,167.099,167.039,https://labbcat.canterbury.ac.nz/maonze/transcript?ag_id=492#ew_0_316656,0.06,60,4.094344562,,
9182,ua,g_492;em_12_50771;n_72338-n_72339;p_122;#=ew_69_170105;prefix=19943-;[0]=ew_0_316661,K010M,PresentElder,167.959,167.899,https://labbcat.canterbury.ac.nz/maonze/transcript?ag_id=492#ew_0_316661,0.06,60,4.094344562,,
9184,ua,g_493;em_12_50869;n_72409-n_72410;p_122;#=ew_69_169555;prefix=20024-;[0]=ew_0_317055,K010M,PresentElder,70.55,70.49,https://labbcat.canterbury.ac.nz/maonze/transcript?ag_id=493#ew_0_317055,0.06,60,4.094344562,,
9206,ua,g_50;em_12_158325;n_5387807-n_5387814;p_32;#=ew_69_157557;prefix=07802-;[0]=ew_0_1207890,K004M,PresentElder,66.184,66.124,https://labbcat.canterbury.ac.nz/maonze/transcript?ag_id=50#ew_0_1207890,0.06,60,4.094344562,,
9223,ua,g_53;em_12_158348;n_5387856-n_5387871;p_32;#=ew_69_157736;prefix=08336-;[0]=ew_0_1209838,K004M,PresentElder,90.384,90.324,https://labbcat.canterbury.ac.nz/maonze/transcript?ag_id=53#ew_0_1209838,0.06,60,4.094344562,,
9241,ua,g_55;em_12_161971;n_6214542-n_6214543;p_32;#=ew_69_158648;prefix=08829-;[0]=ew_0_1260490,K004M,PresentElder,72.95,72.89,https://labbcat.canterbury.ac.nz/maonze/transcript?ag_id=55#ew_0_1260490,0.06,60,4.094344562,,
9242,ua,g_55;em_12_161973;n_6214579-n_6214580;p_32;#=ew_69_158939;prefix=08731-;[0]=ew_0_1260036,K004M,PresentElder,286.039,285.979,https://labbcat.canterbury.ac.nz/maonze/transcript?ag_id=55#ew_0_1260036,0.06,60,4.094344562,,
9245,ua,g_55;em_12_161982;n_6214548-n_6214518;p_32;#=ew_69_158657;prefix=08838-;[0]=ew_0_1259958,K004M,PresentElder,98.754,98.694,https://labbcat.canterbury.ac.nz/maonze/transcript?ag_id=55#ew_0_1259958,0.06,60,4.094344562,,
9248,ua,g_55;em_12_162019;n_6214583-n_6214584;p_32;#=ew_69_158972;prefix=08748-;[0]=ew_0_1260350,K004M,PresentElder,306.023,305.963,https://labbcat.canterbury.ac.nz/maonze/transcript?ag_id=55#ew_0_1260350,0.06,60,4.094344562,,
9251,ua,g_56;em_12_162062;n_6215588-n_6215589;p_32;#=ew_69_158494;prefix=09126-;[0]=ew_0_1260605,K004M,PresentElder,145.737,145.677,https://labbcat.canterbury.ac.nz/maonze/transcript?ag_id=56#ew_0_1260605,0.06,60,4.094344562,,
9252,ua,g_56;em_12_3959;n_34286-n_34287;p_32;#=ew_69_158434;prefix=09013-;[0]=ew_0_1260934,K004M,PresentElder,63.36,63.3,https://labbcat.canterbury.ac.nz/maonze/transcript?ag_id=56#ew_0_1260934,0.06,60,4.094344562,,
9254,ua,g_56;em_12_3960;n_34287-n_34288;p_32;#=ew_69_158440;prefix=09016-;[0]=ew_0_37907,K004M,PresentElder,67.525,67.465,https://labbcat.canterbury.ac.nz/maonze/transcript?ag_id=56#ew_0_37907,0.06,60,4.094344562,,
9255,ua,g_56;em_12_3960;n_34287-n_34288;p_32;#=ew_69_158449;prefix=09021-;[0]=ew_0_37931,K004M,PresentElder,74.485,74.425,https://labbcat.canterbury.ac.nz/maonze/transcript?ag_id=56#ew_0_37931,0.06,60,4.094344562,,
9263,ua,g_58;em_12_162144;n_6217254-n_6217230;p_32;#=ew_69_159731;prefix=09593-;[0]=ew_0_1262175,K004M,PresentElder,148.319,148.259,https://labbcat.canterbury.ac.nz/maonze/transcript?ag_id=58#ew_0_1262175,0.06,60,4.094344562,,
9264,ua,g_58;em_12_162144;n_6217254-n_6217230;p_32;#=ew_69_159737;prefix=09599-;[0]=ew_0_1263163,K004M,PresentElder,150.909,150.849,https://labbcat.canterbury.ac.nz/maonze/transcript?ag_id=58#ew_0_1263163,0.06,60,4.094344562,,
9265,ua,g_58;em_12_162149;n_6217243-n_6217226;p_32;#=ew_69_159650;prefix=09413-;[0]=ew_0_1262953,K004M,PresentElder,65.098,65.038,https://labbcat.canterbury.ac.nz/maonze/transcript?ag_id=58#ew_0_1262953,0.06,60,4.094344562,,
9271,ua,g_59;em_12_162202;n_6219088-n_6219089;p_32;#=ew_69_159404;prefix=09725-;[0]=ew_0_1263378,K004M,PresentElder,32.646,32.586,https://labbcat.canterbury.ac.nz/maonze/transcript?ag_id=59#ew_0_1263378,0.06,60,4.094344562,,
9274,ua,g_59;em_12_162235;n_6219089-n_6219090;p_32;#=ew_69_159409;prefix=09730-;[0]=ew_0_1263856,K004M,PresentElder,38.264,38.204,https://labbcat.canterbury.ac.nz/maonze/transcript?ag_id=59#ew_0_1263856,0.06,60,4.094344562,,
9298,ua,g_600;em_12_64094;n_83691-n_83692;p_140;#=ew_69_189866;prefix=38835-;[0]=ew_0_1248248,L1Y05M,L1,153.933,153.873,https://labbcat.canterbury.ac.nz/maonze/transcript?ag_id=600#ew_0_1248248,0.06,60,4.094344562,,
9303,ua,g_601;em_12_64180;n_83776-n_29497;p_140;#=ew_69_190285;prefix=39081-;[0]=ew_0_383653,L1Y05M,L1,305.864,305.804,https://labbcat.canterbury.ac.nz/maonze/transcript?ag_id=601#ew_0_383653,0.06,60,4.094344562,,
9308,ua,g_602;em_12_64219;n_83814-n_83815;p_140;#=ew_69_190250;prefix=39206-;[0]=ew_0_384079,L1Y05M,L1,207.687,207.627,https://labbcat.canterbury.ac.nz/maonze/transcript?ag_id=602#ew_0_384079,0.06,60,4.094344562,,
9330,ua,g_604;em_12_64316;n_83909-n_83910;p_140;#=ew_69_191243;prefix=39598-;[0]=ew_0_385323,L1Y05M,L1,97.611,97.551,https://labbcat.canterbury.ac.nz/maonze/transcript?ag_id=604#ew_0_385323,0.06,60,4.094344562,,
9343,ua,g_605;em_12_64402;n_83994-n_83995;p_140;#=ew_69_190999;prefix=39937-;[0]=ew_0_1249671,L1Y05M,L1,234.653,234.593,https://labbcat.canterbury.ac.nz/maonze/transcript?ag_id=605#ew_0_1249671,0.06,60,4.094344562,,
9357,ua,g_607;em_12_64552;n_84128-n_84129;p_140;#=ew_69_191275;prefix=40198-;[0]=ew_0_387513,L1Y05M,L1,201.114,201.054,https://labbcat.canterbury.ac.nz/maonze/transcript?ag_id=607#ew_0_387513,0.06,60,4.094344562,,
9358,ua,g_607;em_12_64560;n_84136-n_84137;p_140;#=ew_69_191358;prefix=40232-;[0]=ew_0_1249589,L1Y05M,L1,249.148,249.088,https://labbcat.canterbury.ac.nz/maonze/transcript?ag_id=607#ew_0_1249589,0.06,60,4.094344562,,
9362,ua,g_608;em_12_64585;n_84160-n_84161;p_140;#=ew_69_190433;prefix=40314-;[0]=ew_0_387936,L1Y05M,L1,39.499,39.439,https://labbcat.canterbury.ac.nz/maonze/transcript?ag_id=608#ew_0_387936,0.06,60,4.094344562,,
9363,ua,g_608;em_12_64589;n_84164-n_84165;p_140;#=ew_69_190509;prefix=40337-;[0]=ew_0_1249104,L1Y05M,L1,59.918,59.858,https://labbcat.canterbury.ac.nz/maonze/transcript?ag_id=608#ew_0_1249104,0.06,60,4.094344562,,
9364,ua,g_608;em_12_64596;n_84171-n_84172;p_140;#=ew_69_190588;prefix=40367-;[0]=ew_0_1249098,L1Y05M,L1,96.125,96.065,https://labbcat.canterbury.ac.nz/maonze/transcript?ag_id=608#ew_0_1249098,0.06,60,4.094344562,,
9389,ua,g_612;em_12_64784;n_84350-n_84351;p_142;#=ew_69_182238;prefix=31293-;[0]=ew_0_389993,L1Y01M,L1,142.203,142.143,https://labbcat.canterbury.ac.nz/maonze/transcript?ag_id=612#ew_0_389993,0.06,60,4.094344562,,
9393,ua,g_613;em_12_64810;n_84375-n_84376;p_142;#=ew_69_181688;prefix=31349-;[0]=ew_0_390244,L1Y01M,L1,39.284,39.224,https://labbcat.canterbury.ac.nz/maonze/transcript?ag_id=613#ew_0_390244,0.06,60,4.094344562,,
9394,ua,g_613;em_12_64810;n_84375-n_84376;p_142;#=ew_69_181692;prefix=31351-;[0]=ew_0_390247,L1Y01M,L1,39.954,39.894,https://labbcat.canterbury.ac.nz/maonze/transcript?ag_id=613#ew_0_390247,0.06,60,4.094344562,,
9421,ua,g_616;em_12_64984;n_84544-n_29512;p_142;#=ew_69_182473;prefix=31786-;[0]=ew_0_392025,L1Y01M,L1,173.549,173.489,https://labbcat.canterbury.ac.nz/maonze/transcript?ag_id=616#ew_0_392025,0.06,60,4.094344562,,
9437,ua,g_620;em_12_65107;n_84663-n_84664;p_142;#=ew_69_182309;prefix=32195-;[0]=ew_0_393578,L1Y01M,L1,44.93,44.87,https://labbcat.canterbury.ac.nz/maonze/transcript?ag_id=620#ew_0_393578,0.06,60,4.094344562,,
9450,ua,g_623;em_12_65244;n_84787-n_84788;p_142;#=ew_69_183556;prefix=32502-;[0]=ew_0_395227,L1Y01M,L1,123.265,123.205,https://labbcat.canterbury.ac.nz/maonze/transcript?ag_id=623#ew_0_395227,0.06,60,4.094344562,,
9466,ua,g_625;em_12_65321;n_84841-n_84842;p_142;#=ew_69_183317;prefix=32818-;[0]=ew_0_1334400,L1Y01M,L1,143.562,143.502,https://labbcat.canterbury.ac.nz/maonze/transcript?ag_id=625#ew_0_1334400,0.06,60,4.094344562,,
9501,ua,g_629;em_12_171089;n_7007047-n_7007048;p_143;#=ew_69_202642;prefix=50765-;[0]=ew_0_1339773,L2Y02M,L2,47.817,47.757,https://labbcat.canterbury.ac.nz/maonze/transcript?ag_id=629#ew_0_1339773,0.06,60,4.094344562,,
9502,ua,g_629;em_12_171094;n_7007053-n_7007054;p_143;#=ew_69_202665;prefix=50773-;[0]=ew_0_1339689,L2Y02M,L2,55.927,55.867,https://labbcat.canterbury.ac.nz/maonze/transcript?ag_id=629#ew_0_1339689,0.06,60,4.094344562,,
9520,ua,g_630;em_12_65884;n_85358-n_85359;p_143;#=ew_69_203704;prefix=51056-;[0]=ew_0_1251943,L2Y02M,L2,239.381,239.321,https://labbcat.canterbury.ac.nz/maonze/transcript?ag_id=630#ew_0_1251943,0.06,60,4.094344562,,
9536,ua,g_632;em_12_66163;n_85617-n_85618;p_143;#=ew_69_203397;prefix=51614-;[0]=ew_0_402034,L2Y02M,L2,234.337,234.277,https://labbcat.canterbury.ac.nz/maonze/transcript?ag_id=632#ew_0_402034,0.06,60,4.094344562,,
9538,ua,g_632;em_12_66191;n_85643-n_85644;p_143;#=ew_69_203469;prefix=51665-;[0]=ew_0_402252,L2Y02M,L2,304.332,304.272,https://labbcat.canterbury.ac.nz/maonze/transcript?ag_id=632#ew_0_402252,0.06,60,4.094344562,,
9541,ua,g_633;em_12_66270;n_85719-n_85720;p_143;#=ew_69_203025;prefix=51821-;[0]=ew_0_402883,L2Y02M,L2,165.189,165.129,https://labbcat.canterbury.ac.nz/maonze/transcript?ag_id=633#ew_0_402883,0.06,60,4.094344562,,
9552,ua,g_634;em_12_66336;n_85778-n_85779;p_143;#=ew_69_203915;prefix=51987-;[0]=ew_0_1250757,L2Y02M,L2,38.216,38.156,https://labbcat.canterbury.ac.nz/maonze/transcript?ag_id=634#ew_0_1250757,0.06,60,4.094344562,,
9566,ua,g_636;em_12_66522;n_85919-n_10552;p_145;#=ew_69_201325;prefix=49140-;[0]=ew_0_404892,L2Y01M,L2,66.244,66.184,https://labbcat.canterbury.ac.nz/maonze/transcript?ag_id=636#ew_0_404892,0.06,60,4.094344562,,
9607,ua,g_641;em_12_66925;n_86192-n_86193;p_145;#=ew_69_201585;prefix=49878-;[0]=ew_0_408691,L2Y01M,L2,118.727,118.667,https://labbcat.canterbury.ac.nz/maonze/transcript?ag_id=641#ew_0_408691,0.06,60,4.094344562,,
9630,ua,g_645;em_12_67185;n_86395-n_86396;p_145;#=ew_69_202028;prefix=50207-;[0]=ew_0_411673,L2Y01M,L2,155.965,155.905,https://labbcat.canterbury.ac.nz/maonze/transcript?ag_id=645#ew_0_411673,0.06,60,4.094344562,,
9631,ua,g_645;em_12_67196;n_7006048-n_86407;p_145;#=ew_69_202069;prefix=50248-;[0]=ew_0_1109373,L2Y01M,L2,233.635,233.575,https://labbcat.canterbury.ac.nz/maonze/transcript?ag_id=645#ew_0_1109373,0.06,60,4.094344562,,
9691,ua,g_665;em_12_70482;n_89276-n_89277;p_148;#=ew_69_207535;prefix=55521-;[0]=ew_0_421795,L2Y05M,L2,111.936,111.876,https://labbcat.canterbury.ac.nz/maonze/transcript?ag_id=665#ew_0_421795,0.06,60,4.094344562,,
9692,ua,g_665;em_12_70482;n_89276-n_89277;p_148;#=ew_69_207538;prefix=55522-;[0]=ew_0_421799,L2Y05M,L2,113.236,113.176,https://labbcat.canterbury.ac.nz/maonze/transcript?ag_id=665#ew_0_421799,0.06,60,4.094344562,,
9741,ua,g_670;em_12_70670;n_89451-n_89452;p_148;#=ew_69_208524;prefix=56424-;[0]=ew_0_425059,L2Y05M,L2,154.769,154.709,https://labbcat.canterbury.ac.nz/maonze/transcript?ag_id=670#ew_0_425059,0.06,60,4.094344562,,
9752,ua,g_671;em_12_70724;n_89494-n_29567;p_148;#=ew_69_208852;prefix=56653-;[0]=ew_0_426011,L2Y05M,L2,283.424,283.364,https://labbcat.canterbury.ac.nz/maonze/transcript?ag_id=671#ew_0_426011,0.06,60,4.094344562,,
9764,ua,g_77;em_12_5368;n_35463-n_35464;p_37;#=ew_69_160684;prefix=10330-;[0]=ew_0_52501,K005M,PresentElder,92.511,92.451,https://labbcat.canterbury.ac.nz/maonze/transcript?ag_id=77#ew_0_52501,0.06,60,4.094344562,,
9794,ua,g_82;em_12_5637;n_35696-n_35697;p_37;#=ew_69_160484;prefix=10827-;[0]=ew_0_56552,K005M,PresentElder,280.142,280.082,https://labbcat.canterbury.ac.nz/maonze/transcript?ag_id=82#ew_0_56552,0.06,60,4.094344562,,
9809,ua,g_848;em_12_159206;n_5651163-n_5651172;p_167;#=ew_69_170936;prefix=20709-;[0]=ew_0_1217681,L1H01M,L1,197.159,197.099,https://labbcat.canterbury.ac.nz/maonze/transcript?ag_id=848#ew_0_1217681,0.06,60,4.094344562,,
9810,ua,g_848;em_12_159206;n_5651163-n_5651172;p_167;#=ew_69_170938;prefix=20710-;[0]=ew_0_1217658,L1H01M,L1,197.709,197.649,https://labbcat.canterbury.ac.nz/maonze/transcript?ag_id=848#ew_0_1217658,0.06,60,4.094344562,,
9848,ua,g_852;em_12_85633;n_100644-n_100645;p_167;#=ew_69_170898;prefix=21207-;[0]=ew_0_542488,L1H01M,L1,43.985,43.925,https://labbcat.canterbury.ac.nz/maonze/transcript?ag_id=852#ew_0_542488,0.06,60,4.094344562,,
9849,ua,g_852;em_12_85633;n_100644-n_100645;p_167;#=ew_69_170902;prefix=21209-;[0]=ew_0_542491,L1H01M,L1,44.765,44.705,https://labbcat.canterbury.ac.nz/maonze/transcript?ag_id=852#ew_0_542491,0.06,60,4.094344562,,
9863,ua,g_857;em_12_86057;n_101041-n_101042;p_167;#=ew_69_172602;prefix=22100-;[0]=ew_0_545886,L1H01M,L1,243.619,243.559,https://labbcat.canterbury.ac.nz/maonze/transcript?ag_id=857#ew_0_545886,0.06,60,4.094344562,,
9864,ua,g_858;em_12_86105;n_101084-n_101085;p_167;#=ew_69_172193;prefix=22182-;[0]=ew_0_546183,L1H01M,L1,120.892,120.832,https://labbcat.canterbury.ac.nz/maonze/transcript?ag_id=858#ew_0_546183,0.06,60,4.094344562,,
9869,ua,g_86;em_12_160569;n_5958131-n_5958140;p_37;#=ew_69_161437;prefix=11427-;[0]=ew_0_1236637,K005M,PresentElder,201.462,201.402,https://labbcat.canterbury.ac.nz/maonze/transcript?ag_id=86#ew_0_1236637,0.06,60,4.094344562,,
9901,ua,g_863;em_12_86436;n_101333-n_101334;p_168;#=ew_69_173003;prefix=22929-;[0]=ew_0_548762,L1H02M,L1,148.612,148.552,https://labbcat.canterbury.ac.nz/maonze/transcript?ag_id=863#ew_0_548762,0.06,60,4.094344562,,
9903,ua,g_864;em_12_159482;n_5655817-n_5655820;p_168;#=ew_69_173734;prefix=23170-;[0]=ew_0_1219889,L1H02M,L1,136.547,136.487,https://labbcat.canterbury.ac.nz/maonze/transcript?ag_id=864#ew_0_1219889,0.06,60,4.094344562,,
10046,ua,g_884;em_12_87912;n_102312-n_102313;p_169;#=ew_69_175645;prefix=25355-;[0]=ew_0_558805,L1H03M,L1,101.95,101.89,https://labbcat.canterbury.ac.nz/maonze/transcript?ag_id=884#ew_0_558805,0.06,60,4.094344562,,
10062,ua,g_891;em_12_88310;n_102588-n_102589;p_174;#=ew_69_178907;prefix=28837-;[0]=ew_0_561619,L1H05M,L1,78.955,78.895,https://labbcat.canterbury.ac.nz/maonze/transcript?ag_id=891#ew_0_561619,0.06,60,4.094344562,,
10065,ua,g_892;em_12_88360;n_102631-n_102632;p_174;#=ew_69_179450;prefix=28711-;[0]=ew_0_562162,L1H05M,L1,130.709,130.649,https://labbcat.canterbury.ac.nz/maonze/transcript?ag_id=892#ew_0_562162,0.06,60,4.094344562,,
10066,ua,g_892;em_12_88360;n_102631-n_102632;p_174;#=ew_69_179466;prefix=28716-;[0]=ew_0_562173,L1H05M,L1,133.079,133.019,https://labbcat.canterbury.ac.nz/maonze/transcript?ag_id=892#ew_0_562173,0.06,60,4.094344562,,
10078,ua,g_893;em_12_88433;n_102697-n_29789;p_174;#=ew_69_179682;prefix=28618-;[0]=ew_0_563068,L1H05M,L1,236.862,236.802,https://labbcat.canterbury.ac.nz/maonze/transcript?ag_id=893#ew_0_563068,0.06,60,4.094344562,,
10082,ua,g_894;em_12_88474;n_102730-n_102731;p_174;#=ew_69_179458;prefix=28406-;[0]=ew_0_563558,L1H05M,L1,191.712,191.652,https://labbcat.canterbury.ac.nz/maonze/transcript?ag_id=894#ew_0_563558,0.06,60,4.094344562,,
10117,ua,g_898;em_12_88673;n_102898-n_102899;p_174;#=ew_69_178693;prefix=27685-;[0]=ew_0_565904,L1H05M,L1,151.117,151.057,https://labbcat.canterbury.ac.nz/maonze/transcript?ag_id=898#ew_0_565904,0.06,60,4.094344562,,
10143,ua,g_902;em_12_88913;n_103087-n_15435;p_173;#=ew_69_177491;prefix=26989-;[0]=ew_0_567699,L1H04M,L1,152.168,152.108,https://labbcat.canterbury.ac.nz/maonze/transcript?ag_id=902#ew_0_567699,0.06,60,4.094344562,,
10149,ua,g_902;em_12_88927;n_103099-n_103100;p_173;#=ew_69_177536;prefix=27018-;[0]=ew_0_567809,L1H04M,L1,199.998,199.938,https://labbcat.canterbury.ac.nz/maonze/transcript?ag_id=902#ew_0_567809,0.06,60,4.094344562,,
10177,ua,g_907;em_12_89156;n_103250-n_6967166;p_173;#=ew_69_177404;prefix=26594-;[0]=ew_0_570257,L1H04M,L1,124.78,124.72,https://labbcat.canterbury.ac.nz/maonze/transcript?ag_id=907#ew_0_570257,0.06,60,4.094344562,,
10186,ua,g_908;em_12_89174;n_15519-n_15520;p_173;#=ew_69_176957;prefix=26421-;[0]=ew_0_570529,L1H04M,L1,17.911,17.851,https://labbcat.canterbury.ac.nz/maonze/transcript?ag_id=908#ew_0_570529,0.06,60,4.094344562,,
10202,ua,g_909;em_12_89240;n_103278-n_103279;p_173;#=ew_69_176334;prefix=26355-;[0]=ew_0_571317,L1H04M,L1,144.949,144.889,https://labbcat.canterbury.ac.nz/maonze/transcript?ag_id=909#ew_0_571317,0.06,60,4.094344562,,
10224,ua,g_912;em_12_89324;n_15613-n_103316;p_173;#=ew_69_176477;prefix=25966-;[0]=ew_0_572574,L1H04M,L1,21.108,21.048,https://labbcat.canterbury.ac.nz/maonze/transcript?ag_id=912#ew_0_572574,0.06,60,4.094344562,,
10258,ua,g_926;em_12_90243;n_104063-n_104064;p_179;#=ew_69_217503;prefix=64553-;[0]=ew_0_579870,R001M,PresentElder,151.369,151.309,https://labbcat.canterbury.ac.nz/maonze/transcript?ag_id=926#ew_0_579870,0.06,60,4.094344562,,
10259,ua,g_926;em_12_90243;n_104063-n_104064;p_179;#=ew_69_217505;prefix=64555-;[0]=ew_0_579876,R001M,PresentElder,153.019,152.959,https://labbcat.canterbury.ac.nz/maonze/transcript?ag_id=926#ew_0_579876,0.06,60,4.094344562,,
10260,ua,g_927;em_12_90309;n_104128-n_104129;p_179;#=ew_69_217203;prefix=64674-;[0]=ew_0_580304,R001M,PresentElder,73.23,73.17,https://labbcat.canterbury.ac.nz/maonze/transcript?ag_id=927#ew_0_580304,0.06,60,4.094344562,,
10288,ua,g_928;em_12_90509;n_104327-n_104328;p_179;#=ew_69_218150;prefix=65083-;[0]=ew_0_581573,R001M,PresentElder,400.675,400.615,https://labbcat.canterbury.ac.nz/maonze/transcript?ag_id=928#ew_0_581573,0.06,60,4.094344562,,
10315,ua,g_936;em_12_91001;n_104787-n_104788;p_179;#=ew_69_218511;prefix=65801-;[0]=ew_0_584268,R001M,PresentElder,208.582,208.522,https://labbcat.canterbury.ac.nz/maonze/transcript?ag_id=936#ew_0_584268,0.06,60,4.094344562,,
10318,ua,g_937;em_12_91029;n_104814-n_104815;p_179;#=ew_69_218516;prefix=65854-;[0]=ew_0_584465,R001M,PresentElder,45.581,45.521,https://labbcat.canterbury.ac.nz/maonze/transcript?ag_id=937#ew_0_584465,0.06,60,4.094344562,,
10334,ua,g_938;em_12_91168;n_104942-n_104943;p_179;#=ew_69_218922;prefix=66155-;[0]=ew_0_585528,R001M,PresentElder,201.311,201.251,https://labbcat.canterbury.ac.nz/maonze/transcript?ag_id=938#ew_0_585528,0.06,60,4.094344562,,
10337,ua,g_938;em_12_91172;n_104946-n_104947;p_179;#=ew_69_218936;prefix=66169-;[0]=ew_0_585562,R001M,PresentElder,214.821,214.761,https://labbcat.canterbury.ac.nz/maonze/transcript?ag_id=938#ew_0_585562,0.06,60,4.094344562,,
10342,ua,g_939;em_12_91197;n_104970-n_104971;p_179;#=ew_69_218996;prefix=66224-;[0]=ew_0_585743,R001M,PresentElder,36.567,36.507,https://labbcat.canterbury.ac.nz/maonze/transcript?ag_id=939#ew_0_585743,0.06,60,4.094344562,,
10346,ua,g_940;em_12_91271;n_105029-n_105030;p_179;#=ew_69_219181;prefix=66380-;[0]=ew_0_586308,R001M,PresentElder,22.69,22.63,https://labbcat.canterbury.ac.nz/maonze/transcript?ag_id=940#ew_0_586308,0.06,60,4.094344562,,
10347,ua,g_940;em_12_91273;n_105031-n_105032;p_179;#=ew_69_219191;prefix=66390-;[0]=ew_0_586333,R001M,PresentElder,33.283,33.223,https://labbcat.canterbury.ac.nz/maonze/transcript?ag_id=940#ew_0_586333,0.06,60,4.094344562,,
10348,ua,g_940;em_12_91283;n_105035-n_105036;p_179;#=ew_69_219206;prefix=66405-;[0]=ew_0_586407,R001M,PresentElder,54.429,54.369,https://labbcat.canterbury.ac.nz/maonze/transcript?ag_id=940#ew_0_586407,0.06,60,4.094344562,,
10350,ua,g_940;em_12_91295;n_105047-n_105048;p_179;#=ew_69_219232;prefix=66430-;[0]=ew_0_586514,R001M,PresentElder,98.65,98.59,https://labbcat.canterbury.ac.nz/maonze/transcript?ag_id=940#ew_0_586514,0.06,60,4.094344562,,
10361,ua,g_941;em_12_91363;n_105086-n_105087;p_179;#=ew_69_219680;prefix=66581-;[0]=ew_0_587062,R001M,PresentElder,54.07,54.01,https://labbcat.canterbury.ac.nz/maonze/transcript?ag_id=941#ew_0_587062,0.06,60,4.094344562,,
10363,ua,g_941;em_12_91372;n_105095-n_15882;p_179;#=ew_69_219707;prefix=66607-;[0]=ew_0_587137,R001M,PresentElder,83.424,83.364,https://labbcat.canterbury.ac.nz/maonze/transcript?ag_id=941#ew_0_587137,0.06,60,4.094344562,,
10376,ua,g_942;em_12_91460;n_15904-n_105161;p_179;#=ew_69_219453;prefix=66797-;[0]=ew_0_587777,R001M,PresentElder,124.452,124.392,https://labbcat.canterbury.ac.nz/maonze/transcript?ag_id=942#ew_0_587777,0.06,60,4.094344562,,
10378,ua,g_942;em_12_91462;n_105162-n_105163;p_179;#=ew_69_219460;prefix=66804-;[0]=ew_0_587803,R001M,PresentElder,132.83,132.77,https://labbcat.canterbury.ac.nz/maonze/transcript?ag_id=942#ew_0_587803,0.06,60,4.094344562,,
10380,ua,g_942;em_12_91464;n_105164-n_105165;p_179;#=ew_69_219467;prefix=66811-;[0]=ew_0_587820,R001M,PresentElder,139.543,139.483,https://labbcat.canterbury.ac.nz/maonze/transcript?ag_id=942#ew_0_587820,0.06,60,4.094344562,,
10443,ua,g_954;em_12_91971;n_105592-n_105593;p_181;#=ew_69_221319;prefix=68094-;[0]=ew_0_593734,R002M,PresentElder,112.708,112.648,https://labbcat.canterbury.ac.nz/maonze/transcript?ag_id=954#ew_0_593734,0.06,60,4.094344562,,
10451,ua,g_956;em_12_92038;n_105653-n_105654;p_181;#=ew_69_220952;prefix=68408-;[0]=ew_0_594748,R002M,PresentElder,29.486,29.426,https://labbcat.canterbury.ac.nz/maonze/transcript?ag_id=956#ew_0_594748,0.06,60,4.094344562,,
10488,ua,g_962;em_12_92390;n_105928-n_16067;p_183;#=ew_69_222442;prefix=69435-;[0]=ew_0_597898,R003M,PresentElder,143.065,143.005,https://labbcat.canterbury.ac.nz/maonze/transcript?ag_id=962#ew_0_597898,0.06,60,4.094344562,,
10490,ua,g_962;em_12_92410;n_6578885-n_16075;p_183;#=ew_69_222569;prefix=69495-;[0]=ew_0_598106,R003M,PresentElder,219.779,219.719,https://labbcat.canterbury.ac.nz/maonze/transcript?ag_id=962#ew_0_598106,0.06,60,4.094344562,,
10507,ua,g_964;em_12_92572;n_106038-n_106039;p_183;#=ew_69_223162;prefix=69807-;[0]=ew_0_599483,R003M,PresentElder,254.368,254.308,https://labbcat.canterbury.ac.nz/maonze/transcript?ag_id=964#ew_0_599483,0.06,60,4.094344562,,
10568,ua,g_974;em_12_93160;n_106490-n_106491;p_184;#=ew_69_224269;prefix=71083-;[0]=ew_0_604325,R004M,PresentElder,136.324,136.264,https://labbcat.canterbury.ac.nz/maonze/transcript?ag_id=974#ew_0_604325,0.06,60,4.094344562,,
10592,ua,g_979;em_12_93585;n_16451-n_106739;p_184;#=ew_69_224967;prefix=71888-;[0]=ew_0_607310,R004M,PresentElder,137.331,137.271,https://labbcat.canterbury.ac.nz/maonze/transcript?ag_id=979#ew_0_607310,0.06,60,4.094344562,,
10606,ua,g_982;em_12_93737;n_106843-n_106844;p_184;#=ew_69_225328;prefix=72184-;[0]=ew_0_608620,R004M,PresentElder,84.86,84.8,https://labbcat.canterbury.ac.nz/maonze/transcript?ag_id=982#ew_0_608620,0.06,60,4.094344562,,
10628,ua,g_985;em_12_93857;n_106943-n_106944;p_182;#=ew_69_226229;prefix=72665-;[0]=ew_0_609866,R005M,PresentElder,153.54,153.48,https://labbcat.canterbury.ac.nz/maonze/transcript?ag_id=985#ew_0_609866,0.06,60,4.094344562,,
10641,ua,g_986;em_12_93905;n_106984-n_106985;p_182;#=ew_69_226381;prefix=72881-;[0]=ew_0_610485,R005M,PresentElder,176.665,176.605,https://labbcat.canterbury.ac.nz/maonze/transcript?ag_id=986#ew_0_610485,0.06,60,4.094344562,,
10657,ua,g_989;em_12_150921;n_4619404-n_4619408;p_182;#=ew_69_225820;prefix=73278-;[0]=ew_0_1127791,R005M,PresentElder,63.426,63.366,https://labbcat.canterbury.ac.nz/maonze/transcript?ag_id=989#ew_0_1127791,0.06,60,4.094344562,,
10678,ua,g_990;em_12_94059;n_107114-n_107115;p_182;#=ew_69_226804;prefix=73433-;[0]=ew_0_612307,R005M,PresentElder,69.687,69.627,https://labbcat.canterbury.ac.nz/maonze/transcript?ag_id=990#ew_0_612307,0.06,60,4.094344562,,
10691,ua,g_991;em_12_94124;n_107169-n_107170;p_182;#=ew_69_226834;prefix=73674-;[0]=ew_0_613109,R005M,PresentElder,231.794,231.734,https://labbcat.canterbury.ac.nz/maonze/transcript?ag_id=991#ew_0_613109,0.06,60,4.094344562,,
97,ea,g_103;em_12_7134;n_36976-n_6285769;p_41;#=ew_69_164292;prefix=13953-;[0]=ew_0_70726,K007M,PresentElder,12.49,12.43,https://labbcat.canterbury.ac.nz/maonze/transcript?ag_id=103#ew_0_70726,0.06,60,4.094344562,,
259,ea,g_1086;em_12_100371;n_111472-n_111473;p_208;#=ew_69_247343;prefix=93154-;[0]=ew_0_667581,WU07M,Historical,9.874,9.814,https://labbcat.canterbury.ac.nz/maonze/transcript?ag_id=1086#ew_0_667581,0.06,60,4.094344562,,
1477,ea,g_340;em_12_33452;n_6017-n_57671;p_85;#=ew_69_185592;prefix=34754-;[0]=ew_0_223630,L1Y02M,L1,13.614,13.554,https://labbcat.canterbury.ac.nz/maonze/transcript?ag_id=340#ew_0_223630,0.06,60,4.094344562,,
2698,ea,g_971;em_12_92916;n_106292-n_106293;p_184;#=ew_69_223492;prefix=70497-;[0]=ew_0_602339,R004M,PresentElder,6.913,6.853,https://labbcat.canterbury.ac.nz/maonze/transcript?ag_id=971#ew_0_602339,0.06,60,4.094344562,,
3128,ia,g_109;em_12_7469;n_37270-n_37271;p_41;#=ew_69_165101;prefix=15126-;[0]=ew_0_75080,K007M,PresentElder,5.357,5.297,https://labbcat.canterbury.ac.nz/maonze/transcript?ag_id=109#ew_0_75080,0.06,60,4.094344562,,
5233,oa,g_132;em_12_8923;n_38402-n_38403;p_284;#=ew_69_209128;prefix=56896-;[0]=ew_0_86206,MU01M,Historical,13.96,13.9,https://labbcat.canterbury.ac.nz/maonze/transcript?ag_id=132#ew_0_86206,0.06,60,4.094344562,,
6870,ua,g_1034;em_12_96577;n_108888-n_108889;p_190;#=ew_69_233934;prefix=80645-;[0]=ew_0_637513,R009M,PresentElder,11.268,11.208,https://labbcat.canterbury.ac.nz/maonze/transcript?ag_id=1034#ew_0_637513,0.06,60,4.094344562,,
7153,ua,g_1086;em_12_100372;n_111473-n_111474;p_208;#=ew_69_247344;prefix=93155-;[0]=ew_0_667582,WU07M,Historical,10.468,10.408,https://labbcat.canterbury.ac.nz/maonze/transcript?ag_id=1086#ew_0_667582,0.06,60,4.094344562,,
7440,ua,g_136;em_12_9529;n_1108-n_39004;p_284;#=ew_69_208928;prefix=57496-;[0]=ew_0_1114187,MU01M,Historical,6.075,6.015,https://labbcat.canterbury.ac.nz/maonze/transcript?ag_id=136#ew_0_1114187,0.06,60,4.094344562,,
8528,ua,g_23;em_12_1887;n_32503-n_32504;p_19;#=ew_69_152976;prefix=04292-;[0]=ew_0_16120,K002M,PresentElder,9.801,9.741,https://labbcat.canterbury.ac.nz/maonze/transcript?ag_id=23#ew_0_16120,0.06,60,4.094344562,,
8823,ua,g_365;em_12_35201;n_59041-n_59042;p_92;#=ew_69_212746;prefix=59920-;[0]=ew_0_1116692,MU04M,Historical,8.368,8.308,https://labbcat.canterbury.ac.nz/maonze/transcript?ag_id=365#ew_0_1116692,0.06,60,4.094344562,,
10136,ua,g_901;em_12_88817;n_103029-n_103030;p_173;#=ew_69_177066;prefix=26832-;[0]=ew_0_566970,L1H04M,L1,11.148,11.088,https://labbcat.canterbury.ac.nz/maonze/transcript?ag_id=901#ew_0_566970,0.06,60,4.094344562,,
10162,ua,g_905;em_12_89015;n_103176-n_103177;p_173;#=ew_69_177062;prefix=26732-;[0]=ew_0_568995,L1H04M,L1,7.557,7.497,https://labbcat.canterbury.ac.nz/maonze/transcript?ag_id=905#ew_0_568995,0.06,60,4.094344562,,
10516,ua,g_966;em_12_92632;n_106083-n_106084;p_183;#=ew_69_222638;prefix=69935-;[0]=ew_0_600019,R003M,PresentElder,10.39,10.33,https://labbcat.canterbury.ac.nz/maonze/transcript?ag_id=966#ew_0_600019,0.06,60,4.094344562,,
8463,ua,g_1943;em_12_165654;n_6845687-n_6845698;p_19;#=ew_69_151781;prefix=02556-;[0]=ew_0_1296318,K002M,PresentElder,0.61,0.55,https://labbcat.canterbury.ac.nz/maonze/transcript?ag_id=1943#ew_0_1296318,0.06,60,4.094344562,,
429,ea,g_1240;em_12_111462;n_21690-n_5825965;p_249;#=ew_69_181082;prefix=30340-;[0]=ew_0_745111,L1H06M,L1,4.17,4.11,https://labbcat.canterbury.ac.nz/maonze/transcript?ag_id=1240#ew_0_745111,0.06,60,4.094344562,,
4263,ia,g_58;em_12_162187;n_6217223-n_6217233;p_32;#=ew_69_159602;prefix=09419-;[0]=ew_0_1262172,K004M,PresentElder,6.459,6.399,https://labbcat.canterbury.ac.nz/maonze/transcript?ag_id=58#ew_0_1262172,0.06,60,4.094344562,,
8288,ua,g_1898;em_12_156021;n_5274679-n_5274700;p_333;#=ew_69_238152;prefix=84877-;[0]=ew_0_1183154,R012M,PresentElder,7.653,7.593,https://labbcat.canterbury.ac.nz/maonze/transcript?ag_id=1898#ew_0_1183154,0.06,60,4.094344562,,
425,ea,g_1239;em_12_160325;n_5826062-n_21626;p_249;#=ew_69_180608;prefix=30242-;[0]=ew_0_1230037,L1H06M,L1,28.979,28.919,https://labbcat.canterbury.ac.nz/maonze/transcript?ag_id=1239#ew_0_1230037,0.06,60,4.094344562,,
758,ea,g_1653;em_12_134099;n_27250-n_136125;p_300;#=ew_69_194571;prefix=43034-;[0]=ew_0_948832,L2H02M,L2,11.415,11.355,https://labbcat.canterbury.ac.nz/maonze/transcript?ag_id=1653#ew_0_948832,0.06,60,4.094344562,,
1677,ea,g_470;em_12_48584;n_70556-n_70557;p_120;#=ew_69_166451;prefix=16484-;[0]=ew_0_303004,K008M,PresentElder,26.314,26.254,https://labbcat.canterbury.ac.nz/maonze/transcript?ag_id=470#ew_0_303004,0.06,60,4.094344562,,
1774,ea,g_5;em_12_148;n_30817-n_30818;p_28;#=ew_69_150855;prefix=01727-;[0]=ew_0_2010,K001M,PresentElder,26.119,26.059,https://labbcat.canterbury.ac.nz/maonze/transcript?ag_id=5#ew_0_2010,0.06,60,4.094344562,,
2030,ea,g_632;em_12_66074;n_85534-n_85535;p_143;#=ew_69_203136;prefix=51446-;[0]=ew_0_401405,L2Y02M,L2,20.927,20.867,https://labbcat.canterbury.ac.nz/maonze/transcript?ag_id=632#ew_0_401405,0.06,60,4.094344562,,
2686,ea,g_97;em_12_162843;n_6281814-n_6281924;p_41;#=ew_69_163022;prefix=12614-;[0]=ew_0_1271100,K007M,PresentElder,28.066,28.006,https://labbcat.canterbury.ac.nz/maonze/transcript?ag_id=97#ew_0_1271100,0.06,60,4.094344562,,
2908,ia,g_1023;em_12_96096;n_108560-n_108561;p_190;#=ew_69_232557;prefix=78889-;[0]=ew_0_630494,R009M,PresentElder,29.567,29.507,https://labbcat.canterbury.ac.nz/maonze/transcript?ag_id=1023#ew_0_630494,0.06,60,4.094344562,,
3094,ia,g_1084;em_12_100266;n_111375-n_111376;p_208;#=ew_69_246445;prefix=92928-;[0]=ew_0_666601,WU07M,Historical,19.52,19.46,https://labbcat.canterbury.ac.nz/maonze/transcript?ag_id=1084#ew_0_666601,0.06,60,4.094344562,,
3143,ia,g_115;em_12_8219;n_37778-n_37779;p_43;#=ew_69_211157;prefix=59346-;[0]=ew_0_79681,MU02M,Historical,13.633,13.573,https://labbcat.canterbury.ac.nz/maonze/transcript?ag_id=115#ew_0_79681,0.06,60,4.094344562,,
3153,ia,g_116;em_12_8321;n_37879-n_37880;p_43;#=ew_69_211871;prefix=58965-;[0]=ew_0_80610,MU02M,Historical,31.017,30.957,https://labbcat.canterbury.ac.nz/maonze/transcript?ag_id=116#ew_0_80610,0.06,60,4.094344562,,
5681,oa,g_1901;em_12_156309;n_5278622-n_5277678;p_333;#=ew_69_239035;prefix=85190-;[0]=ew_0_1185576,R012M,PresentElder,15.738,15.678,https://labbcat.canterbury.ac.nz/maonze/transcript?ag_id=1901#ew_0_1185576,0.06,60,4.094344562,,
6091,oa,g_482;em_12_49386;n_71276-n_71277;p_121;#=ew_69_168799;prefix=18485-;[0]=ew_0_309795,K009M,PresentElder,17.121,17.061,https://labbcat.canterbury.ac.nz/maonze/transcript?ag_id=482#ew_0_309795,0.06,60,4.094344562,,
6769,ua,g_1019;em_12_95961;n_17062-n_17063;p_188;#=ew_69_230265;prefix=77266-;[0]=ew_0_628763,R007M,PresentElder,13.556,13.496,https://labbcat.canterbury.ac.nz/maonze/transcript?ag_id=1019#ew_0_628763,0.06,60,4.094344562,,
6869,ua,g_1034;em_12_96576;n_108887-n_108888;p_190;#=ew_69_233923;prefix=80642-;[0]=ew_0_637508,R009M,PresentElder,9.213,9.153,https://labbcat.canterbury.ac.nz/maonze/transcript?ag_id=1034#ew_0_637508,0.06,60,4.094344562,,
6979,ua,g_1047;em_12_97499;n_109426-n_109427;p_193;#=ew_69_236413;prefix=82809-;[0]=ew_0_646617,R010M,PresentElder,17.775,17.715,https://labbcat.canterbury.ac.nz/maonze/transcript?ag_id=1047#ew_0_646617,0.06,60,4.094344562,,
8259,ua,g_1888;em_12_155417;n_5263288-n_5263307;p_334;#=ew_69_237640;prefix=83899-;[0]=ew_0_1174502,R011M,PresentElder,11.713,11.653,https://labbcat.canterbury.ac.nz/maonze/transcript?ag_id=1888#ew_0_1174502,0.06,60,4.094344562,,
8540,ua,g_25;em_12_2093;n_32707-n_32708;p_19;#=ew_69_153927;prefix=04832-;[0]=ew_0_17793,K002M,PresentElder,27.689,27.629,https://labbcat.canterbury.ac.nz/maonze/transcript?ag_id=25#ew_0_17793,0.06,60,4.094344562,,
8878,ua,g_375;em_12_36864;n_60671-n_60672;p_92;#=ew_69_213231;prefix=61482-;[0]=ew_0_242529,MU04M,Historical,9.363,9.303,https://labbcat.canterbury.ac.nz/maonze/transcript?ag_id=375#ew_0_242529,0.06,60,4.094344562,,
8977,ua,g_451;em_12_46635;n_69099-n_69100;p_110;#=ew_69_156282;prefix=06953-;[0]=ew_0_291659,K003M,PresentElder,21.656,21.596,https://labbcat.canterbury.ac.nz/maonze/transcript?ag_id=451#ew_0_291659,0.06,60,4.094344562,,
9026,ua,g_462;em_12_47605;n_7936-n_69728;p_112;#=ew_69_162275;prefix=12366-;[0]=ew_0_1329061,K006M,PresentElder,29.622,29.562,https://labbcat.canterbury.ac.nz/maonze/transcript?ag_id=462#ew_0_1329061,0.06,60,4.094344562,,
9038,ua,g_466;em_12_48025;n_70058-n_6953416;p_120;#=ew_69_165453;prefix=15905-;[0]=ew_0_300375,K008M,PresentElder,30.055,29.995,https://labbcat.canterbury.ac.nz/maonze/transcript?ag_id=466#ew_0_300375,0.06,60,4.094344562,,
9399,ua,g_614;em_12_64856;n_84420-n_84421;p_142;#=ew_69_181893;prefix=31474-;[0]=ew_0_390720,L1Y01M,L1,28.447,28.387,https://labbcat.canterbury.ac.nz/maonze/transcript?ag_id=614#ew_0_390720,0.06,60,4.094344562,,
9425,ua,g_618;em_12_65032;n_84590-n_84591;p_142;#=ew_69_182680;prefix=31927-;[0]=ew_0_392615,L1Y01M,L1,30.798,30.738,https://labbcat.canterbury.ac.nz/maonze/transcript?ag_id=618#ew_0_392615,0.06,60,4.094344562,,
9510,ua,g_629;em_12_65612;n_85111-n_85112;p_143;#=ew_69_202601;prefix=50655-;[0]=ew_0_1250618,L2Y02M,L2,27.517,27.457,https://labbcat.canterbury.ac.nz/maonze/transcript?ag_id=629#ew_0_1250618,0.06,60,4.094344562,,
10326,ua,g_938;em_12_91113;n_104889-n_104890;p_179;#=ew_69_218625;prefix=66017-;[0]=ew_0_585054,R001M,PresentElder,22.851,22.791,https://labbcat.canterbury.ac.nz/maonze/transcript?ag_id=938#ew_0_585054,0.06,60,4.094344562,,
10676,ua,g_990;em_12_94052;n_107107-n_107108;p_182;#=ew_69_226732;prefix=73400-;[0]=ew_0_612202,R005M,PresentElder,24.468,24.408,https://labbcat.canterbury.ac.nz/maonze/transcript?ag_id=990#ew_0_612202,0.06,60,4.094344562,,
1512,ea,g_368;em_12_35692;n_4458835-n_59521;p_92;#=ew_69_212587;prefix=60407-;[0]=ew_0_1122807,MU04M,Historical,38.144,38.084,https://labbcat.canterbury.ac.nz/maonze/transcript?ag_id=368#ew_0_1122807,0.06,60,4.094344562,,
1859,ea,g_59;em_12_162189;n_6219091-n_6219092;p_32;#=ew_69_159419;prefix=09739-;[0]=ew_0_1263517,K004M,PresentElder,53.336,53.276,https://labbcat.canterbury.ac.nz/maonze/transcript?ag_id=59#ew_0_1263517,0.06,60,4.094344562,,
4503,ia,g_851;em_12_85571;n_100583-n_100584;p_167;#=ew_69_171063;prefix=21076-;[0]=ew_0_541942,L1H01M,L1,61.498,61.438,https://labbcat.canterbury.ac.nz/maonze/transcript?ag_id=851#ew_0_541942,0.06,60,4.094344562,,
4537,ia,g_861;em_12_86272;n_101219-n_101220;p_168;#=ew_69_173119;prefix=22519-;[0]=ew_0_547259,L1H02M,L1,56.333,56.273,https://labbcat.canterbury.ac.nz/maonze/transcript?ag_id=861#ew_0_547259,0.06,60,4.094344562,,
4709,ia,g_928;em_12_90382;n_104200-n_104201;p_179;#=ew_69_217730;prefix=64813-;[0]=ew_0_580724,R001M,PresentElder,37.961,37.901,https://labbcat.canterbury.ac.nz/maonze/transcript?ag_id=928#ew_0_580724,0.06,60,4.094344562,,
5264,oa,g_1384;em_12_118904;n_124400-n_124401;p_262;#=ew_69_248214;prefix=94063-;[0]=ew_0_820534,WU08M,Historical,58.437,58.377,https://labbcat.canterbury.ac.nz/maonze/transcript?ag_id=1384#ew_0_820534,0.06,60,4.094344562,,
5320,oa,g_1521;em_12_126008;n_130052-n_130053;p_284;#=ew_69_210590;prefix=58411-;[0]=ew_0_885569,MU01M,Historical,50.919,50.859,https://labbcat.canterbury.ac.nz/maonze/transcript?ag_id=1521#ew_0_885569,0.06,60,4.094344562,,
5824,oa,g_305;em_12_29736;n_54581-n_6240925;p_81;#=ew_69_186555;prefix=35034-;[0]=ew_0_1265402,L1Y03M,L1,59.022,58.962,https://labbcat.canterbury.ac.nz/maonze/transcript?ag_id=305#ew_0_1265402,0.06,60,4.094344562,,
6930,ua,g_1040;em_12_96985;n_109175-n_109176;p_193;#=ew_69_234739;prefix=81953-;[0]=ew_0_642082,R010M,PresentElder,54.73,54.67,https://labbcat.canterbury.ac.nz/maonze/transcript?ag_id=1040#ew_0_642082,0.06,60,4.094344562,,
7005,ua,g_1052;em_12_97773;n_109600-n_109601;p_203;#=ew_69_241572;prefix=87950-;[0]=ew_0_649348,WU02M,Historical,41.233,41.173,https://labbcat.canterbury.ac.nz/maonze/transcript?ag_id=1052#ew_0_649348,0.06,60,4.094344562,,
7032,ua,g_1072;em_12_99595;n_110809-n_110810;p_206;#=ew_69_245813;prefix=91356-;[0]=ew_0_660319,WU06M,Historical,36.437,36.377,https://labbcat.canterbury.ac.nz/maonze/transcript?ag_id=1072#ew_0_660319,0.06,60,4.094344562,,
7132,ua,g_1083;em_12_100195;n_111323-n_111324;p_208;#=ew_69_246895;prefix=92777-;[0]=ew_0_665985,WU07M,Historical,41.074,41.014,https://labbcat.canterbury.ac.nz/maonze/transcript?ag_id=1083#ew_0_665985,0.06,60,4.094344562,,
7368,ua,g_1238;em_12_160071;n_5825214-n_5825230;p_249;#=ew_69_180468;prefix=30136-;[0]=ew_0_1229479,L1H06M,L1,52.852,52.792,https://labbcat.canterbury.ac.nz/maonze/transcript?ag_id=1238#ew_0_1229479,0.06,60,4.094344562,,
8593,ua,g_307;em_12_160727;n_5999675-n_5999728;p_81;#=ew_69_186338;prefix=35589-;[0]=ew_0_1240100,L1Y03M,L1,46.288,46.228,https://labbcat.canterbury.ac.nz/maonze/transcript?ag_id=307#ew_0_1240100,0.06,60,4.094344562,,
8639,ua,g_317;em_12_30815;n_55451-n_55452;p_89;#=ew_69_187573;prefix=36634-;[0]=ew_0_212481,L1Y04M,L1,40.175,40.115,https://labbcat.canterbury.ac.nz/maonze/transcript?ag_id=317#ew_0_212481,0.06,60,4.094344562,,
8666,ua,g_322;em_12_148681;n_3841516-n_56360;p_89;#=ew_69_189051;prefix=37415-;[0]=ew_0_1095897,L1Y04M,L1,56.757,56.697,https://labbcat.canterbury.ac.nz/maonze/transcript?ag_id=322#ew_0_1095897,0.06,60,4.094344562,,
8682,ua,g_323;em_12_32128;n_56629-n_56631;p_89;#=ew_69_188837;prefix=37630-;[0]=ew_0_216577,L1Y04M,L1,50.955,50.895,https://labbcat.canterbury.ac.nz/maonze/transcript?ag_id=323#ew_0_216577,0.06,60,4.094344562,,
8847,ua,g_368;em_12_150353;n_59543-n_4465187;p_92;#=ew_69_212606;prefix=60424-;[0]=ew_0_1122847,MU04M,Historical,62.73,62.67,https://labbcat.canterbury.ac.nz/maonze/transcript?ag_id=368#ew_0_1122847,0.06,60,4.094344562,,
8894,ua,g_383;em_12_38501;n_62299-n_62300;p_95;#=ew_69_214954;prefix=62157-;[0]=ew_0_246301,MU06M,Historical,63.693,63.633,https://labbcat.canterbury.ac.nz/maonze/transcript?ag_id=383#ew_0_246301,0.06,60,4.094344562,,
8988,ua,g_453;em_12_161370;n_6123851-n_6123920;p_110;#=ew_69_156957;prefix=07621-;[0]=ew_0_1253769,K003M,PresentElder,44.15,44.09,https://labbcat.canterbury.ac.nz/maonze/transcript?ag_id=453#ew_0_1253769,0.06,60,4.094344562,,
9214,ua,g_52;em_12_3728;n_34061-n_34062;p_32;#=ew_69_157810;prefix=08023-;[0]=ew_0_34188,K004M,PresentElder,43.352,43.292,https://labbcat.canterbury.ac.nz/maonze/transcript?ag_id=52#ew_0_34188,0.06,60,4.094344562,,
9216,ua,g_52;em_12_3730;n_34063-n_34064;p_32;#=ew_69_157840;prefix=08036-;[0]=ew_0_34224,K004M,PresentElder,57.885,57.825,https://labbcat.canterbury.ac.nz/maonze/transcript?ag_id=52#ew_0_34224,0.06,60,4.094344562,,
9412,ua,g_615;em_12_64905;n_84468-n_84469;p_142;#=ew_69_182493;prefix=31597-;[0]=ew_0_391198,L1Y01M,L1,33.806,33.746,https://labbcat.canterbury.ac.nz/maonze/transcript?ag_id=615#ew_0_391198,0.06,60,4.094344562,,
9422,ua,g_617;em_12_64993;n_84552-n_84553;p_142;#=ew_69_182836;prefix=31812-;[0]=ew_0_392127,L1Y01M,L1,34.431,34.371,https://labbcat.canterbury.ac.nz/maonze/transcript?ag_id=617#ew_0_392127,0.06,60,4.094344562,,
10251,ua,g_916;em_12_89444;n_15681-n_15682;p_173;#=ew_69_176144;prefix=25722-;[0]=ew_0_574275,L1H04M,L1,53.391,53.331,https://labbcat.canterbury.ac.nz/maonze/transcript?ag_id=916#ew_0_574275,0.06,60,4.094344562,,
10343,ua,g_939;em_12_91198;n_104971-n_104972;p_179;#=ew_69_219004;prefix=66231-;[0]=ew_0_585758,R001M,PresentElder,41.705,41.645,https://labbcat.canterbury.ac.nz/maonze/transcript?ag_id=939#ew_0_585758,0.06,60,4.094344562,,
274,ea,g_109;em_12_7492;n_37287-n_793;p_41;#=ew_69_165156;prefix=15178-;[0]=ew_0_75258,K007M,PresentElder,64.237,64.177,https://labbcat.canterbury.ac.nz/maonze/transcript?ag_id=109#ew_0_75258,0.06,60,4.094344562,,
323,ea,g_12;em_12_903;n_31539-n_31540;p_28;#=ew_69_149484;prefix=00078-;[0]=ew_0_7982,K001M,PresentElder,95.344,95.284,https://labbcat.canterbury.ac.nz/maonze/transcript?ag_id=12#ew_0_7982,0.06,60,4.094344562,,
2350,ea,g_868;em_12_86846;n_101617-n_101618;p_168;#=ew_69_174115;prefix=23788-;[0]=ew_0_552060,L1H02M,L1,111.853,111.793,https://labbcat.canterbury.ac.nz/maonze/transcript?ag_id=868#ew_0_552060,0.06,60,4.094344562,,
3076,ia,g_1079;em_12_99970;n_111144-n_18357;p_208;#=ew_69_246057;prefix=92245-;[0]=ew_0_663931,WU07M,Historical,112.993,112.933,https://labbcat.canterbury.ac.nz/maonze/transcript?ag_id=1079#ew_0_663931,0.06,60,4.094344562,,
3125,ia,g_1089;em_12_100561;n_18464-n_111627;p_208;#=ew_69_247774;prefix=93578-;[0]=ew_0_669364,WU07M,Historical,102.24,102.18,https://labbcat.canterbury.ac.nz/maonze/transcript?ag_id=1089#ew_0_669364,0.06,60,4.094344562,,
3157,ia,g_116;em_12_8334;n_37892-n_37893;p_43;#=ew_69_211915;prefix=59007-;[0]=ew_0_80753,MU02M,Historical,94.231,94.171,https://labbcat.canterbury.ac.nz/maonze/transcript?ag_id=116#ew_0_80753,0.06,60,4.094344562,,
3830,ia,g_24;em_12_2007;n_32622-n_32623;p_19;#=ew_69_154376;prefix=04585-;[0]=ew_0_17062,K002M,PresentElder,121.594,121.534,https://labbcat.canterbury.ac.nz/maonze/transcript?ag_id=24#ew_0_17062,0.06,60,4.094344562,,
3905,ia,g_326;em_12_33004;n_57301-n_57303;p_89;#=ew_69_188642;prefix=38089-;[0]=ew_0_218777,L1Y04M,L1,94.621,94.561,https://labbcat.canterbury.ac.nz/maonze/transcript?ag_id=326#ew_0_218777,0.06,60,4.094344562,,
4289,ia,g_600;em_12_64086;n_83683-n_83684;p_140;#=ew_69_189820;prefix=38808-;[0]=ew_0_382606,L1Y05M,L1,108.24,108.18,https://labbcat.canterbury.ac.nz/maonze/transcript?ag_id=600#ew_0_382606,0.06,60,4.094344562,,
5836,oa,g_309;em_12_160793;n_5999926-n_5999935;p_81;#=ew_69_185954;prefix=35900-;[0]=ew_0_1238766,L1Y03M,L1,109.567,109.507,https://labbcat.canterbury.ac.nz/maonze/transcript?ag_id=309#ew_0_1238766,0.06,60,4.094344562,,
5997,oa,g_377;em_12_37317;n_61121-n_61123;p_94;#=ew_69_214090;prefix=61845-;[0]=ew_0_243638,MU05M,Historical,124.067,124.007,https://labbcat.canterbury.ac.nz/maonze/transcript?ag_id=377#ew_0_243638,0.06,60,4.094344562,,
6155,oa,g_57;em_12_162108;n_6216355-n_6216356;p_32;#=ew_69_158779;prefix=09209-;[0]=ew_0_1261598,K004M,PresentElder,69.597,69.537,https://labbcat.canterbury.ac.nz/maonze/transcript?ag_id=57#ew_0_1261598,0.06,60,4.094344562,,
6361,oa,g_850;em_12_85512;n_100527-n_100528;p_167;#=ew_69_171267;prefix=20950-;[0]=ew_0_541460,L1H01M,L1,86.871,86.811,https://labbcat.canterbury.ac.nz/maonze/transcript?ag_id=850#ew_0_541460,0.06,60,4.094344562,,
7120,ua,g_1082;em_12_100154;n_4699046-n_111289;p_208;#=ew_69_247130;prefix=92686-;[0]=ew_0_665598,WU07M,Historical,128.021,127.961,https://labbcat.canterbury.ac.nz/maonze/transcript?ag_id=1082#ew_0_665598,0.06,60,4.094344562,,
8036,ua,g_1671;em_12_135015;n_136813-n_136808;p_302;#=ew_69_198783;prefix=47033-;[0]=ew_0_957862,L2H04M,L2,86.862,86.802,https://labbcat.canterbury.ac.nz/maonze/transcript?ag_id=1671#ew_0_957862,0.06,60,4.094344562,,
8252,ua,g_1885;em_12_155206;n_6809180-n_5260777;p_334;#=ew_69_237385;prefix=83645-;[0]=ew_0_1172087,R011M,PresentElder,74.85,74.79,https://labbcat.canterbury.ac.nz/maonze/transcript?ag_id=1885#ew_0_1172087,0.06,60,4.094344562,,
8541,ua,g_25;em_12_2121;n_32730-n_32731;p_19;#=ew_69_154039;prefix=04886-;[0]=ew_0_1266646,K002M,PresentElder,112.731,112.671,https://labbcat.canterbury.ac.nz/maonze/transcript?ag_id=25#ew_0_1266646,0.06,60,4.094344562,,
8854,ua,g_369;em_12_35872;n_59698-n_59699;p_92;#=ew_69_213007;prefix=60611-;[0]=ew_0_238187,MU04M,Historical,82.942,82.882,https://labbcat.canterbury.ac.nz/maonze/transcript?ag_id=369#ew_0_238187,0.06,60,4.094344562,,
8991,ua,g_453;em_12_161377;n_6124009-n_6124016;p_110;#=ew_69_156980;prefix=07554-;[0]=ew_0_1253053,K003M,PresentElder,102.335,102.275,https://labbcat.canterbury.ac.nz/maonze/transcript?ag_id=453#ew_0_1253053,0.06,60,4.094344562,,
9185,ua,g_493;em_12_50870;n_72410-n_72411;p_122;#=ew_69_169561;prefix=20029-;[0]=ew_0_317065,K010M,PresentElder,73.243,73.183,https://labbcat.canterbury.ac.nz/maonze/transcript?ag_id=493#ew_0_317065,0.06,60,4.094344562,,
9218,ua,g_52;em_12_3738;n_34071-n_5388431;p_32;#=ew_69_157966;prefix=08090-;[0]=ew_0_1208597,K004M,PresentElder,113.463,113.403,https://labbcat.canterbury.ac.nz/maonze/transcript?ag_id=52#ew_0_1208597,0.06,60,4.094344562,,
9463,ua,g_625;em_12_65311;n_84831-n_84832;p_142;#=ew_69_183234;prefix=32781-;[0]=ew_0_396066,L1Y01M,L1,100.865,100.805,https://labbcat.canterbury.ac.nz/maonze/transcript?ag_id=625#ew_0_396066,0.06,60,4.094344562,,
10236,ua,g_913;em_12_89375;n_103333-n_15647;p_173;#=ew_69_176419;prefix=25899-;[0]=ew_0_573246,L1H04M,L1,83.96,83.9,https://labbcat.canterbury.ac.nz/maonze/transcript?ag_id=913#ew_0_573246,0.06,60,4.094344562,,
10291,ua,g_929;em_12_90549;n_104366-n_104367;p_179;#=ew_69_216980;prefix=65148-;[0]=ew_0_581787,R001M,PresentElder,94.567,94.507,https://labbcat.canterbury.ac.nz/maonze/transcript?ag_id=929#ew_0_581787,0.06,60,4.094344562,,
10584,ua,g_977;em_12_93413;n_16386-n_16387;p_184;#=ew_69_224659;prefix=71548-;[0]=ew_0_605998,R004M,PresentElder,121.442,121.382,https://labbcat.canterbury.ac.nz/maonze/transcript?ag_id=977#ew_0_605998,0.06,60,4.094344562,,
10656,ua,g_988;em_12_93984;n_107050-n_107051;p_182;#=ew_69_225742;prefix=73206-;[0]=ew_0_611468,R005M,PresentElder,127.823,127.763,https://labbcat.canterbury.ac.nz/maonze/transcript?ag_id=988#ew_0_611468,0.06,60,4.094344562,,
203,ea,g_107;em_12_163100;n_6288664-n_6288567;p_41;#=ew_69_164528;prefix=14707-;[0]=ew_0_1271125,K007M,PresentElder,255.539,255.479,https://labbcat.canterbury.ac.nz/maonze/transcript?ag_id=107#ew_0_1271125,0.06,60,4.094344562,,
283,ea,g_109;em_12_7540;n_37315-n_813;p_41;#=ew_69_165295;prefix=15307-;[0]=ew_0_75676,K007M,PresentElder,212.027,211.967,https://labbcat.canterbury.ac.nz/maonze/transcript?ag_id=109#ew_0_75676,0.06,60,4.094344562,,
1364,ea,g_318;em_12_149607;n_3956222-n_3956224;p_89;#=ew_69_187987;prefix=36910-;[0]=ew_0_1109935,L1Y04M,L1,219.515,219.455,https://labbcat.canterbury.ac.nz/maonze/transcript?ag_id=318#ew_0_1109935,0.06,60,4.094344562,,
2481,ea,g_902;em_12_88931;n_103103-n_15437;p_173;#=ew_69_177544;prefix=27024-;[0]=ew_0_567843,L1H04M,L1,214.051,213.991,https://labbcat.canterbury.ac.nz/maonze/transcript?ag_id=902#ew_0_567843,0.06,60,4.094344562,,
2895,ia,g_102;em_12_162970;n_6286062-n_6285832;p_41;#=ew_69_163667;prefix=13877-;[0]=ew_0_1270964,K007M,PresentElder,197.253,197.193,https://labbcat.canterbury.ac.nz/maonze/transcript?ag_id=102#ew_0_1270964,0.06,60,4.094344562,,
3146,ia,g_115;em_12_8256;n_37815-n_37816;p_43;#=ew_69_211228;prefix=59412-;[0]=ew_0_80030,MU02M,Historical,177.17,177.11,https://labbcat.canterbury.ac.nz/maonze/transcript?ag_id=115#ew_0_80030,0.06,60,4.094344562,,
4191,ia,g_490;em_12_50454;n_72089-n_72090;p_122;#=ew_69_170320;prefix=19638-;[0]=ew_0_315149,K010M,PresentElder,158.402,158.342,https://labbcat.canterbury.ac.nz/maonze/transcript?ag_id=490#ew_0_315149,0.06,60,4.094344562,,
4201,ia,g_493;em_12_50956;n_8546-n_72463;p_122;#=ew_69_169643;prefix=20109-;[0]=ew_0_317418,K010M,PresentElder,255.146,255.086,https://labbcat.canterbury.ac.nz/maonze/transcript?ag_id=493#ew_0_317418,0.06,60,4.094344562,,
4809,ia,g_963;em_12_92477;n_6578807-n_16103;p_183;#=ew_69_221922;prefix=69613-;[0]=ew_0_598621,R003M,PresentElder,163.42,163.36,https://labbcat.canterbury.ac.nz/maonze/transcript?ag_id=963#ew_0_598621,0.06,60,4.094344562,,
5798,oa,g_20;em_12_1629;n_32248-n_32249;p_19;#=ew_69_153811;prefix=03657-;[0]=ew_0_14110,K002M,PresentElder,175.039,174.979,https://labbcat.canterbury.ac.nz/maonze/transcript?ag_id=20#ew_0_14110,0.06,60,4.094344562,,
5892,oa,g_324;em_12_148791;n_3842203-n_56981;p_89;#=ew_69_188502;prefix=37898-;[0]=ew_0_1097174,L1Y04M,L1,202.384,202.324,https://labbcat.canterbury.ac.nz/maonze/transcript?ag_id=324#ew_0_1097174,0.06,60,4.094344562,,
6513,oa,g_925;em_12_90168;n_103989-n_103990;p_179;#=ew_69_217141;prefix=64391-;[0]=ew_0_579365,R001M,PresentElder,205.414,205.354,https://labbcat.canterbury.ac.nz/maonze/transcript?ag_id=925#ew_0_579365,0.06,60,4.094344562,,
8181,ua,g_1844;em_12_149243;n_3850879-n_3850894;p_49;#=ew_69_204713;prefix=52933-;[0]=ew_0_1103635,L2Y03M,L2,151.759,151.699,https://labbcat.canterbury.ac.nz/maonze/transcript?ag_id=1844#ew_0_1103635,0.06,60,4.094344562,,
8651,ua,g_319;em_12_31210;n_55823-n_5652;p_89;#=ew_69_187959;prefix=37021-;[0]=ew_0_213888,L1Y04M,L1,162.057,161.997,https://labbcat.canterbury.ac.nz/maonze/transcript?ag_id=319#ew_0_213888,0.06,60,4.094344562,,
8821,ua,g_365;em_12_150197;n_4459307-n_7018828;p_92;#=ew_69_212851;prefix=60021-;[0]=ew_0_1118480,MU04M,Historical,148.259,148.199,https://labbcat.canterbury.ac.nz/maonze/transcript?ag_id=365#ew_0_1118480,0.06,60,4.094344562,,
9055,ua,g_467;em_12_48225;n_70236-n_70237;p_120;#=ew_69_166066;prefix=16127-;[0]=ew_0_1091057,K008M,PresentElder,183.039,182.979,https://labbcat.canterbury.ac.nz/maonze/transcript?ag_id=467#ew_0_1091057,0.06,60,4.094344562,,
10329,ua,g_938;em_12_91159;n_104933-n_104934;p_179;#=ew_69_218877;prefix=66127-;[0]=ew_0_585426,R001M,PresentElder,163.658,163.598,https://labbcat.canterbury.ac.nz/maonze/transcript?ag_id=938#ew_0_585426,0.06,60,4.094344562,,
10332,ua,g_938;em_12_91163;n_104937-n_104938;p_179;#=ew_69_218913;prefix=66146-;[0]=ew_0_585473,R001M,PresentElder,178.015,177.955,https://labbcat.canterbury.ac.nz/maonze/transcript?ag_id=938#ew_0_585473,0.06,60,4.094344562,,
6937,ua,g_1040;em_12_97061;n_109213-n_109214;p_193;#=ew_69_234864;prefix=82059-;[0]=ew_0_642654,R010M,PresentElder,269.155,269.095,https://labbcat.canterbury.ac.nz/maonze/transcript?ag_id=1040#ew_0_642654,0.06,60,4.094344562,forced aligner error,y
3170,ia,g_116;em_12_8446;n_38004-n_38005;p_43;#=ew_69_212204;prefix=59278-;[0]=ew_0_81843,MU02M,Historical,516.174,516.114,https://labbcat.canterbury.ac.nz/maonze/transcript?ag_id=116#ew_0_81843,0.06,60,4.094344562,,
7246,ua,g_116;em_12_8451;n_38009-n_38010;p_43;#=ew_69_212214;prefix=59288-;[0]=ew_0_81900,MU02M,Historical,534.208,534.148,https://labbcat.canterbury.ac.nz/maonze/transcript?ag_id=116#ew_0_81900,0.06,60,4.094344562,,
